##TITLE= Parameter file, TopSpin 4.5.0
##JCAMPDX= 5.0
##DATATYPE= Parameter Values
##NPOINTS= 1	$$ modification sequence number
##ORIGIN= Bruker BioSpin GmbH & Co. KG
##OWNER= c7261113
$$ 2025-03-11 11:06:10.784 +0100  UIBK\c7261113@pc172-c726
$$ Z:/nmr400-ac/data/csat7142/nmr/AKP-OCPF-LP16-4_full/5/pdata/1/clevels
$$ process C:\Bruker\TopSpin4.5.0\prog\mod\xwish3.exe
##$LEVELS= (0..255)
-3157782770.51615 -1896761056.10601 -1139312855.06771 -684342277.876247
-411058605.374041 -246907406.592532 -148307970.282674 -89083006.269086
89083006.269086 148307970.282674 246907406.592532 411058605.374041 684342277.876247
1139312855.06771 1896761056.10601 3157782770.51615 0 0 0 0 0 0 0 0 0 0
0 0 0 0 0 0 0 0 0 0 0 0 0 0 0 0 0 0 0 0 0 0 0 0 0 0 0 0 0 0 0 0 0 0 0 0
0 0 0 0 0 0 0 0 0 0 0 0 0 0 0 0 0 0 0 0 0 0 0 0 0 0 0 0 0 0 0 0 0 0 0 0
0 0 0 0 0 0 0 0 0 0 0 0 0 0 0 0 0 0 0 0 0 0 0 0 0 0 0 0 0 0 0 0 0 0 0 0
0 0 0 0 0 0 0 0 0 0 0 0 0 0 0 0 0 0 0 0 0 0 0 0 0 0 0 0 0 0 0 0 0 0 0 0
0 0 0 0 0 0 0 0 0 0 0 0 0 0 0 0 0 0 0 0 0 0 0 0 0 0 0 0 0 0 0 0 0 0 0 0
0 0 0 0 0 0 0 0 0 0 0 0 0 0 0 0 0 0 0 0 0 0 0 0 0 0 0 0 0 0 0 0 0 0 0 0
0 0 0 0 0 0 0 0 0 0 0 0 0 0
##$LEVSIGN= 3
##$MAXLEV= 8
##$METHOD= 0
##$NEGBASE= -28591.5
##$NEGINCR= 1.8
##$POSBASE= 28591.5
##$POSINCR= 1.8
##END=
