# 2025-03-12 19:31:52 +0100 lukas@MacBookPro.telekom.ip
# TOPSPIN Multiplet Table
# /Users/lukas/Desktop/Studium/Chemie/OC/LAB/Spektren/Tri-Acetyl-Guanosine/3_6-chloroaminopurine/1/pdata/1

1D TopSPIN Multiplet Table

----------------------------------------------------------------------
Number     Shift [Hz]    J [Hz]    M         Connection     Identifier
----------------------------------------------------------------------
     1      3377.9810    0.0000    1             J(1,0)               
     2      2811.4955    0.0000    1             J(2,0)               
     3      2350.7107    5.7633    2             J(3,0)               
     4      1816.2636    5.3431    3             J(4,0)               
     5      1678.6246    2.8416    4             J(5,0)               
     6      1610.6855    0.0000    1             J(6,0)               
     7      1589.8335    0.0000    1             J(7,0)               
     8      1465.1619   30.3374    2             J(8,0)               
     9      1292.7828    0.0000    1             J(9,0)               
    10      1090.7468    7.2041    4            J(10,0)               
    11       771.1631    0.0000    1            J(11,0)               
    12       433.6492    7.2041    3            J(12,0)               
----------------------------------------------------------------------



1D TopSPIN Multiplet Lines Table

--------------------------
Number       Position [Hz]
--------------------------
     1           3377.9810
     2           2811.4955
     3           2353.5924
     4           2347.8291
     5           1821.6067
     6           1816.4037
     7           1810.9206
     8           1682.8870
     9           1679.1649
    10           1678.1643
    11           1674.3621
    12           1610.6855
    13           1589.8335
    14           1480.3306
    15           1449.9932
    16           1292.7828
    17           1101.5530
    18           1094.3088
    19           1087.1047
    20           1079.9405
    21            771.1631
    22            440.8533
    23            433.6492
    24            426.4450
--------------------------
