# 2025-03-12 19:31:52 +0100 lukas@MacBookPro.telekom.ip
# TOPSPIN Multiplet Table
# /Users/lukas/Desktop/Studium/Chemie/OC/LAB/Spektren/Tri-Acetyl-Guanosine/3_6-chloroaminopurine/1/pdata/1

1D TopSPIN Multiplet Table

----------------------------------------------------------------------
Number    Shift [ppm]    J [Hz]    M         Connection     Identifier
----------------------------------------------------------------------
     1         8.4401    0.0000    1             J(1,0)               
     2         7.0247    0.0000    1             J(2,0)               
     3         5.8734    5.7633    2             J(3,0)               
     4         4.5381    5.3431    3             J(4,0)               
     5         4.1942    2.8416    4             J(5,0)               
     6         4.0244    0.0000    1             J(6,0)               
     7         3.9723    0.0000    1             J(7,0)               
     8         3.6608   30.3374    2             J(8,0)               
     9         3.2301    0.0000    1             J(9,0)               
    10         2.7253    7.2041    4            J(10,0)               
    11         1.9268    0.0000    1            J(11,0)               
    12         1.0835    7.2041    3            J(12,0)               
----------------------------------------------------------------------



1D TopSPIN Multiplet Lines Table

--------------------------
Number      Position [ppm]
--------------------------
     1              8.4401
     2              7.0247
     3              5.8806
     4              5.8662
     5              4.5514
     6              4.5384
     7              4.5247
     8              4.2048
     9              4.1955
    10              4.1930
    11              4.1835
    12              4.0244
    13              3.9723
    14              3.6987
    15              3.6229
    16              3.2301
    17              2.7523
    18              2.7342
    19              2.7162
    20              2.6983
    21              1.9268
    22              1.1015
    23              1.0835
    24              1.0655
--------------------------
