0	    0.052193
0.02	0.052323
0.04	0.052694
0.06	0.05246
0.08	0.052701
0.1	    0.052635
0.12	0.052531
0.14	0.052681
0.16	0.052675
0.18	0.052609
0.2	    0.052642
0.22	0.052635
0.24	0.05259
0.26	0.052662
0.28	0.052564
0.3	    0.052381
0.32	0.05244
0.34	0.052316
0.36	0.052336
0.38	0.052342
0.4	    0.052017
0.42	0.052375
0.44	0.052043
0.46	0.052108
0.48	0.052258
0.5	    0.052355
0.52	0.052206
0.54	0.052264
0.56	0.052434
0.58	0.052362
0.6	0.052499
0.62	0.052336
0.64	0.052466
0.66	0.052492
0.68	0.052557
0.7	0.052368
0.72	0.05259
0.74	0.052538
0.76	0.052505
0.78	0.052798
0.8	0.052668
0.82	0.05414
0.84	0.067327
0.86	0.080807
0.88	0.098651
0.9	0.134904
0.92	0.171542
0.94	0.240916
0.96	0.348394
0.98	0.510379
1	0.741666
1.02	1.116333
1.04	1.486174
1.06	1.516248
1.08	1.157191
1.1	0.789577
1.12	0.581876
1.14	0.444013
1.16	0.34896
1.18	0.286013
1.2	0.246022
1.22	0.215962
1.24	0.18835
1.26	0.15896
1.28	0.131876
1.3	0.110112
1.32	0.093825
1.34	0.082149
1.36	0.07253
1.38	0.065432
1.4	0.059167
1.42	0.053892
1.44	0.048832
1.46	0.044261
1.48	0.040464
1.5	0.036446
1.52	0.032715
1.54	0.029211
1.56	0.02632
1.58	0.023923
1.6	0.020999
1.62	0.016877
1.64	0.012318
1.66	0.009492
1.68	0.008431
1.7	0.007675
1.72	0.007447
1.74	0.006848
1.76	0.006796
1.78	0.006496
1.8	0.006243
1.82	0.006229
1.84	0.006138
1.86	0.006067
1.88	0.005962
1.9	0.006099
1.92	0.006047
1.94	0.0058
1.96	0.005923
1.98	0.006015
2	0.005936
2.02	0.00593
2.04	0.005949
2.06	0.006041
2.08	0.006308
2.1	0.006171
2.12	0.006164
2.14	0.006184
2.16	0.00621
2.18	0.006216
2.2	0.006145
2.22	0.006034
2.24	0.00621
2.26	0.005995
2.28	0.005689
2.3	0.005624
2.32	0.005376
2.34	0.005201
2.36	0.005077
2.38	0.004797
2.4	0.004562
2.42	0.004491
2.44	0.004269
2.46	0.004067
2.48	0.003566
2.5	0.003429
2.52	0.002758
2.54	0.002576
2.56	0.002107
2.58	0.001404
2.6	0.00046
2.62	-0.000882
2.64	-0.001416
2.66	-0.00122
2.68	-0.001357
2.7	-0.001377
2.72	-0.001507
2.74	-0.001286
2.76	-0.001286
2.78	-0.001344
2.8	-0.00152
2.82	-0.001396
2.84	-0.001442
2.86	-0.001553
2.88	-0.001435
2.9	-0.001474
2.92	-0.001598
2.94	-0.001657
2.96	-0.00165
2.98	-0.001657
3	-0.001709
3.02	-0.001605
3.04	-0.001657
3.06	-0.001611
3.08	-0.00167
3.1	-0.001624
3.12	-0.001631
3.14	-0.001527
3.16	-0.001442
3.18	-0.001383
3.2	-0.001442
3.22	-0.001377
3.24	-0.001442
3.26	-0.001364
3.28	-0.001468
3.3	-0.001487
3.32	-0.001364
3.34	-0.00139
3.36	-0.001481
3.38	-0.001559
3.4	-0.001611
3.42	-0.001618
3.44	-0.001566
3.46	-0.001494
3.48	-0.001768
3.5	-0.001787
3.52	-0.001709
3.54	-0.001683
3.56	-0.00154
3.58	-0.00165
3.6	-0.00154
3.62	-0.001702
3.64	-0.001546
3.66	-0.001637
3.68	-0.00154
3.7	-0.001448
3.72	-0.001585
3.74	-0.001422
3.76	-0.001514
3.78	-0.001514
3.8	-0.001481
3.82	-0.001579
3.84	-0.001481
3.86	-0.001344
3.88	-0.001403
3.9	-0.001338
3.92	-0.00137
3.94	-0.001435
3.96	-0.001455
3.98	-0.001592
4	-0.001501
4.02	-0.001559
4.04	-0.001409
4.06	-0.001474
4.08	-0.00154
4.1	-0.00167
4.12	-0.001644
4.14	-0.001429
4.16	-0.001572
4.18	-0.001631
4.2	-0.001585
4.22	-0.001507
4.24	-0.001644
4.26	-0.001474
4.28	-0.001455
4.3	-0.001527
4.32	-0.001592
4.34	-0.001448
4.36	-0.001527
4.38	-0.001618
4.4	-0.001435
4.42	-0.001422
4.44	-0.001448
4.46	-0.001527
4.48	-0.001448
4.5	-0.001689
4.52	-0.001514
4.54	-0.001611
4.56	-0.001422
4.58	-0.001494
4.6	-0.001351
4.62	-0.001474
4.64	-0.001325
4.66	-0.001448
4.68	-0.001787
4.7	-0.001468
4.72	-0.001527
4.74	-0.001579
4.76	-0.001474
4.78	-0.00152
4.8	-0.001468
4.82	-0.001579
4.84	-0.001572
4.86	-0.001585
4.88	-0.001553
4.9	-0.001527
4.92	-0.00167
4.94	-0.00154
4.96	-0.001631
4.98	-0.001514
5	-0.001553
5.02	-0.001663
5.04	-0.001618
5.06	-0.001624
5.08	-0.00167
5.1	-0.001715
5.12	-0.001546
5.14	-0.001787
5.16	-0.001735
5.18	-0.001572
5.2	-0.001546
5.22	-0.001507
5.24	-0.001487
5.26	-0.001468
5.28	-0.001514
5.3	-0.001559
5.32	-0.001468
5.34	-0.00139
5.36	-0.001494
5.38	-0.001501
5.4	-0.001279
5.42	-0.001266
5.44	-0.001377
5.46	-0.001494
5.48	-0.001357
5.5	-0.00137
5.52	-0.001435
5.54	-0.001533
5.56	-0.00165
5.58	-0.001637
5.6	-0.001553
5.62	-0.001592
5.64	-0.001683
5.66	-0.001644
5.68	-0.001741
5.7	-0.001624
5.72	-0.001611
5.74	-0.00154
5.76	-0.00165
5.78	-0.001768
5.8	-0.001481
5.82	-0.001487
5.84	-0.00152
5.86	-0.001487
5.88	-0.001618
5.9	-0.001546
5.92	-0.001422
5.94	-0.001461
5.96	-0.001383
5.98	-0.001527
6	-0.00137
6.02	-0.001292
6.04	-0.001383
6.06	-0.001286
6.08	-0.00137
6.1	-0.001318
6.12	-0.001559
6.14	-0.001312
6.16	-0.001468
6.18	-0.001422
6.2	-0.001722
6.22	-0.001442
6.24	-0.00165
6.26	-0.00167
6.28	-0.001657
6.3	-0.00154
6.32	-0.001807
6.34	-0.001611
6.36	-0.001618
6.38	-0.001514
6.4	-0.001474
6.42	-0.001553
6.44	-0.00139
6.46	-0.001507
6.48	-0.001448
6.5	-0.00137
6.52	-0.001357
6.54	-0.001422
6.56	-0.001201
6.58	-0.001071
6.6	-0.00098
6.62	-0.000758
6.64	-0.000739
6.66	-0.000511
6.68	-0.000289
6.7	-0.000328
6.72	-0.000283
6.74	-5.48E-05
6.76	-0.000244
6.78	3.64E-05
6.8	-9.22E-06
6.82	0.000121
6.84	4.94E-05
6.86	-9.22E-06
6.88	0.000115
6.9	6.24E-05
6.92	0.000173
6.94	-2.71E-06
6.96	6.89E-05
6.98	8.20E-05
7	8.85E-05
7.02	0.000121
7.04	0.000141
7.06	0.00018
7.08	0.000108
7.1	-2.22E-05
7.12	4.94E-05
7.14	8.20E-05
7.16	-4.18E-05
7.18	0.000141
7.2	6.24E-05
7.22	0.000167
7.24	8.20E-05
7.26	0.000134
7.28	4.29E-05
7.3	-0.000205
7.32	-0.000205
7.34	-0.000244
7.36	-0.000152
7.38	-0.000205
7.4	-0.000179
7.42	-0.000322
7.44	-0.000244
7.46	-0.000472
7.48	-0.00068
7.5	-0.00066
7.52	-0.000999
7.54	-0.001116
7.56	-0.00126
7.58	-0.001273
7.6	-0.001318
7.62	-0.001142
7.64	-0.001312
7.66	-0.001286
7.68	-0.001064
7.7	-0.001123
7.72	-0.001155
7.74	-0.001019
7.76	-0.001175
7.78	-0.001038
7.8	-0.000993
7.82	-0.001006
7.84	-0.00098
7.86	-0.000921
7.88	-0.000882
7.9	-0.000914
7.92	-0.000927
7.94	-0.000823
7.96	-0.000713
7.98	-0.000908
8	-0.000719
8.02	-0.00081
8.04	-0.000719
8.06	-0.000634
8.08	-0.000758
8.1	-0.00081
8.12	-0.00083
8.14	-0.000947
8.16	-0.000875
8.18	-0.000901
8.2	-0.000927
8.22	-0.000849
8.24	-0.001129
8.26	-0.000875
8.28	-0.001058
8.3	-0.001058
8.32	-0.001142
8.34	-0.001129
8.36	-0.001162
8.38	-0.001201
8.4	-0.00109
8.42	-0.001253
8.44	-0.001279
8.46	-0.001344
8.48	-0.001435
8.5	-0.001273
8.52	-0.001416
8.54	-0.001481
8.56	-0.001553
8.58	-0.001435
8.6	-0.001409
8.62	-0.001455
8.64	-0.001468
8.66	-0.001344
8.68	-0.001448
8.7	-0.00139
8.72	-0.00137
8.74	-0.00139
8.76	-0.001468
8.78	-0.001501
8.8	-0.00137
8.82	-0.001468
8.84	-0.00152
8.86	-0.001553
8.88	-0.001566
8.9	-0.001572
8.92	-0.001566
8.94	-0.001409
8.96	-0.001768
8.98	-0.001657
9	-0.001618
9.02	-0.001585
9.04	-0.001598
9.06	-0.001566
9.08	-0.001468
9.1	-0.001631
9.12	-0.00139
9.14	-0.001579
9.16	-0.001546
9.18	-0.001527
9.2	-0.001468
9.22	-0.00165
9.24	-0.001637
9.26	-0.001579
9.28	-0.001481
9.3	-0.001468
9.32	-0.001546
9.34	-0.001338
9.36	-0.001481
9.38	-0.001468
9.4	-0.001429
9.42	-0.001663
9.44	-0.001481
9.46	-0.001507
9.48	-0.001585
9.5	-0.001553
9.52	-0.001546
9.54	-0.001501
9.56	-0.001631
9.58	-0.001481
9.6	-0.001592
9.62	-0.001689
9.64	-0.001533
9.66	-0.001722
9.68	-0.001546
9.7	-0.001663
9.72	-0.001566
9.74	-0.001566
9.76	-0.001429
9.78	-0.001722
9.8	-0.00154
9.82	-0.001559
9.84	-0.001579
9.86	-0.001422
9.88	-0.001631
9.9	-0.00152
9.92	-0.001396
9.94	-0.001403
9.96	-0.001501
9.98	-0.001377
10	-0.001507
10.02	-0.001357
10.04	-0.001357
10.06	-0.001429
10.08	-0.001325
10.1	-0.001409
10.12	-0.001403
10.14	-0.001377
10.16	-0.001546
10.18	-0.001514
10.2	-0.00154
10.22	-0.001572
10.24	-0.001676
10.26	-0.00152
10.28	-0.001546
10.3	-0.001631
10.32	-0.001566
10.34	-0.001696
10.36	-0.001644
10.38	-0.00154
10.4	-0.001611
10.42	-0.001728
10.44	-0.001644
10.46	-0.001527
10.48	-0.00154
10.5	-0.001566
10.52	-0.001559
10.54	-0.001566
10.56	-0.001533
10.58	-0.001507
10.6	-0.001461
10.62	-0.001494
10.64	-0.001422
10.66	-0.001494
10.68	-0.001422
10.7	-0.001507
10.72	-0.001383
10.74	-0.001448
10.76	-0.001435
10.78	-0.001481
10.8	-0.001442
10.82	-0.00165
10.84	-0.001501
10.86	-0.001572
10.88	-0.001592
10.9	-0.001624
10.92	-0.001644
10.94	-0.001859
10.96	-0.001644
10.98	-0.001611
11	-0.001572
11.02	-0.001728
11.04	-0.001637
11.06	-0.00167
11.08	-0.001637
11.1	-0.001611
11.12	-0.00137
11.14	-0.001435
11.16	-0.001487
11.18	-0.001533
11.2	-0.001481
11.22	-0.001461
11.24	-0.001403
11.26	-0.001435
11.28	-0.001422
11.3	-0.001351
11.32	-0.001344
11.34	-0.001422
11.36	-0.001357
11.38	-0.001377
11.4	-0.001566
11.42	-0.001487
11.44	-0.001657
11.46	-0.001403
11.48	-0.001481
11.5	-0.001474
11.52	-0.001435
11.54	-0.001461
11.56	-0.001527
11.58	-0.001266
11.6	-0.001331
11.62	-0.00109
11.64	-0.00124
11.66	-0.000993
11.68	-0.000901
11.7	-0.00098
11.72	-0.00081
11.74	-0.000849
11.76	-0.000836
11.78	-0.000752
11.8	-0.000745
11.82	-0.000778
11.84	-0.000791
11.86	-0.000784
11.88	-0.000713
11.9	-0.000686
11.92	-0.000621
11.94	-0.000673
11.96	-0.000602
11.98	-0.000504
12	-0.000647
12.02	-0.000784
12.04	-0.000602
12.06	-0.000719
12.08	-0.000686
12.1	-0.000752
12.12	-0.000706
12.14	-0.000667
12.16	-0.000706
12.18	-0.00081
12.2	-0.000726
12.22	-0.000667
12.24	-0.000895
12.26	-0.000836
12.28	-0.000875
12.3	-0.000875
12.32	-0.001084
12.34	-0.000947
12.36	-0.001032
12.38	-0.001045
12.4	-0.001006
12.42	-0.001168
12.44	-0.001188
12.46	-0.00124
12.48	-0.001325
12.5	-0.001318
12.52	-0.001403
12.54	-0.001468
12.56	-0.001442
12.58	-0.001383
12.6	-0.00126
12.62	-0.001461
12.64	-0.001383
12.66	-0.001273
12.68	-0.001396
12.7	-0.001234
12.72	-0.001299
12.74	-0.001116
12.76	-0.00126
12.78	-0.001149
12.8	-0.001364
12.82	-0.001331
12.84	-0.001331
12.86	-0.001266
12.88	-0.00124
12.9	-0.00124
12.92	-0.00122
12.94	-0.001299
12.96	-0.001338
12.98	-0.00126
13	-0.001344
13.02	-0.00126
13.04	-0.001175
13.06	-0.001253
13.08	-0.001188
13.1	-0.001207
13.12	-0.000934
13.14	-0.001116
13.16	-0.000921
13.18	-0.00081
13.2	-0.000582
13.22	-0.000498
13.24	-0.000283
13.26	0.000206
13.28	0.000518
13.3	0.001
13.32	0.001423
13.34	0.002023
13.36	0.002609
13.38	0.003872
13.4	0.004999
13.42	0.006913
13.44	0.009479
13.46	0.013491
13.48	0.018811
13.5	0.026977
13.52	0.04135
13.54	0.058216
13.56	0.073429
13.58	0.08799
13.6	0.102428
13.62	0.114755
13.64	0.127962
13.66	0.138942
13.68	0.149466
13.7	0.158902
13.72	0.167185
13.74	0.173919
13.76	0.17978
13.78	0.184397
13.8	0.188031
13.82	0.190831
13.84	0.193781
13.86	0.197447
13.88	0.201283
13.9	0.20523
13.92	0.20844
13.94	0.21182
13.96	0.214855
13.98	0.215799
14	0.215942
14.02	0.214288
14.04	0.211735
14.06	0.209306
14.08	0.207724
14.1	0.206083
14.12	0.20495
14.14	0.205145
14.16	0.20252
14.18	0.199219
14.2	0.196861
14.22	0.193755
14.24	0.186312
14.26	0.17614
14.28	0.164978
14.3	0.15646
14.32	0.152214
14.34	0.152858
14.36	0.148332
14.38	0.132221
14.4	0.114228
14.42	0.103795
14.44	0.091852
14.46	0.059454
14.48	0.023265
14.5	0.007271
14.52	0.002602
14.54	0.001033
14.56	0.000401
14.58	2.33E-05
14.6	-0.000198
14.62	-0.000198
14.64	-0.000257
14.66	-0.000231
14.68	-0.00038
14.7	-0.000302
14.72	-0.000107
14.74	-0.000205
14.76	-0.000374
14.78	-0.000198
14.8	-0.000276
14.82	-0.000237
14.84	-0.000205
14.86	-0.000198
14.88	-0.000387
14.9	-0.000289
14.92	-0.000244
14.94	-0.000198
14.96	-0.000413
14.98	-0.00038
15	-0.000426
15.02	-0.000452
15.04	-0.000433
15.06	-0.000576
15.08	-0.000647
15.1	-0.000335
15.12	-0.000589
15.14	-0.000537
15.16	-0.000452
15.18	-0.000517
15.2	-0.000361
15.22	-0.000322
15.24	-0.000218
15.26	-0.000107
15.28	-9.22E-06
15.3	5.59E-05
15.32	0.000245
15.34	0.000473
15.36	0.000818
15.38	0.001163
15.4	0.001814
15.42	0.002732
15.44	0.003833
15.46	0.005767
15.48	0.008724
15.5	0.012891
15.52	0.017606
15.54	0.022367
15.56	0.027147
15.58	0.031432
15.6	0.035437
15.62	0.03924
15.64	0.043382
15.66	0.046879
15.68	0.05007
15.7	0.052759
15.72	0.055136
15.74	0.056992
15.76	0.058282
15.78	0.059473
15.8	0.060678
15.82	0.061779
15.84	0.062957
15.86	0.064149
15.88	0.065491
15.9	0.066552
15.92	0.068122
15.94	0.068968
15.96	0.07003
15.98	0.069756
16	0.069437
16.02	0.068512
16.04	0.06777
16.06	0.067001
16.08	0.066513
16.1	0.066559
16.12	0.066585
16.14	0.06592
16.16	0.06508
16.18	0.06465
16.2	0.062931
16.22	0.059747
16.24	0.056159
16.26	0.052557
16.28	0.0499
16.3	0.049217
16.32	0.049327
16.34	0.046846
16.36	0.041122
16.38	0.035456
16.4	0.032819
16.42	0.029628
16.44	0.018902
16.46	0.008235
16.48	0.004172
16.5	0.004654
16.52	0.005976
16.54	0.007643
16.56	0.009088
16.58	0.010697
16.6	0.012279
16.62	0.013771
16.64	0.015164
16.66	0.016688
16.68	0.017899
16.7	0.018896
16.72	0.019651
16.74	0.020433
16.76	0.021136
16.78	0.021807
16.8	0.022087
16.82	0.022614
16.84	0.02279
16.86	0.023285
16.88	0.023858
16.9	0.024171
16.92	0.024451
16.94	0.024594
16.96	0.024946
16.98	0.024841
17	0.024933
17.02	0.024828
17.04	0.02447
17.06	0.024451
17.08	0.024158
17.1	0.02391
17.12	0.023656
17.14	0.023318
17.16	0.022979
17.18	0.02322
17.2	0.023096
17.22	0.022614
17.24	0.021338
17.26	0.020035
17.28	0.018818
17.3	0.018036
17.32	0.018596
17.34	0.01803
17.36	0.016408
17.38	0.015125
17.4	0.01437
17.42	0.014018
17.44	0.011342
17.46	0.009284
17.48	0.011491
17.5	0.017281
17.52	0.023975
17.54	0.029973
17.56	0.035495
17.58	0.040953
17.6	0.04654
17.62	0.05162
17.64	0.056764
17.66	0.061342
17.68	0.06553
17.7	0.069124
17.72	0.072159
17.74	0.075181
17.76	0.07774
17.78	0.079394
17.8	0.081048
17.82	0.082846
17.84	0.084949
17.86	0.08672
17.88	0.088414
17.9	0.090576
17.92	0.092015
17.94	0.093102
17.96	0.094431
17.98	0.094952
18	0.094535
18.02	0.093812
18.04	0.093584
18.06	0.092874
18.08	0.092145
18.1	0.091155
18.12	0.090217
18.14	0.088524
18.16	0.086362
18.18	0.086069
18.2	0.085704
18.22	0.084259
18.24	0.08071
18.26	0.074875
18.28	0.069593
18.3	0.06691
18.32	0.067509
18.34	0.065771
18.36	0.058809
18.38	0.051685
18.4	0.046638
18.42	0.041532
18.44	0.028456
18.46	0.010996
18.48	0.002368
18.5	-0.000244
18.52	-0.000843
18.54	-0.001286
18.56	-0.00137
18.58	-0.001559
18.6	-0.00139
18.62	-0.001448
18.64	-0.001305
18.66	-0.001338
18.68	-0.001331
18.7	-0.001344
18.72	-0.001234
18.74	-0.001403
18.76	-0.001175
18.78	-0.001201
18.8	-0.001338
18.82	-0.001175
18.84	-0.001207
18.86	-0.001338
18.88	-0.001116
18.9	-0.001227
18.92	-0.001331
18.94	-0.001487
18.96	-0.001279
18.98	-0.001266
19	-0.001344
19.02	-0.001331
19.04	-0.00154
19.06	-0.001546
19.08	-0.001618
19.1	-0.001435
19.12	-0.001383
19.14	-0.001442
19.16	-0.001351
19.18	-0.001312
19.2	-0.00139
19.22	-0.00124
19.24	-0.001299
19.26	-0.001299
19.28	-0.001435
19.3	-0.001227
19.32	-0.00124
19.34	-0.001247
19.36	-0.001181
19.38	-0.001305
19.4	-0.00122
19.42	-0.001103
19.44	-0.000914
19.46	-0.000875
19.48	-0.000543
19.5	-0.000315
19.52	-0.000133
19.54	3.64E-05
19.56	0.000193
19.58	0.000297
19.6	0.000486
19.62	0.000662
19.64	0.000733
19.66	0.000876
19.68	0.001059
19.7	0.001156
19.72	0.001352
19.74	0.001489
19.76	0.001456
19.78	0.001345
19.8	0.001541
19.82	0.001534
19.84	0.001671
19.86	0.001703
19.88	0.001743
19.9	0.001801
19.92	0.001801
19.94	0.00186
19.96	0.001847
19.98	0.001808
20	0.001834
20.02	0.001743
20.04	0.001762
20.06	0.001801
20.08	0.001736
20.1	0.001749
20.12	0.001541
20.14	0.00171
20.16	0.001736
20.18	0.001573
20.2	0.00141
20.22	0.0013
20.24	0.001065
20.26	0.000987
20.28	0.00102
20.3	0.000935
20.32	0.000707
20.34	0.000414
20.36	0.000219
20.38	2.33E-05
20.4	-0.000537
20.42	-0.001045
20.44	-0.001357
20.46	-0.001305
20.48	-0.001514
20.5	-0.001689
20.52	-0.001546
20.54	-0.001429
20.56	-0.001598
20.58	-0.001546
20.6	-0.001559
20.62	-0.001559
20.64	-0.001507
20.66	-0.001618
20.68	-0.001644
20.7	-0.001572
20.72	-0.00152
20.74	-0.001448
20.76	-0.001416
20.78	-0.001312
20.8	-0.001253
20.82	-0.001396
20.84	-0.001338
20.86	-0.001266
20.88	-0.001422
20.9	-0.00126
20.92	-0.001377
20.94	-0.001403
20.96	-0.001299
20.98	-0.001364
21	-0.001448
21.02	-0.001474
21.04	-0.001422
21.06	-0.001468
21.08	-0.001657
21.1	-0.001494
21.12	-0.001644
21.14	-0.001624
21.16	-0.001546
21.18	-0.001572
21.2	-0.001598
21.22	-0.001487
21.24	-0.001637
21.26	-0.001566
21.28	-0.001592
21.3	-0.00152
21.32	-0.001448
21.34	-0.001357
21.36	-0.001429
21.38	-0.001422
21.4	-0.001403
21.42	-0.001292
21.44	-0.001194
21.46	-0.001299
21.48	-0.00137
21.5	-0.001338
21.52	-0.001331
21.54	-0.001234
21.56	-0.001429
21.58	-0.00139
21.6	-0.001299
21.62	-0.001331
21.64	-0.001409
21.66	-0.001422
21.68	-0.001474
21.7	-0.001553
21.72	-0.001461
21.74	-0.001442
21.76	-0.001507
21.78	-0.00139
21.8	-0.001487
21.82	-0.001429
21.84	-0.001468
21.86	-0.001566
21.88	-0.001435
21.9	-0.001279
21.92	-0.001351
21.94	-0.001481
21.96	-0.001435
21.98	-0.001273
22	-0.001429
22.02	-0.001409
22.04	-0.001318
22.06	-0.001344
22.08	-0.001383
22.1	-0.001527
22.12	-0.001364
22.14	-0.001377
22.16	-0.001435
22.18	-0.00124
22.2	-0.001442
22.22	-0.001266
22.24	-0.001442
22.26	-0.001299
22.28	-0.001448
22.3	-0.001331
22.32	-0.001461
22.34	-0.001461
22.36	-0.001501
22.38	-0.001507
22.4	-0.001494
22.42	-0.001429
22.44	-0.001461
22.46	-0.001487
22.48	-0.001403
22.5	-0.001416
22.52	-0.001364
22.54	-0.001494
22.56	-0.001546
22.58	-0.001533
22.6	-0.001605
22.62	-0.001527
22.64	-0.001357
22.66	-0.001507
22.68	-0.001553
22.7	-0.001592
22.72	-0.001559
22.74	-0.001501
22.76	-0.00139
22.78	-0.001481
22.8	-0.001448
22.82	-0.001605
22.84	-0.001383
22.86	-0.001357
22.88	-0.001422
22.9	-0.001312
22.92	-0.001344
22.94	-0.001416
22.96	-0.001253
22.98	-0.001338
23	-0.001377
23.02	-0.001364
23.04	-0.001286
23.06	-0.001455
23.08	-0.001422
23.1	-0.001435
23.12	-0.001559
23.14	-0.001416
23.16	-0.00152
23.18	-0.001579
23.2	-0.001572
23.22	-0.001455
23.24	-0.001559
23.26	-0.001383
23.28	-0.001585
23.3	-0.001585
23.32	-0.001429
23.34	-0.001351
23.36	-0.001566
23.38	-0.001481
23.4	-0.00152
23.42	-0.001292
23.44	-0.001533
23.46	-0.001455
23.48	-0.001422
23.5	-0.001409
23.52	-0.001338
23.54	-0.001279
23.56	-0.001527
23.58	-0.001357
23.6	-0.001214
23.62	-0.001253
23.64	-0.001312
23.66	-0.001364
23.68	-0.001435
23.7	-0.001253
23.72	-0.001364
23.74	-0.001507
23.76	-0.001383
23.78	-0.001422
23.8	-0.001715
23.82	-0.00152
23.84	-0.001553
23.86	-0.001683
23.88	-0.001579
23.9	-0.001501
23.92	-0.001735
23.94	-0.001618
23.96	-0.001546
23.98	-0.001514
24	-0.001481
24.02	-0.001481
24.04	-0.001409
24.06	-0.00137
24.08	-0.001435
24.1	-0.001331
24.12	-0.001364
24.14	-0.001351
24.16	-0.00122
24.18	-0.001338
24.2	-0.001442
24.22	-0.001312
24.24	-0.001286
24.26	-0.001396
24.28	-0.001442
24.3	-0.001299
24.32	-0.001448
24.34	-0.001344
24.36	-0.001377
24.38	-0.001338
24.4	-0.00154
24.42	-0.001442
24.44	-0.001403
24.46	-0.001416
24.48	-0.00139
24.5	-0.001579
24.52	-0.00152
24.54	-0.001331
24.56	-0.001546
24.58	-0.001481
24.6	-0.001357
24.62	-0.001585
24.64	-0.001468
24.66	-0.001507
24.68	-0.001383
24.7	-0.001357
24.72	-0.001292
24.74	-0.001377
24.76	-0.001312
24.78	-0.00152
24.8	-0.001377
24.82	-0.001455
24.84	-0.001351
24.86	-0.001429
24.88	-0.001357
24.9	-0.001383
24.92	-0.001299
24.94	-0.001487
24.96	-0.001338
24.98	-0.001357
25	-0.00137
25.02	-0.001325
25.04	-0.001344
25.06	-0.001383
25.08	-0.001364
25.1	-0.001318
25.12	-0.001318
25.14	-0.001331
25.16	-0.001299
25.18	-0.001357
25.2	-0.001455
25.22	-0.001422
25.24	-0.001487
25.26	-0.001377
25.28	-0.001325
25.3	-0.001266
25.32	-0.001474
25.34	-0.001448
25.36	-0.001325
25.38	-0.001351
25.4	-0.001461
25.42	-0.001501
25.44	-0.001292
25.46	-0.001364
25.48	-0.001507
25.5	-0.001501
25.52	-0.001435
25.54	-0.001325
25.56	-0.001279
25.58	-0.001142
25.6	-0.001175
25.62	-0.001058
25.64	-0.00109
25.66	-0.00109
25.68	-0.001045
25.7	-0.001149
25.72	-0.001032
25.74	-0.001084
25.76	-0.001142
25.78	-0.001136
25.8	-0.000986
25.82	-0.001149
25.84	-0.001181
25.86	-0.001162
25.88	-0.001149
25.9	-0.00137
25.92	-0.001194
25.94	-0.001266
25.96	-0.001181
25.98	-0.001266
26	-0.001175
26.02	-0.001162
26.04	-0.000973
26.06	-0.001207
26.08	-0.001129
26.1	-0.001175
26.12	-0.001032
26.14	-0.00096
26.16	-0.000967
26.18	-0.000869
26.2	-0.001058
26.22	-0.001051
26.24	-0.001077
26.26	-0.000993
26.28	-0.001077
26.3	-0.000973
26.32	-0.000993
26.34	-0.001142
26.36	-0.001123
26.38	-0.001103
26.4	-0.001247
26.42	-0.00137
26.44	-0.001273
26.46	-0.001312
26.48	-0.001149
26.5	-0.001468
26.52	-0.001266
26.54	-0.001214
26.56	-0.001273
26.58	-0.00124
26.6	-0.001103
26.62	-0.000986
26.64	-0.001038
26.66	-0.000895
26.68	-0.000804
26.7	-0.000758
26.72	-0.000621
26.74	-0.000537
26.76	-0.000537
26.78	-0.000439
26.8	-0.000367
26.82	-0.000361
26.84	-6.78E-05
26.86	-0.000322
26.88	4.94E-05
26.9	8.20E-05
26.92	6.24E-05
26.94	0.000342
26.96	0.000414
26.98	0.000408
27	0.000551
27.02	0.000635
27.04	0.000909
27.06	0.001267
27.08	0.001677
27.1	0.001925
27.12	0.002498
27.14	0.003208
27.16	0.003866
27.18	0.00466
27.2	0.005923
27.22	0.007206
27.24	0.009095
27.26	0.011283
27.28	0.014168
27.3	0.017619
27.32	0.022289
27.34	0.028566
27.36	0.037032
27.38	0.049965
27.4	0.06915
27.42	0.099328
27.44	0.148984
27.46	0.221308
27.48	0.308337
27.5	0.389916
27.52	0.456933
27.54	0.515699
27.56	0.575624
27.58	0.642127
27.6	0.712954
27.62	0.782537
27.64	0.846754
27.66	0.908522
27.68	0.967933
27.7	1.024277
27.72	1.077188
27.74	1.126173
27.76	1.175842
27.78	1.223869
27.8	1.268367
27.82	1.314578
27.84	1.362442
27.86	1.401672
27.88	1.436831
27.9	1.470356
27.92	1.489978
27.94	1.494171
27.96	1.491541
27.98	1.492061
28	1.495702
28.02	1.497408
28.04	1.49171
28.06	1.479324
28.08	1.456082
28.1	1.440413
28.12	1.441292
28.14	1.433816
28.16	1.412762
28.18	1.360769
28.2	1.270275
28.22	1.175145
28.24	1.114067
28.26	1.106005
28.28	1.064991
28.3	0.919554
28.32	0.792416
28.34	0.715168
28.36	0.636494
28.38	0.460554
28.4	0.206988
28.42	0.086896
28.44	0.03194
28.46	0.0128
28.48	0.007486
28.5	0.005682
28.52	0.00451
28.54	0.003996
28.56	0.003911
28.58	0.003963
28.6	0.004243
28.62	0.004712
28.64	0.00496
28.66	0.005376
28.68	0.005715
28.7	0.006145
28.72	0.006523
28.74	0.006985
28.76	0.00735
28.78	0.007604
28.8	0.008131
28.82	0.008522
28.84	0.00903
28.86	0.009271
28.88	0.009466
28.9	0.009753
28.92	0.009707
28.94	0.009857
28.96	0.009681
28.98	0.009889
29	0.009818
29.02	0.009818
29.04	0.009798
29.06	0.009655
29.08	0.009362
29.1	0.009407
29.12	0.009336
29.14	0.009251
29.16	0.008971
29.18	0.008424
29.2	0.007721
29.22	0.007154
29.24	0.006731
29.26	0.006763
29.28	0.006184
29.3	0.005064
29.32	0.004204
29.34	0.003664
29.36	0.003123
29.38	0.001658
29.4	-4.83E-05
29.42	-0.000791
29.44	-0.000986
29.46	-0.001188
29.48	-0.001227
29.5	-0.001162
29.52	-0.001305
29.54	-0.001253
29.56	-0.00126
29.58	-0.00139
29.6	-0.001214
29.62	-0.001194
29.64	-0.001207
29.66	-0.001129
29.68	-0.001331
29.7	-0.001175
29.72	-0.001292
29.74	-0.001325
29.76	-0.001442
29.78	-0.001097
29.8	-0.001234
29.82	-0.001305
29.84	-0.001279
29.86	-0.001136
29.88	-0.00111
29.9	-0.001234
29.92	-0.001181
29.94	-0.00126
29.96	-0.00124
29.98	-0.001155
30	-0.001207
30.02	-0.001292
30.04	-0.001181
30.06	-0.001194
30.08	-0.00124
30.1	-0.001188
30.12	-0.001266
30.14	-0.001168
30.16	-0.001168
30.18	-0.001318
30.2	-0.001279
30.22	-0.001077
30.24	-0.001168
30.26	-0.001194
30.28	-0.001286
30.3	-0.001247
30.32	-0.00122
30.34	-0.001318
30.36	-0.001247
30.38	-0.001214
30.4	-0.001383
30.42	-0.001318
30.44	-0.001279
30.46	-0.00124
30.48	-0.001253
30.5	-0.001338
30.52	-0.001527
30.54	-0.001338
30.56	-0.001344
30.58	-0.001429
30.6	-0.001429
30.62	-0.001429
30.64	-0.001461
30.66	-0.001468
30.68	-0.001292
30.7	-0.00137
30.72	-0.001214
30.74	-0.001377
30.76	-0.001325
30.78	-0.001481
30.8	-0.001338
30.82	-0.001299
30.84	-0.001318
30.86	-0.00126
30.88	-0.001286
30.9	-0.001253
30.92	-0.001051
30.94	-0.001103
30.96	-0.000967
30.98	-0.001051
31	-0.001032
31.02	-0.000993
31.04	-0.00081
31.06	-0.00066
31.08	-0.000589
31.1	-0.000634
31.12	-0.000367
31.14	-0.000543
31.16	-0.000224
31.18	-2.71E-06
31.2	0.000271
31.22	0.000642
31.24	0.001007
31.26	0.001423
31.28	0.002159
31.3	0.003208
31.32	0.004113
31.34	0.005383
31.36	0.007662
31.38	0.010853
31.4	0.015522
31.42	0.02348
31.44	0.03672
31.46	0.054921
31.48	0.071645
31.5	0.084187
31.52	0.094444
31.54	0.105169
31.56	0.117549
31.58	0.131694
31.6	0.145773
31.62	0.15997
31.64	0.17302
31.66	0.185478
31.68	0.197109
31.7	0.208557
31.72	0.21998
31.74	0.231129
31.76	0.243059
31.78	0.255087
31.8	0.267226
31.82	0.279495
31.84	0.288931
31.86	0.298276
31.88	0.305693
31.9	0.309698
31.92	0.312336
31.94	0.313482
31.96	0.314765
31.98	0.317227
32	0.31806
32.02	0.316992
32.04	0.313847
32.06	0.30835
32.08	0.306501
32.1	0.308806
32.12	0.305817
32.14	0.29922
32.16	0.285173
32.18	0.2652
32.2	0.247227
32.22	0.237856
32.24	0.236846
32.26	0.217902
32.28	0.180672
32.3	0.15586
32.32	0.137066
32.34	0.123143
32.36	0.082624
32.38	0.037976
32.4	0.015874
32.42	0.005507
32.44	0.001163
32.46	-0.000211
32.48	-0.00066
32.5	-0.000713
32.52	-0.001045
32.54	-0.001084
32.56	-0.001097
32.58	-0.001214
32.6	-0.001123
32.62	-0.001149
32.64	-0.001279
32.66	-0.001051
32.68	-0.001051
32.7	-0.001175
32.72	-0.001299
32.74	-0.001207
32.76	-0.001201
32.78	-0.001286
32.8	-0.001214
32.82	-0.001273
32.84	-0.001201
32.86	-0.001129
32.88	-0.001142
32.9	-0.001253
32.92	-0.001155
32.94	-0.001012
32.96	-0.001201
32.98	-0.000953
33	-0.001051
33.02	-0.001188
33.04	-0.001103
33.06	-0.001064
33.08	-0.001038
33.1	-0.001162
33.12	-0.00096
33.14	-0.001175
33.16	-0.001227
33.18	-0.001077
33.2	-0.001149
33.22	-0.001103
33.24	-0.001123
33.26	-0.001129
33.28	-0.001247
33.3	-0.00124
33.32	-0.001207
33.34	-0.001429
33.36	-0.00137
33.38	-0.001312
33.4	-0.001429
33.42	-0.001422
33.44	-0.001181
33.46	-0.001364
33.48	-0.001286
33.5	-0.001097
33.52	-0.001142
33.54	-0.001064
33.56	-0.000953
33.58	-0.000927
33.6	-0.000758
33.62	-0.000673
33.64	-0.00053
33.66	-0.000589
33.68	-0.000511
33.7	-0.000478
33.72	-0.000524
33.74	-0.000341
33.76	-0.000354
33.78	-0.000348
33.8	-0.000276
33.82	-0.000309
33.84	-0.000185
33.86	-9.22E-06
33.88	-0.000218
33.9	-0.000159
33.92	-0.000328
33.94	-0.0001
33.96	-0.000198
33.98	-0.000354
34	-0.000361
34.02	-0.000218
34.04	-0.00025
34.06	-0.000211
34.08	-0.000263
34.1	-0.000113
34.12	-0.000159
34.14	-0.000107
34.16	-0.000159
34.18	-0.000244
34.2	-0.000426
34.22	-0.000367
34.24	-0.000341
34.26	-0.000244
34.28	-0.000504
34.3	-0.000615
34.32	-0.000739
34.34	-0.000758
34.36	-0.00094
34.38	-0.001071
34.4	-0.001403
34.42	-0.001312
34.44	-0.001416
34.46	-0.001312
34.48	-0.001422
34.5	-0.001344
34.52	-0.001442
34.54	-0.001507
34.56	-0.001409
34.58	-0.001618
34.6	-0.001468
34.62	-0.001637
34.64	-0.001533
34.66	-0.001442
34.68	-0.001481
34.7	-0.001501
34.72	-0.001266
34.74	-0.00126
34.76	-0.001429
34.78	-0.001416
34.8	-0.001273
34.82	-0.001351
34.84	-0.001403
34.86	-0.00126
34.88	-0.001266
34.9	-0.001286
34.92	-0.001351
34.94	-0.00137
34.96	-0.001305
34.98	-0.001201
35	-0.001357
35.02	-0.001403
35.04	-0.001279
35.06	-0.001338
35.08	-0.001273
35.1	-0.001338
35.12	-0.001299
35.14	-0.001448
35.16	-0.001403
35.18	-0.001377
35.2	-0.00139
35.22	-0.001409
35.24	-0.001338
35.26	-0.00124
35.28	-0.00137
35.3	-0.00137
35.32	-0.001266
35.34	-0.001435
35.36	-0.001318
35.38	-0.001435
35.4	-0.00152
35.42	-0.001422
35.44	-0.001442
35.46	-0.001442
35.48	-0.001312
35.5	-0.001318
35.52	-0.001422
35.54	-0.001331
35.56	-0.001338
35.58	-0.001461
35.6	-0.00126
35.62	-0.00139
35.64	-0.001351
35.66	-0.001364
35.68	-0.001214
35.7	-0.001162
35.72	-0.001149
35.74	-0.001155
35.76	-0.001201
35.78	-0.001207
35.8	-0.001194
35.82	-0.001312
35.84	-0.001247
35.86	-0.001012
35.88	-0.001312
35.9	-0.001155
35.92	-0.001071
35.94	-0.001097
35.96	-0.001318
35.98	-0.001299
36	-0.001299
36.02	-0.00139
36.04	-0.001357
36.06	-0.001325
36.08	-0.001338
36.1	-0.001181
36.12	-0.001331
36.14	-0.001566
36.16	-0.001364
36.18	-0.001207
36.2	-0.001357
36.22	-0.001403
36.24	-0.001338
36.26	-0.00137
36.28	-0.001383
36.3	-0.00122
36.32	-0.001188
36.34	-0.001312
36.36	-0.001168
36.38	-0.001279
36.4	-0.001318
36.42	-0.001194
36.44	-0.001214
36.46	-0.001227
36.48	-0.001129
36.5	-0.001312
36.52	-0.001305
36.54	-0.00109
36.56	-0.00122
36.58	-0.001325
36.6	-0.001344
36.62	-0.001168
36.64	-0.001403
36.66	-0.001429
36.68	-0.001286
36.7	-0.001553
36.72	-0.001312
36.74	-0.00137
36.76	-0.001442
36.78	-0.001435
36.8	-0.001299
36.82	-0.001409
36.84	-0.001266
36.86	-0.001344
36.88	-0.001396
36.9	-0.00126
36.92	-0.001357
36.94	-0.001331
36.96	-0.001396
36.98	-0.00111
37	-0.001175
37.02	-0.001227
37.04	-0.001168
37.06	-0.001103
37.08	-0.001253
37.1	-0.001064
37.12	-0.001175
37.14	-0.001214
37.16	-0.001312
37.18	-0.001175
37.2	-0.001279
37.22	-0.001344
37.24	-0.001234
37.26	-0.001292
37.28	-0.001422
37.3	-0.001461
37.32	-0.001422
37.34	-0.001429
37.36	-0.001331
37.38	-0.001364
37.4	-0.001168
37.42	-0.001123
37.44	-0.001279
37.46	-0.001286
37.48	-0.001149
37.5	-0.001266
37.52	-0.001266
37.54	-0.001253
37.56	-0.001338
37.58	-0.001318
37.6	-0.00126
37.62	-0.00137
37.64	-0.001318
37.66	-0.001266
37.68	-0.001207
37.7	-0.001305
37.72	-0.001168
37.74	-0.001266
37.76	-0.001325
37.78	-0.00124
37.8	-0.001312
37.82	-0.001416
37.84	-0.001286
37.86	-0.001377
37.88	-0.001253
37.9	-0.001338
37.92	-0.001357
37.94	-0.001351
37.96	-0.001194
37.98	-0.001299
38	-0.001331
38.02	-0.001344
38.04	-0.001168
38.06	-0.001253
38.08	-0.001357
38.1	-0.00137
38.12	-0.001331
38.14	-0.001292
38.16	-0.001116
38.18	-0.001188
38.2	-0.001273
38.22	-0.001364
38.24	-0.001142
38.26	-0.001038
38.28	-0.001155
38.3	-0.001247
38.32	-0.00111
38.34	-0.001292
38.36	-0.00126
38.38	-0.001247
38.4	-0.001377
38.42	-0.001155
38.44	-0.001338
38.46	-0.001312
38.48	-0.001142
38.5	-0.001299
38.52	-0.001292
38.54	-0.00137
38.56	-0.001429
38.58	-0.001377
38.6	-0.001318
38.62	-0.00137
38.64	-0.001383
38.66	-0.001286
38.68	-0.001181
38.7	-0.001194
38.72	-0.001286
38.74	-0.001071
38.76	-0.00111
38.78	-0.00111
38.8	-0.001194
38.82	-0.001064
38.84	-0.000914
38.86	-0.001006
38.88	-0.001019
38.9	-0.000993
38.92	-0.001025
38.94	-0.000973
38.96	-0.000888
38.98	-0.001084
39	-0.001123
39.02	-0.001012
39.04	-0.001032
39.06	-0.001051
39.08	-0.001318
39.1	-0.001123
39.12	-0.00124
39.14	-0.001234
39.16	-0.001305
39.18	-0.001253
39.2	-0.001227
39.22	-0.00122
39.24	-0.001194
39.26	-0.001142
39.28	-0.000993
39.3	-0.001012
39.32	-0.001077
39.34	-0.001012
39.36	-0.00096
39.38	-0.000673
39.4	-0.000673
39.42	-0.000524
39.44	-2.22E-05
39.46	0.00072
39.48	0.001508
39.5	0.002055
39.52	0.002576
39.54	0.002941
39.56	0.003234
39.58	0.0038
39.6	0.004159
39.62	0.004647
39.64	0.005188
39.66	0.005533
39.68	0.006093
39.7	0.006601
39.72	0.007115
39.74	0.00761
39.76	0.008092
39.78	0.008515
39.8	0.009329
39.82	0.00985
39.84	0.01058
39.86	0.010944
39.88	0.011446
39.9	0.011986
39.92	0.012045
39.94	0.012201
39.96	0.012605
39.98	0.012781
40	0.012839
40.02	0.012813
40.04	0.012657
40.06	0.012585
40.08	0.012703
40.1	0.012683
40.12	0.012377
40.14	0.011882
40.16	0.011049
40.18	0.010137
40.2	0.009844
40.22	0.009525
40.24	0.007903
40.26	0.006119
40.28	0.005038
40.3	0.003944
40.32	0.003253
40.34	0.001931
40.36	0.00031
40.38	-0.00055
40.4	-0.000921
40.42	-0.001155
40.44	-0.00111
40.46	-0.00139
40.48	-0.001266
40.5	-0.001344
40.52	-0.001207
40.54	-0.001207
40.56	-0.001292
40.58	-0.00124
40.6	-0.001253
40.62	-0.001286
40.64	-0.001136
40.66	-0.001175
40.68	-0.001305
40.7	-0.001097
40.72	-0.00139
40.74	-0.001201
40.76	-0.00122
40.78	-0.001077
40.8	-0.001292
40.82	-0.001129
40.84	-0.000973
40.86	-0.001142
40.88	-0.001123
40.9	-0.00098
40.92	-0.001045
40.94	-0.001071
40.96	-0.000849
40.98	-0.00109
41	-0.001071
41.02	-0.000914
41.04	-0.000914
41.06	-0.001084
41.08	-0.000875
41.1	-0.000986
41.12	-0.000973
41.14	-0.000993
41.16	-0.001123
41.18	-0.00122
41.2	-0.001194
41.22	-0.00109
41.24	-0.001175
41.26	-0.001064
41.28	-0.001273
41.3	-0.001194
41.32	-0.001194
41.34	-0.001279
41.36	-0.001331
41.38	-0.001279
41.4	-0.001253
41.42	-0.001162
41.44	-0.001318
41.46	-0.001266
41.48	-0.001286
41.5	-0.001168
41.52	-0.001142
41.54	-0.001142
41.56	-0.001351
41.58	-0.001155
41.6	-0.001253
41.62	-0.001227
41.64	-0.001168
41.66	-0.001155
41.68	-0.001247
41.7	-0.001312
41.72	-0.001279
41.74	-0.001214
41.76	-0.001299
41.78	-0.001273
41.8	-0.001364
41.82	-0.001377
41.84	-0.00139
41.86	-0.001422
41.88	-0.001377
41.9	-0.001214
41.92	-0.001234
41.94	-0.001253
41.96	-0.001214
41.98	-0.001123
42	-0.001155
42.02	-0.001058
42.04	-0.001045
42.06	-0.001097
42.08	-0.001136
42.1	-0.000986
42.12	-0.000993
42.14	-0.000953
42.16	-0.00111
42.18	-0.001045
42.2	-0.001071
42.22	-0.001149
42.24	-0.001168
42.26	-0.001077
42.28	-0.001051
42.3	-0.001279
42.32	-0.001305
42.34	-0.001234
42.36	-0.001312
42.38	-0.001377
42.4	-0.001461
42.42	-0.001553
42.44	-0.001383
42.46	-0.001214
42.48	-0.001396
42.5	-0.001312
42.52	-0.001422
42.54	-0.001305
42.56	-0.001201
42.58	-0.001227
42.6	-0.001247
42.62	-0.001155
42.64	-0.001129
42.66	-0.001051
42.68	-0.001194
42.7	-0.001227
42.72	-0.00124
42.74	-0.000999
42.76	-0.001181
42.78	-0.000967
42.8	-0.001077
42.82	-0.001168
42.84	-0.001038
42.86	-0.000947
42.88	-0.000993
42.9	-0.001103
42.92	-0.000993
42.94	-0.00109
42.96	-0.001123
42.98	-0.000953
43	-0.001032
43.02	-0.00111
43.04	-0.001012
43.06	-0.001084
43.08	-0.001084
43.1	-0.000927
43.12	-0.001123
43.14	-0.000934
43.16	-0.000856
43.18	-0.001032
43.2	-0.001019
43.22	-0.001045
43.24	-0.001019
43.26	-0.001142
43.28	-0.001025
43.3	-0.001019
43.32	-0.001214
43.34	-0.001155
43.36	-0.001351
43.38	-0.001194
43.4	-0.001136
43.42	-0.001201
43.44	-0.001442
43.46	-0.000986
43.48	-0.001071
43.5	-0.000999
43.52	-0.000908
43.54	-0.000517
43.56	-0.000452
43.58	-0.000335
43.6	-0.00027
43.62	-0.000166
43.64	-0.000113
43.66	-0.000113
43.68	5.59E-05
43.7	0.000101
43.72	0.000375
43.74	0.000375
43.76	0.000232
43.78	0.000525
43.8	0.000668
43.82	0.000701
43.84	0.000831
43.86	0.001026
43.88	0.000961
43.9	0.00115
43.92	0.001254
43.94	0.001397
43.96	0.001508
43.98	0.001508
44	0.001736
44.02	0.001892
44.04	0.001957
44.06	0.001879
44.08	0.002055
44.1	0.002003
44.12	0.001997
44.14	0.00201
44.16	0.00184
44.18	0.001801
44.2	0.001586
44.22	0.001443
44.24	0.001443
44.26	0.001098
44.28	0.000492
44.3	0.000251
44.32	8.20E-05
44.34	-0.00027
44.36	-0.000576
44.38	-0.000862
44.4	-0.001045
44.42	-0.001064
44.44	-0.001331
44.46	-0.001273
44.48	-0.00137
44.5	-0.001403
44.52	-0.001442
44.54	-0.001416
44.56	-0.00139
44.58	-0.001468
44.6	-0.001292
44.62	-0.00137
44.64	-0.001149
44.66	-0.001116
44.68	-0.001129
44.7	-0.00109
44.72	-0.000986
44.74	-0.001136
44.76	-0.001155
44.78	-0.001084
44.8	-0.001194
44.82	-0.00111
44.84	-0.001077
44.86	-0.001136
44.88	-0.001181
44.9	-0.001194
44.92	-0.001155
44.94	-0.001032
44.96	-0.001299
44.98	-0.001162
45	-0.001207
45.02	-0.001312
45.04	-0.001188
45.06	-0.001273
45.08	-0.001331
45.1	-0.00124
45.12	-0.001331
45.14	-0.001201
45.16	-0.001273
45.18	-0.001429
45.2	-0.00124
45.22	-0.001162
45.24	-0.001234
45.26	-0.001201
45.28	-0.001129
45.3	-0.001266
45.32	-0.001299
45.34	-0.001038
45.36	-0.001207
45.38	-0.001142
45.4	-0.001214
45.42	-0.001299
45.44	-0.001266
45.46	-0.001175
45.48	-0.001207
45.5	-0.001129
45.52	-0.00126
45.54	-0.001279
45.56	-0.00124
45.58	-0.001305
45.6	-0.001175
45.62	-0.001247
45.64	-0.00126
45.66	-0.001168
45.68	-0.00137
45.7	-0.001253
45.72	-0.001175
45.74	-0.001207
45.76	-0.001155
45.78	-0.00124
45.8	-0.001461
45.82	-0.001286
45.84	-0.001331
45.86	-0.001396
45.88	-0.001253
45.9	-0.001181
45.92	-0.001266
45.94	-0.001292
45.96	-0.001292
45.98	-0.001312
46	-0.001129
46.02	-0.001234
46.04	-0.001318
46.06	-0.001188
46.08	-0.001097
46.1	-0.001064
46.12	-0.001097
46.14	-0.001279
46.16	-0.001247
46.18	-0.001129
46.2	-0.001142
46.22	-0.001071
46.24	-0.00096
46.26	-0.001168
46.28	-0.001305
46.3	-0.001097
46.32	-0.00111
46.34	-0.001234
46.36	-0.001045
46.38	-0.001162
46.4	-0.001273
46.42	-0.001331
46.44	-0.001338
46.46	-0.001383
46.48	-0.00122
46.5	-0.001136
46.52	-0.00137
46.54	-0.00126
46.56	-0.001351
46.58	-0.001448
46.6	-0.00137
46.62	-0.001357
46.64	-0.001331
46.66	-0.00111
46.68	-0.00137
46.7	-0.001116
46.72	-0.001071
46.74	-0.001116
46.76	-0.00094
46.78	-0.001149
46.8	-0.001064
46.82	-0.001136
46.84	-0.001273
46.86	-0.001155
46.88	-0.001045
46.9	-0.001188
46.92	-0.001279
46.94	-0.001162
46.96	-0.001227
46.98	-0.001188
47	-0.001162
47.02	-0.00137
47.04	-0.001468
47.06	-0.001357
47.08	-0.00139
47.1	-0.00137
47.12	-0.001234
47.14	-0.001247
47.16	-0.001266
47.18	-0.001168
47.2	-0.001331
47.22	-0.001253
47.24	-0.001247
47.26	-0.001175
47.28	-0.001116
47.3	-0.001045
47.32	-0.001019
47.34	-0.001071
47.36	-0.001012
47.38	-0.00122
47.4	-0.001188
47.42	-0.000947
47.44	-0.001045
47.46	-0.001168
47.48	-0.001181
47.5	-0.001084
47.52	-0.001299
47.54	-0.001142
47.56	-0.001266
47.58	-0.001201
47.6	-0.001325
47.62	-0.001318
47.64	-0.001305
47.66	-0.00126
47.68	-0.001305
47.7	-0.001403
47.72	-0.001338
47.74	-0.001234
47.76	-0.001344
47.78	-0.001279
47.8	-0.001155
47.82	-0.001188
47.84	-0.001234
47.86	-0.001175
47.88	-0.001435
47.9	-0.001181
47.92	-0.001344
47.94	-0.001175
47.96	-0.001188
47.98	-0.001129
48	-0.001175
48.02	-0.001123
48.04	-0.001149
48.06	-0.00111
48.08	-0.000999
48.1	-0.001045
48.12	-0.001084
48.14	-0.001162
48.16	-0.001058
48.18	-0.001227
48.2	-0.001234
48.22	-0.001142
48.24	-0.001194
48.26	-0.001214
48.28	-0.001084
48.3	-0.001292
48.32	-0.001116
48.34	-0.001181
48.36	-0.001234
48.38	-0.001214
48.4	-0.001064
48.42	-0.001383
48.44	-0.001194
48.46	-0.001103
48.48	-0.00137
48.5	-0.001194
48.52	-0.00139
48.54	-0.001344
48.56	-0.001227
48.58	-0.001201
48.6	-0.001247
48.62	-0.001266
48.64	-0.001344
48.66	-0.001253
48.68	-0.001129
48.7	-0.00126
48.72	-0.00126
48.74	-0.001045
48.76	-0.00122
48.78	-0.001097
48.8	-0.001175
48.82	-0.001194
48.84	-0.00122
48.86	-0.00109
48.88	-0.001155
48.9	-0.001103
48.92	-0.001077
48.94	-0.001019
48.96	-0.001032
48.98	-0.001103
49	-0.001051
49.02	-0.001129
49.04	-0.001162
49.06	-0.001188
49.08	-0.001247
49.1	-0.001201
49.12	-0.00126
49.14	-0.001214
49.16	-0.001299
49.18	-0.001318
49.2	-0.001409
49.22	-0.001279
49.24	-0.001181
49.26	-0.001318
49.28	-0.001448
49.3	-0.001253
49.32	-0.001338
49.34	-0.001194
49.36	-0.001273
49.38	-0.00137
49.4	-0.001338
49.42	-0.001299
49.44	-0.001162
49.46	-0.001142
49.48	-0.001175
49.5	-0.001168
49.52	-0.001045
49.54	-0.000934
49.56	-0.00122
49.58	-0.001058
49.6	-0.001084
49.62	-0.001142
49.64	-0.001077
49.66	-0.001045
49.68	-0.001162
49.7	-0.001286
49.72	-0.001136
49.74	-0.001194
49.76	-0.001123
49.78	-0.001338
49.8	-0.001331
49.82	-0.001383
49.84	-0.001357
49.86	-0.001312
49.88	-0.001194
49.9	-0.001344
49.92	-0.001416
49.94	-0.001448
49.96	-0.001103
49.98	-0.001201
50	-0.001142
