	0.000000	5.318739
	0.020000	5.322979
	0.040000	5.328651
	0.060000	5.318661
	0.080000	5.292352
	0.100000	5.309818
	0.120000	5.306321
	0.140000	5.331647
	0.160000	5.328286
	0.180000	5.315509
	0.200000	5.319729
	0.220000	5.328814
	0.240000	5.332083
	0.260000	5.315347
	0.280000	5.323018
	0.300000	5.286621
	0.320000	5.304569
	0.340000	5.302654
	0.360000	5.309993
	0.380000	5.300440
	0.400000	5.300101
	0.420000	5.298832
	0.440000	5.289246
	0.460000	5.310430
	0.480000	5.306640
	0.500000	5.310781
	0.520000	5.324405
	0.540000	5.334584
	0.560000	5.319456
	0.580000	5.322119
	0.600000	5.316388
	0.620000	5.315184
	0.640000	5.332721
	0.660000	5.319938
	0.680000	5.323148
	0.700000	5.325278
	0.720000	5.321989
	0.740000	5.318948
	0.760000	5.326697
	0.780000	5.321279
	0.800000	5.331803
	0.820000	5.333359
	0.840000	6.556346
	0.860000	7.964500
	0.880000	9.950222
	0.900000	10.539903
	0.920000	10.601306
	0.940000	10.633170
	0.960000	10.648956
	0.980000	10.664071
	1.000000	10.665373
	1.020000	10.665373
	1.040000	10.665373
	1.060000	10.665373
	1.080000	10.665373
	1.100000	10.665373
	1.120000	10.665373
	1.140000	10.665373
	1.160000	10.661935
	1.180000	10.651567
	1.200000	10.642750
	1.220000	10.634544
	1.240000	10.625284
	1.260000	10.611107
	1.280000	10.587051
	1.300000	10.527738
	1.320000	9.924219
	1.340000	8.524328
	1.360000	7.498323
	1.380000	6.728483
	1.400000	6.087825
	1.420000	5.503719
	1.440000	4.985484
	1.460000	4.521821
	1.480000	4.096938
	1.500000	3.689795
	1.520000	3.313461
	1.540000	2.953889
	1.560000	2.599925
	1.580000	2.405770
	1.600000	2.139342
	1.620000	1.773220
	1.640000	1.351600
	1.660000	1.091268
	1.680000	0.974061
	1.700000	0.927889
	1.720000	0.893876
	1.740000	0.856665
	1.760000	0.835559
	1.780000	0.808527
	1.800000	0.794103
	1.820000	0.775836
	1.840000	0.756267
	1.860000	0.743294
	1.880000	0.747169
	1.900000	0.747638
	1.920000	0.742148
	1.940000	0.732920
	1.960000	0.730491
	1.980000	0.735681
	2.000000	0.738625
	2.020000	0.734405
	2.040000	0.733975
	2.060000	0.741204
	2.080000	0.750796
	2.100000	0.755003
	2.120000	0.758025
	2.140000	0.763104
	2.160000	0.764589
	2.180000	0.759021
	2.200000	0.755947
	2.220000	0.753792
	2.240000	0.742519
	2.260000	0.742506
	2.280000	0.714445
	2.300000	0.701655
	2.320000	0.680523
	2.340000	0.662146
	2.360000	0.632912
	2.380000	0.611858
	2.400000	0.601426
	2.420000	0.593396
	2.440000	0.559878
	2.460000	0.530866
	2.480000	0.498963
	2.500000	0.465796
	2.520000	0.426684
	2.540000	0.393764
	2.560000	0.355609
	2.580000	0.283272
	2.600000	0.187047
	2.620000	0.064045
	2.640000	0.015802
	2.660000	0.004230
	2.680000	-0.001533
	2.700000	-0.002731
	2.720000	-0.002542
	2.740000	-0.000791
	2.760000	-4.829170E-5
	2.780000	6.892805E-5
	2.800000	0.004380
	2.820000	0.004165
	2.840000	0.005070
	2.860000	0.005305
	2.880000	0.009271
	2.900000	0.007910
	2.920000	0.009798
	2.940000	0.008691
	2.960000	0.009837
	2.980000	0.006692
	3.000000	0.005748
	3.020000	0.003488
	3.040000	0.005292
	3.060000	0.001690
	3.080000	-0.000993
	3.100000	-0.003500
	3.120000	-0.004008
	3.140000	-0.008293
	3.160000	-0.008254
	3.180000	-0.009172
	3.200000	-0.008944
	3.220000	-0.010325
	3.240000	-0.010090
	3.260000	-0.010819
	3.280000	-0.007427
	3.300000	-0.008039
	3.320000	-0.006801
	3.340000	-0.006469
	3.360000	-0.003930
	3.380000	-0.004229
	3.400000	-0.002516
	3.420000	-0.000100
	3.440000	0.001463
	3.460000	0.002426
	3.480000	0.002700
	3.500000	0.005930
	3.520000	0.006503
	3.540000	0.008580
	3.560000	0.007180
	3.580000	0.009251
	3.600000	0.006978
	3.620000	0.008248
	3.640000	0.006803
	3.660000	0.007649
	3.680000	0.004406
	3.700000	0.003266
	3.720000	0.000740
	3.740000	-0.000452
	3.760000	-0.003461
	3.780000	-0.003623
	3.800000	-0.005681
	3.820000	-0.006235
	3.840000	-0.008996
	3.860000	-0.007557
	3.880000	-0.007355
	3.900000	-0.009257
	3.920000	-0.008443
	3.940000	-0.006697
	3.960000	-0.008742
	3.980000	-0.006092
	4.000000	-0.005486
	4.020000	-0.003376
	4.040000	-0.003031
	4.060000	-0.001012
	4.080000	-0.000309
	4.100000	-0.000465
	4.120000	0.005481
	4.140000	0.004400
	4.160000	0.008945
	4.180000	0.009342
	4.200000	0.010378
	4.220000	0.007141
	4.240000	0.009277
	4.260000	0.007389
	4.280000	0.006991
	4.300000	0.002211
	4.320000	0.004543
	4.340000	-0.001207
	4.360000	-0.002471
	4.380000	-0.006775
	4.400000	-0.004913
	4.420000	-0.008729
	4.440000	-0.006176
	4.460000	-0.009751
	4.480000	-0.007134
	4.500000	-0.009367
	4.520000	-0.008189
	4.540000	-0.009432
	4.560000	-0.006710
	4.580000	-0.007798
	4.600000	-0.007524
	4.620000	-0.007335
	4.640000	-0.004939
	4.660000	-0.004066
	4.680000	-0.002048
	4.700000	-0.000179
	4.720000	0.000460
	4.740000	0.003586
	4.760000	0.004921
	4.780000	0.008685
	4.800000	0.008587
	4.820000	0.008926
	4.840000	0.008431
	4.860000	0.009655
	4.880000	0.006067
	4.900000	0.006190
	4.920000	0.004562
	4.940000	0.005285
	4.960000	0.000870
	4.980000	-0.000680
	5.000000	-0.002829
	5.020000	-0.002315
	5.040000	-0.004509
	5.060000	-0.005154
	5.080000	-0.007733
	5.100000	-0.006124
	5.120000	-0.008540
	5.140000	-0.008332
	5.160000	-0.008918
	5.180000	-0.007746
	5.200000	-0.008514
	5.220000	-0.006723
	5.240000	-0.005382
	5.260000	-0.005395
	5.280000	-0.002901
	5.300000	-0.001605
	5.320000	0.000284
	5.340000	-0.000335
	5.360000	0.004100
	5.380000	0.004282
	5.400000	0.008502
	5.420000	0.008287
	5.440000	0.009831
	5.460000	0.008079
	5.480000	0.011009
	5.500000	0.007395
	5.520000	0.010274
	5.540000	0.008828
	5.560000	0.007805
	5.580000	0.002843
	5.600000	0.004360
	5.620000	0.001886
	5.640000	0.000909
	5.660000	-0.003480
	5.680000	-0.002868
	5.700000	-0.005180
	5.720000	-0.006730
	5.740000	-0.007681
	5.760000	-0.008084
	5.780000	-0.007876
	5.800000	-0.006899
	5.820000	-0.006013
	5.840000	-0.006665
	5.860000	-0.005258
	5.880000	-0.006541
	5.900000	-0.003995
	5.920000	-0.001533
	5.940000	0.000642
	5.960000	0.001085
	5.980000	0.007604
	6.000000	0.007812
	6.020000	0.009245
	6.040000	0.009140
	6.060000	0.011244
	6.080000	0.011348
	6.100000	0.011491
	6.120000	0.008600
	6.140000	0.007903
	6.160000	0.005350
	6.180000	0.005832
	6.200000	0.002811
	6.220000	0.002921
	6.240000	4.939143E-5
	6.260000	-0.001592
	6.280000	-0.003265
	6.300000	-0.001865
	6.320000	-0.002933
	6.340000	-0.003103
	6.360000	-0.004581
	6.380000	-0.003519
	6.400000	-0.004236
	6.420000	-0.002041
	6.440000	-0.000615
	6.460000	0.001573
	6.480000	0.002055
	6.500000	0.006151
	6.520000	0.013198
	6.540000	0.020485
	6.560000	0.031901
	6.580000	0.045869
	6.600000	0.064846
	6.620000	0.077883
	6.640000	0.097146
	6.660000	0.110763
	6.680000	0.127539
	6.700000	0.130404
	6.720000	0.142680
	6.740000	0.147160
	6.760000	0.157215
	6.780000	0.164658
	6.800000	0.169126
	6.820000	0.172525
	6.840000	0.176081
	6.860000	0.169237
	6.880000	0.170839
	6.900000	0.166156
	6.920000	0.164737
	6.940000	0.167179
	6.960000	0.171457
	6.980000	0.166124
	7.000000	0.165831
	7.020000	0.171158
	7.040000	0.174876
	7.060000	0.172428
	7.080000	0.174010
	7.100000	0.163252
	7.120000	0.157645
	7.140000	0.158452
	7.160000	0.158094
	7.180000	0.160914
	7.200000	0.166892
	7.220000	0.172115
	7.240000	0.170155
	7.260000	0.173717
	7.280000	0.168396
	7.300000	0.166085
	7.320000	0.149863
	7.340000	0.140134
	7.360000	0.135197
	7.380000	0.137333
	7.400000	0.134728
	7.420000	0.134813
	7.440000	0.117204
	7.460000	0.098905
	7.480000	0.087691
	7.500000	0.082794
	7.520000	0.056126
	7.540000	0.029335
	7.560000	0.018935
	7.580000	0.021435
	7.600000	0.021331
	7.620000	0.026508
	7.640000	0.029706
	7.660000	0.033737
	7.680000	0.035267
	7.700000	0.039246
	7.720000	0.044443
	7.740000	0.047263
	7.760000	0.052232
	7.780000	0.055859
	7.800000	0.060483
	7.820000	0.064533
	7.840000	0.065360
	7.860000	0.067848
	7.880000	0.071221
	7.900000	0.072563
	7.920000	0.076464
	7.940000	0.074295
	7.960000	0.078495
	7.980000	0.075181
	8.000000	0.077642
	8.020000	0.075174
	8.040000	0.075617
	8.060000	0.073429
	8.080000	0.071514
	8.100000	0.068753
	8.120000	0.067353
	8.140000	0.064260
	8.160000	0.062677
	8.180000	0.063674
	8.200000	0.064664
	8.220000	0.058138
	8.240000	0.056829
	8.260000	0.053912
	8.280000	0.051522
	8.300000	0.045283
	8.320000	0.042613
	8.340000	0.039520
	8.360000	0.040406
	8.380000	0.039963
	8.400000	0.042294
	8.420000	0.038504
	8.440000	0.033809
	8.460000	0.030188
	8.480000	0.031425
	8.500000	0.026391
	8.520000	0.013732
	8.540000	0.008574
	8.560000	0.005494
	8.580000	0.006783
	8.600000	0.005474
	8.620000	0.008691
	8.640000	0.007740
	8.660000	0.009232
	8.680000	0.006816
	8.700000	0.007981
	8.720000	0.005350
	8.740000	0.006672
	8.760000	0.004816
	8.780000	0.005188
	8.800000	0.000896
	8.820000	0.000570
	8.840000	-0.002777
	8.860000	-0.001969
	8.880000	-0.006000
	8.900000	-0.005883
	8.920000	-0.009673
	8.940000	-0.007974
	8.960000	-0.010038
	8.980000	-0.008586
	9.000000	-0.009641
	9.020000	-0.006932
	9.040000	-0.008097
	9.060000	-0.006938
	9.080000	-0.005089
	9.100000	-0.002484
	9.120000	-0.000739
	9.140000	-0.000302
	9.160000	0.001547
	9.180000	0.003403
	9.200000	0.003071
	9.220000	0.003885
	9.240000	0.008014
	9.260000	0.007773
	9.280000	0.007845
	9.300000	0.007551
	9.320000	0.010215
	9.340000	0.009668
	9.360000	0.010215
	9.380000	0.006887
	9.400000	0.007135
	9.420000	0.007753
	9.440000	0.005148
	9.460000	-0.002230
	9.480000	0.002843
	9.500000	-0.001663
	9.520000	-0.006404
	9.540000	-0.006977
	9.560000	-0.005942
	9.580000	-0.008990
	9.600000	-0.008176
	9.620000	-0.008351
	9.640000	-0.010292
	9.660000	-0.009582
	9.680000	-0.007733
	9.700000	-0.009504
	9.720000	-0.007778
	9.740000	-0.004737
	9.760000	-0.009628
	9.780000	-0.004705
	9.800000	-0.001800
	9.820000	-0.002777
	9.840000	-0.003304
	9.860000	0.003305
	9.880000	0.001931
	9.900000	0.004113
	9.920000	0.006555
	9.940000	0.009095
	9.960000	0.007109
	9.980000	0.008567
	10.000000	0.006568
	10.020000	0.007428
	10.040000	0.005611
	10.060000	0.005962
	10.080000	0.001899
	10.100000	0.000414
	10.120000	0.001371
	10.140000	-0.003995
	10.160000	-0.007420
	10.180000	-0.004900
	10.200000	-0.005733
	10.220000	-0.009823
	10.240000	-0.007420
	10.260000	-0.008644
	10.280000	-0.012604
	10.300000	-0.007765
	10.320000	-0.007948
	10.340000	-0.010435
	10.360000	-0.007042
	10.380000	-0.007863
	10.400000	-0.006443
	10.420000	-0.004379
	10.440000	0.000264
	10.460000	-0.003558
	10.480000	0.001964
	10.500000	0.003507
	10.520000	0.005298
	10.540000	0.006223
	10.560000	0.010000
	10.580000	0.008281
	10.600000	0.009635
	10.620000	0.007936
	10.640000	0.009433
	10.660000	0.007408
	10.680000	0.008971
	10.700000	0.005819
	10.720000	0.004647
	10.740000	0.002322
	10.760000	0.002785
	10.780000	-0.000836
	10.800000	-0.000491
	10.820000	-0.002471
	10.840000	-0.003272
	10.860000	-0.005525
	10.880000	-0.004288
	10.900000	-0.007700
	10.920000	-0.006932
	10.940000	-0.008488
	10.960000	-0.010058
	10.980000	-0.010285
	11.000000	-0.008026
	11.020000	-0.007205
	11.040000	-0.007752
	11.060000	-0.006476
	11.080000	-0.005258
	11.100000	-0.002849
	11.120000	0.000694
	11.140000	0.003553
	11.160000	0.003559
	11.180000	0.006256
	11.200000	0.005904
	11.220000	0.008177
	11.240000	0.007102
	11.260000	0.009655
	11.280000	0.008463
	11.300000	0.008548
	11.320000	0.006399
	11.340000	0.009694
	11.360000	0.008235
	11.380000	0.006438
	11.400000	0.003488
	11.420000	0.006145
	11.440000	0.005936
	11.460000	0.006379
	11.480000	0.006151
	11.500000	0.008483
	11.520000	0.011967
	11.540000	0.019873
	11.560000	0.024372
	11.580000	0.033522
	11.600000	0.040152
	11.620000	0.046501
	11.640000	0.049887
	11.660000	0.058483
	11.680000	0.063140
	11.700000	0.070479
	11.720000	0.079355
	11.740000	0.083796
	11.760000	0.087762
	11.780000	0.092067
	11.800000	0.095597
	11.820000	0.099693
	11.840000	0.100884
	11.860000	0.100702
	11.880000	0.104375
	11.900000	0.105866
	11.920000	0.109194
	11.940000	0.109487
	11.960000	0.113147
	11.980000	0.114462
	12.000000	0.114124
	12.020000	0.113290
	12.040000	0.111805
	12.060000	0.107234
	12.080000	0.106941
	12.100000	0.099869
	12.120000	0.098709
	12.140000	0.094444
	12.160000	0.095023
	12.180000	0.090419
	12.200000	0.088179
	12.220000	0.084890
	12.240000	0.080918
	12.260000	0.079440
	12.280000	0.076314
	12.300000	0.070075
	12.320000	0.068232
	12.340000	0.065178
	12.360000	0.062267
	12.380000	0.065113
	12.400000	0.058177
	12.420000	0.052434
	12.440000	0.046462
	12.460000	0.045902
	12.480000	0.027407
	12.500000	0.016512
	12.520000	0.010046
	12.540000	0.013354
	12.560000	0.012312
	12.580000	0.016030
	12.600000	0.012455
	12.620000	0.014949
	12.640000	0.013126
	12.660000	0.015216
	12.680000	0.012787
	12.700000	0.013907
	12.720000	0.011830
	12.740000	0.011739
	12.760000	0.008567
	12.780000	0.006724
	12.800000	0.005969
	12.820000	0.008300
	12.840000	0.007415
	12.860000	0.008906
	12.880000	0.008027
	12.900000	0.011146
	12.920000	0.014109
	12.940000	0.020068
	12.960000	0.024418
	12.980000	0.029231
	13.000000	0.033353
	13.020000	0.037410
	13.040000	0.039728
	13.060000	0.043818
	13.080000	0.051828
	13.100000	0.056439
	13.120000	0.062749
	13.140000	0.067581
	13.160000	0.079635
	13.180000	0.092366
	13.200000	0.105163
	13.220000	0.119835
	13.240000	0.142445
	13.260000	0.167791
	13.280000	0.201576
	13.300000	0.236801
	13.320000	0.290005
	13.340000	0.349657
	13.360000	0.419898
	13.380000	0.524263
	13.400000	0.668117
	13.420000	0.862220
	13.440000	1.159913
	13.460000	1.580829
	13.480000	2.244352
	13.500000	3.275404
	13.520000	4.726024
	13.540000	6.333407
	13.560000	8.007324
	13.580000	9.483010
	13.600000	10.301048
	13.620000	10.529861
	13.640000	10.574424
	13.660000	10.590183
	13.680000	10.599659
	13.700000	10.606392
	13.720000	10.611328
	13.740000	10.615555
	13.760000	10.618596
	13.780000	10.620686
	13.800000	10.622608
	13.820000	10.624190
	13.840000	10.625486
	13.860000	10.627160
	13.880000	10.628918
	13.900000	10.630403
	13.920000	10.631927
	13.940000	10.633196
	13.960000	10.634505
	13.980000	10.635033
	14.000000	10.635456
	14.020000	10.635352
	14.040000	10.634766
	14.060000	10.634251
	14.080000	10.633939
	14.100000	10.633561
	14.120000	10.633717
	14.140000	10.633789
	14.160000	10.633372
	14.180000	10.632526
	14.200000	10.631920
	14.220000	10.630989
	14.240000	10.628430
	14.260000	10.624327
	14.280000	10.619260
	14.300000	10.614090
	14.320000	10.611504
	14.340000	10.611680
	14.360000	10.609264
	14.380000	10.594149
	14.400000	10.561823
	14.420000	10.511972
	14.440000	10.075341
	14.460000	6.898087
	14.480000	2.857320
	14.500000	0.970297
	14.520000	0.436413
	14.540000	0.261821
	14.560000	0.189307
	14.580000	0.150397
	14.600000	0.132000
	14.620000	0.123638
	14.640000	0.121092
	14.660000	0.112418
	14.680000	0.114072
	14.700000	0.113603
	14.720000	0.117790
	14.740000	0.117621
	14.760000	0.119190
	14.780000	0.117328
	14.800000	0.115967
	14.820000	0.114645
	14.840000	0.116143
	14.860000	0.119568
	14.880000	0.121320
	14.900000	0.122368
	14.920000	0.116585
	14.940000	0.122948
	14.960000	0.115387
	14.980000	0.108868
	15.000000	0.109285
	15.020000	0.114664
	15.040000	0.111577
	15.060000	0.112365
	15.080000	0.117041
	15.100000	0.120278
	15.120000	0.118988
	15.140000	0.125208
	15.160000	0.122388
	15.180000	0.121613
	15.200000	0.127949
	15.220000	0.133537
	15.240000	0.132521
	15.260000	0.139026
	15.280000	0.148632
	15.300000	0.158459
	15.320000	0.175111
	15.340000	0.197890
	15.360000	0.227208
	15.380000	0.266301
	15.400000	0.324598
	15.420000	0.411608
	15.440000	0.542419
	15.460000	0.762805
	15.480000	1.115161
	15.500000	1.570267
	15.520000	2.047449
	15.540000	2.533513
	15.560000	3.001259
	15.580000	3.437401
	15.600000	3.895132
	15.620000	4.309666
	15.640000	4.736151
	15.660000	5.105725
	15.680000	5.396020
	15.700000	5.689525
	15.720000	5.920956
	15.740000	6.094760
	15.760000	6.233053
	15.780000	6.377651
	15.800000	6.497775
	15.820000	6.582928
	15.840000	6.691311
	15.860000	6.834684
	15.880000	6.957830
	15.900000	7.110717
	15.920000	7.221672
	15.940000	7.334209
	15.960000	7.393477
	15.980000	7.394610
	16.000000	7.328348
	16.020000	7.262705
	16.040000	7.164553
	16.060000	7.067691
	16.080000	7.029125
	16.100000	7.010813
	16.120000	7.011243
	16.140000	6.977171
	16.160000	6.894075
	16.180000	6.850482
	16.200000	6.691311
	16.220000	6.382795
	16.240000	6.034666
	16.260000	5.649403
	16.280000	5.338204
	16.300000	5.247528
	16.320000	5.295973
	16.340000	5.073861
	16.360000	4.458151
	16.380000	3.879216
	16.400000	3.568342
	16.420000	3.248124
	16.440000	2.255273
	16.460000	1.068364
	16.480000	0.595910
	16.500000	0.574009
	16.520000	0.674916
	16.540000	0.801318
	16.560000	0.931445
	16.580000	1.068143
	16.600000	1.198159
	16.620000	1.326860
	16.640000	1.444672
	16.660000	1.566672
	16.680000	1.670359
	16.700000	1.763165
	16.720000	1.845284
	16.740000	1.911168
	16.760000	1.967993
	16.780000	2.017883
	16.800000	2.058663
	16.820000	2.102321
	16.840000	2.142292
	16.860000	2.177458
	16.880000	2.213015
	16.900000	2.248754
	16.920000	2.279948
	16.940000	2.294939
	16.960000	2.321281
	16.980000	2.329668
	17.000000	2.331811
	17.020000	2.307755
	17.040000	2.282800
	17.060000	2.265946
	17.080000	2.245296
	17.100000	2.219377
	17.120000	2.193876
	17.140000	2.161705
	17.160000	2.143673
	17.180000	2.141237
	17.200000	2.146369
	17.220000	2.090097
	17.240000	2.016802
	17.260000	1.878261
	17.280000	1.756946
	17.300000	1.709432
	17.320000	1.732303
	17.340000	1.705141
	17.360000	1.575170
	17.380000	1.451093
	17.400000	1.381172
	17.420000	1.358170
	17.440000	1.179358
	17.460000	0.994522
	17.480000	1.196056
	17.500000	1.692507
	17.520000	2.258522
	17.540000	2.756648
	17.560000	3.232052
	17.580000	3.704708
	17.600000	4.169882
	17.620000	4.624479
	17.640000	5.055718
	17.660000	5.461077
	17.680000	5.812788
	17.700000	6.112376
	17.720000	6.424988
	17.740000	6.690028
	17.760000	6.902912
	17.780000	7.089389
	17.800000	7.245943
	17.820000	7.409282
	17.840000	7.556744
	17.860000	7.698867
	17.880000	7.855889
	17.900000	8.007669
	17.920000	8.127422
	17.940000	8.243066
	17.960000	8.340671
	17.980000	8.375069
	18.000000	8.320366
	18.020000	8.294350
	18.040000	8.254013
	18.060000	8.218841
	18.080000	8.148802
	18.100000	8.103920
	18.120000	7.996709
	18.140000	7.822625
	18.160000	7.647004
	18.180000	7.616435
	18.200000	7.594502
	18.220000	7.478767
	18.240000	7.159337
	18.260000	6.667665
	18.280000	6.196793
	18.300000	5.943039
	18.320000	5.981272
	18.340000	5.865342
	18.360000	5.219317
	18.380000	4.645084
	18.400000	4.208623
	18.420000	3.740584
	18.440000	2.634746
	18.460000	1.079057
	18.480000	0.350686
	18.500000	0.111688
	18.520000	0.050024
	18.540000	0.024470
	18.560000	0.014370
	18.580000	0.007324
	18.600000	0.004295
	18.620000	0.002394
	18.640000	2.334259E-5
	18.660000	0.000981
	18.680000	0.004868
	18.700000	0.003664
	18.720000	0.005181
	18.740000	0.006633
	18.760000	0.010768
	18.780000	0.007773
	18.800000	0.012234
	18.820000	0.012774
	18.840000	0.015646
	18.860000	0.015164
	18.880000	0.016480
	18.900000	0.017072
	18.920000	0.019912
	18.940000	0.021598
	18.960000	0.020029
	18.980000	0.020498
	19.000000	0.019488
	19.020000	0.020283
	19.040000	0.018720
	19.060000	0.018153
	19.080000	0.012716
	19.100000	0.012201
	19.120000	0.008294
	19.140000	0.007688
	19.160000	0.005656
	19.180000	0.004595
	19.200000	0.003664
	19.220000	0.002648
	19.240000	-0.000192
	19.260000	0.001853
	19.280000	0.002947
	19.300000	0.005474
	19.320000	0.004015
	19.340000	0.007701
	19.360000	0.011843
	19.380000	0.015724
	19.400000	0.022386
	19.420000	0.028710
	19.440000	0.047582
	19.460000	0.065497
	19.480000	0.088472
	19.500000	0.110190
	19.520000	0.135047
	19.540000	0.154441
	19.560000	0.172642
	19.580000	0.189092
	19.600000	0.210368
	19.620000	0.225359
	19.640000	0.240884
	19.660000	0.251935
	19.680000	0.266145
	19.700000	0.273875
	19.720000	0.278466
	19.740000	0.284724
	19.760000	0.291914
	19.780000	0.292558
	19.800000	0.298068
	19.820000	0.301695
	19.840000	0.308702
	19.860000	0.317240
	19.880000	0.326122
	19.900000	0.322990
	19.920000	0.329424
	19.940000	0.331189
	19.960000	0.335767
	19.980000	0.332914
	20.000000	0.333943
	20.020000	0.335409
	20.040000	0.329854
	20.060000	0.330342
	20.080000	0.323999
	20.100000	0.320554
	20.120000	0.320515
	20.140000	0.325145
	20.160000	0.317721
	20.180000	0.314224
	20.200000	0.300295
	20.220000	0.285460
	20.240000	0.263260
	20.260000	0.256741
	20.280000	0.252899
	20.300000	0.243339
	20.320000	0.216014
	20.340000	0.191730
	20.360000	0.172095
	20.380000	0.152793
	20.400000	0.095512
	20.420000	0.042424
	20.440000	0.010391
	20.460000	-6.782833E-5
	20.480000	-0.006085
	20.500000	-0.006723
	20.520000	-0.009511
	20.540000	-0.008501
	20.560000	-0.010299
	20.580000	-0.008495
	20.600000	-0.009432
	20.620000	-0.009217
	20.640000	-0.008228
	20.660000	-0.006521
	20.680000	-0.005225
	20.700000	-0.004171
	20.720000	-0.002178
	20.740000	-0.000973
	20.760000	0.000746
	20.780000	0.003201
	20.800000	0.007239
	20.820000	0.007740
	20.840000	0.009551
	20.860000	0.008255
	20.880000	0.008991
	20.900000	0.008098
	20.920000	0.008698
	20.940000	0.006679
	20.960000	0.006653
	20.980000	0.003931
	21.000000	0.001378
	21.020000	-0.001181
	21.040000	-0.001110
	21.060000	-0.003122
	21.080000	-0.004229
	21.100000	-0.006254
	21.120000	-0.006267
	21.140000	-0.006801
	21.160000	-0.006828
	21.180000	-0.007381
	21.200000	-0.008084
	21.220000	-0.008390
	21.240000	-0.007524
	21.260000	-0.007270
	21.280000	-0.005558
	21.300000	-0.004210
	21.320000	-0.005336
	21.340000	-0.001592
	21.360000	-0.002021
	21.380000	0.002472
	21.400000	0.003338
	21.420000	0.006399
	21.440000	0.006549
	21.460000	0.009674
	21.480000	0.011413
	21.500000	0.014226
	21.520000	0.012833
	21.540000	0.014337
	21.560000	0.011622
	21.580000	0.012944
	21.600000	0.010234
	21.620000	0.011706
	21.640000	0.008509
	21.660000	0.008939
	21.680000	0.005513
	21.700000	0.005005
	21.720000	0.002915
	21.740000	0.004660
	21.760000	0.000987
	21.780000	0.003025
	21.800000	-0.000185
	21.820000	-0.000667
	21.840000	-0.000504
	21.860000	-0.000159
	21.880000	0.001710
	21.900000	0.002413
	21.920000	0.004146
	21.940000	0.004582
	21.960000	0.005956
	21.980000	0.010879
	22.000000	0.012266
	22.020000	0.014129
	22.040000	0.017743
	22.060000	0.014878
	22.080000	0.018472
	22.100000	0.018303
	22.120000	0.020661
	22.140000	0.016701
	22.160000	0.019964
	22.180000	0.016193
	22.200000	0.016428
	22.220000	0.013276
	22.240000	0.014083
	22.260000	0.009420
	22.280000	0.010195
	22.300000	0.005220
	22.320000	0.005793
	22.340000	0.003078
	22.360000	0.003703
	22.380000	-0.001754
	22.400000	-0.002048
	22.420000	-0.006932
	22.440000	-0.007016
	22.460000	-0.008110
	22.480000	-0.007440
	22.500000	-0.009231
	22.520000	-0.008430
	22.540000	-0.007524
	22.560000	-0.004848
	22.580000	-0.005304
	22.600000	-0.003083
	22.620000	-0.000921
	22.640000	0.000388
	22.660000	0.002960
	22.680000	0.004881
	22.700000	0.007454
	22.720000	0.007109
	22.740000	0.008085
	22.760000	0.007297
	22.780000	0.009453
	22.800000	0.007942
	22.820000	0.008626
	22.840000	0.005259
	22.860000	0.007226
	22.880000	0.003566
	22.900000	0.004172
	22.920000	0.002960
	22.940000	0.002127
	22.960000	-0.002080
	22.980000	-0.001644
	23.000000	-0.002432
	23.020000	-0.003630
	23.040000	-0.007179
	23.060000	-0.007544
	23.080000	-0.010833
	23.100000	-0.010194
	23.120000	-0.010963
	23.140000	-0.010142
	23.160000	-0.011106
	23.180000	-0.010435
	23.200000	-0.010285
	23.220000	-0.007244
	23.240000	-0.005903
	23.260000	-0.003812
	23.280000	-0.002608
	23.300000	-0.000700
	23.320000	0.000824
	23.340000	0.002635
	23.360000	0.004706
	23.380000	0.004048
	23.400000	0.004341
	23.420000	0.005064
	23.440000	0.007532
	23.460000	0.006705
	23.480000	0.007597
	23.500000	0.006210
	23.520000	0.006868
	23.540000	0.004608
	23.560000	0.003846
	23.580000	-0.000179
	23.600000	0.000844
	23.620000	-0.001735
	23.640000	-0.002679
	23.660000	-0.005812
	23.680000	-0.005968
	23.700000	-0.009504
	23.720000	-0.006990
	23.740000	-0.007622
	23.760000	-0.007329
	23.780000	-0.006098
	23.800000	-0.004424
	23.820000	-0.000953
	23.840000	-0.000849
	23.860000	0.002055
	23.880000	0.003970
	23.900000	0.007174
	23.920000	0.008737
	23.940000	0.008945
	23.960000	0.009674
	23.980000	0.010690
	24.000000	0.009987
	24.020000	0.012169
	24.040000	0.010280
	24.060000	0.010085
	24.080000	0.005793
	24.100000	0.007617
	24.120000	0.004823
	24.140000	0.005533
	24.160000	0.000968
	24.180000	0.001397
	24.200000	-0.001370
	24.220000	-0.001019
	24.240000	-0.002901
	24.260000	-0.003376
	24.280000	-0.006645
	24.300000	-0.007843
	24.320000	-0.009413
	24.340000	-0.008234
	24.360000	-0.009680
	24.380000	-0.009471
	24.400000	-0.010937
	24.420000	-0.007726
	24.440000	-0.007896
	24.460000	-0.005167
	24.480000	-0.002666
	24.500000	0.000857
	24.520000	0.000603
	24.540000	0.004159
	24.560000	0.006008
	24.580000	0.007838
	24.600000	0.008867
	24.620000	0.007981
	24.640000	0.010599
	24.660000	0.010456
	24.680000	0.012305
	24.700000	0.010782
	24.720000	0.011394
	24.740000	0.010736
	24.760000	0.010788
	24.780000	0.011068
	24.800000	0.011231
	24.820000	0.009153
	24.840000	0.006692
	24.860000	0.005630
	24.880000	0.003983
	24.900000	0.001964
	24.920000	0.000707
	24.940000	-0.001383
	24.960000	-0.003148
	24.980000	-0.004262
	25.000000	-0.003213
	25.020000	-0.002249
	25.040000	-0.002341
	25.060000	-0.000765
	25.080000	-0.000888
	25.100000	0.001912
	25.120000	0.002192
	25.140000	0.005448
	25.160000	0.005637
	25.180000	0.007610
	25.200000	0.006939
	25.220000	0.009746
	25.240000	0.009564
	25.260000	0.011661
	25.280000	0.010606
	25.300000	0.014200
	25.320000	0.011954
	25.340000	0.014852
	25.360000	0.013334
	25.380000	0.015470
	25.400000	0.010847
	25.420000	0.011433
	25.440000	0.008978
	25.460000	0.008886
	25.480000	0.007050
	25.500000	0.009101
	25.520000	0.007011
	25.540000	0.008424
	25.560000	0.004393
	25.580000	0.007779
	25.600000	0.007304
	25.620000	0.009935
	25.640000	0.010104
	25.660000	0.013191
	25.680000	0.014526
	25.700000	0.016818
	25.720000	0.018987
	25.740000	0.024477
	25.760000	0.027772
	25.780000	0.032233
	25.800000	0.032858
	25.820000	0.036498
	25.840000	0.038654
	25.860000	0.038784
	25.880000	0.042379
	25.900000	0.043473
	25.920000	0.044332
	25.940000	0.042704
	25.960000	0.044131
	25.980000	0.042633
	26.000000	0.043623
	26.020000	0.041767
	26.040000	0.042151
	26.060000	0.040640
	26.080000	0.039194
	26.100000	0.036134
	26.120000	0.036036
	26.140000	0.033229
	26.160000	0.029934
	26.180000	0.027765
	26.200000	0.025180
	26.220000	0.024327
	26.240000	0.020849
	26.260000	0.019117
	26.280000	0.021286
	26.300000	0.022204
	26.320000	0.020120
	26.340000	0.019221
	26.360000	0.019130
	26.380000	0.020524
	26.400000	0.016460
	26.420000	0.016265
	26.440000	0.015347
	26.460000	0.021071
	26.480000	0.022406
	26.500000	0.031738
	26.520000	0.035521
	26.540000	0.042099
	26.560000	0.045726
	26.580000	0.051808
	26.600000	0.053879
	26.620000	0.061108
	26.640000	0.064885
	26.660000	0.071794
	26.680000	0.073618
	26.700000	0.077740
	26.720000	0.080768
	26.740000	0.085731
	26.760000	0.085932
	26.780000	0.092158
	26.800000	0.095688
	26.820000	0.104772
	26.840000	0.111330
	26.860000	0.118168
	26.880000	0.125761
	26.900000	0.138343
	26.920000	0.146385
	26.940000	0.155646
	26.960000	0.168364
	26.980000	0.181206
	27.000000	0.199225
	27.020000	0.218234
	27.040000	0.245820
	27.060000	0.272182
	27.080000	0.308617
	27.100000	0.354717
	27.120000	0.406047
	27.140000	0.469501
	27.160000	0.545258
	27.180000	0.639177
	27.200000	0.762154
	27.220000	0.914546
	27.240000	1.093117
	27.260000	1.339064
	27.280000	1.635278
	27.300000	1.994752
	27.320000	2.479338
	27.340000	3.179993
	27.360000	4.108465
	27.380000	5.466638
	27.400000	7.556119
	27.420000	9.867185
	27.440000	10.518979
	27.460000	10.621820
	27.480000	10.648292
	27.500000	10.660795
	27.520000	10.665373
	27.540000	10.665373
	27.560000	10.665373
	27.580000	10.665373
	27.600000	10.665373
	27.620000	10.665373
	27.640000	10.665373
	27.660000	10.665373
	27.680000	10.665373
	27.700000	10.665373
	27.720000	10.665373
	27.740000	10.665373
	27.760000	10.665373
	27.780000	10.665373
	27.800000	10.665373
	27.820000	10.665373
	27.840000	10.665373
	27.860000	10.665373
	27.880000	10.665373
	27.900000	10.665373
	27.920000	10.665373
	27.940000	10.665373
	27.960000	10.665373
	27.980000	10.665373
	28.000000	10.665373
	28.020000	10.665373
	28.040000	10.665373
	28.060000	10.665373
	28.080000	10.665373
	28.100000	10.665373
	28.120000	10.665373
	28.140000	10.665373
	28.160000	10.665373
	28.180000	10.665373
	28.200000	10.665373
	28.220000	10.665373
	28.240000	10.665373
	28.260000	10.665373
	28.280000	10.665373
	28.300000	10.665373
	28.320000	10.665373
	28.340000	10.665373
	28.360000	10.665373
	28.380000	10.665373
	28.400000	10.622067
	28.420000	8.321766
	28.440000	3.477360
	28.460000	1.443546
	28.480000	0.902329
	28.500000	0.704755
	28.520000	0.612920
	28.540000	0.565954
	28.560000	0.556166
	28.580000	0.559494
	28.600000	0.600403
	28.620000	0.633551
	28.640000	0.669009
	28.660000	0.703889
	28.680000	0.745528
	28.700000	0.773850
	28.720000	0.825472
	28.740000	0.857284
	28.760000	0.893042
	28.780000	0.927740
	28.800000	0.970434
	28.820000	1.002910
	28.840000	1.043781
	28.860000	1.078426
	28.880000	1.118104
	28.900000	1.137745
	28.920000	1.148816
	28.940000	1.152482
	28.960000	1.152469
	28.980000	1.160297
	29.000000	1.164458
	29.020000	1.166405
	29.040000	1.153264
	29.060000	1.140708
	29.080000	1.125763
	29.100000	1.119863
	29.120000	1.123256
	29.140000	1.115213
	29.160000	1.097129
	29.180000	1.036200
	29.200000	0.956979
	29.220000	0.892834
	29.240000	0.854106
	29.260000	0.850205
	29.280000	0.790938
	29.300000	0.666802
	29.320000	0.585849
	29.340000	0.527519
	29.360000	0.463367
	29.380000	0.312381
	29.400000	0.142804
	29.420000	0.058125
	29.440000	0.017847
	29.460000	0.004256
	29.480000	0.001482
	29.500000	0.000596
	29.520000	0.000922
	29.540000	0.002661
	29.560000	0.005852
	29.580000	0.008118
	29.600000	0.010521
	29.620000	0.011980
	29.640000	0.017476
	29.660000	0.018557
	29.680000	0.022881
	29.700000	0.022790
	29.720000	0.026196
	29.740000	0.023011
	29.760000	0.025668
	29.780000	0.024737
	29.800000	0.026261
	29.820000	0.023278
	29.840000	0.023676
	29.860000	0.021917
	29.880000	0.023786
	29.900000	0.021364
	29.920000	0.020732
	29.940000	0.018284
	29.960000	0.017229
	29.980000	0.014435
	30.000000	0.016434
	30.020000	0.014650
	30.040000	0.014051
	30.060000	0.011355
	30.080000	0.014533
	30.100000	0.013979
	30.120000	0.013719
	30.140000	0.013276
	30.160000	0.014246
	30.180000	0.016727
	30.200000	0.015868
	30.220000	0.016441
	30.240000	0.018577
	30.260000	0.021351
	30.280000	0.020035
	30.300000	0.020849
	30.320000	0.020498
	30.340000	0.021435
	30.360000	0.019469
	30.380000	0.019762
	30.400000	0.012038
	30.420000	0.013041
	30.440000	0.009310
	30.460000	0.011316
	30.480000	0.006978
	30.500000	0.007148
	30.520000	0.001521
	30.540000	0.002081
	30.560000	-0.001006
	30.580000	0.001886
	30.600000	-0.001051
	30.620000	0.000909
	30.640000	-0.001370
	30.660000	-0.001260
	30.680000	-0.001839
	30.700000	0.001222
	30.720000	0.003097
	30.740000	0.004504
	30.760000	0.006321
	30.780000	0.007721
	30.800000	0.010013
	30.820000	0.015744
	30.840000	0.020465
	30.860000	0.021422
	30.880000	0.025460
	30.900000	0.028872
	30.920000	0.033757
	30.940000	0.035691
	30.960000	0.040217
	30.980000	0.041311
	31.000000	0.046110
	31.020000	0.048546
	31.040000	0.054413
	31.060000	0.059551
	31.080000	0.065712
	31.100000	0.071573
	31.120000	0.082807
	31.140000	0.100389
	31.160000	0.118363
	31.180000	0.135464
	31.200000	0.163421
	31.220000	0.198138
	31.240000	0.243267
	31.260000	0.293926
	31.280000	0.362376
	31.300000	0.447751
	31.320000	0.571587
	31.340000	0.727281
	31.360000	0.940692
	31.380000	1.268888
	31.400000	1.790308
	31.420000	2.637403
	31.440000	3.997334
	31.460000	5.821417
	31.480000	7.446532
	31.500000	8.668489
	31.520000	9.596524
	31.540000	10.232728
	31.560000	10.514075
	31.580000	10.574736
	31.600000	10.594221
	31.620000	10.605956
	31.640000	10.614461
	31.660000	10.620556
	31.680000	10.625994
	31.700000	10.630559
	31.720000	10.634610
	31.740000	10.638517
	31.760000	10.641799
	31.780000	10.645003
	31.800000	10.648292
	31.820000	10.651092
	31.840000	10.653384
	31.860000	10.655318
	31.880000	10.657116
	31.900000	10.658184
	31.920000	10.658692
	31.940000	10.659187
	31.960000	10.659753
	31.980000	10.660476
	32.000000	10.660756
	32.020000	10.660945
	32.040000	10.660639
	32.060000	10.660287
	32.080000	10.660300
	32.100000	10.660730
	32.120000	10.660763
	32.140000	10.659949
	32.160000	10.657734
	32.180000	10.654120
	32.200000	10.650434
	32.220000	10.648129
	32.240000	10.648148
	32.260000	10.643603
	32.280000	10.630149
	32.300000	10.617326
	32.320000	10.603169
	32.340000	10.582558
	32.360000	9.330071
	32.380000	4.617407
	32.400000	1.962275
	32.420000	0.785760
	32.440000	0.284138
	32.460000	0.128815
	32.480000	0.076171
	32.500000	0.047836
	32.520000	0.032930
	32.540000	0.021045
	32.560000	0.017261
	32.580000	0.010345
	32.600000	0.010541
	32.620000	0.009310
	32.640000	0.010918
	32.660000	0.009954
	32.680000	0.012761
	32.700000	0.015216
	32.720000	0.019632
	32.740000	0.020022
	32.760000	0.023565
	32.780000	0.025239
	32.800000	0.027876
	32.820000	0.030240
	32.840000	0.031601
	32.860000	0.033229
	32.880000	0.032415
	32.900000	0.034662
	32.920000	0.034252
	32.940000	0.035489
	32.960000	0.035489
	32.980000	0.035867
	33.000000	0.034492
	33.020000	0.031477
	33.040000	0.031471
	33.060000	0.030767
	33.080000	0.028137
	33.100000	0.025786
	33.120000	0.023057
	33.140000	0.019768
	33.160000	0.020055
	33.180000	0.017105
	33.200000	0.013614
	33.220000	0.011602
	33.240000	0.013360
	33.260000	0.011843
	33.280000	0.008548
	33.300000	0.007617
	33.320000	0.007102
	33.340000	0.006099
	33.360000	0.007786
	33.380000	0.006718
	33.400000	0.007271
	33.420000	0.008867
	33.440000	0.014520
	33.460000	0.021742
	33.480000	0.031829
	33.500000	0.036101
	33.520000	0.042060
	33.540000	0.046299
	33.560000	0.053469
	33.580000	0.057474
	33.600000	0.065920
	33.620000	0.068245
	33.640000	0.072061
	33.660000	0.074881
	33.680000	0.083308
	33.700000	0.085379
	33.720000	0.090230
	33.740000	0.088414
	33.760000	0.093096
	33.780000	0.096886
	33.800000	0.101861
	33.820000	0.102617
	33.840000	0.108894
	33.860000	0.108406
	33.880000	0.114912
	33.900000	0.116566
	33.920000	0.120213
	33.940000	0.119132
	33.960000	0.121971
	33.980000	0.125273
	34.000000	0.125338
	34.020000	0.126992
	34.040000	0.130046
	34.060000	0.128190
	34.080000	0.126145
	34.100000	0.128933
	34.120000	0.130521
	34.140000	0.129395
	34.160000	0.127767
	34.180000	0.122329
	34.200000	0.112932
	34.220000	0.109728
	34.240000	0.108595
	34.260000	0.102610
	34.280000	0.086623
	34.300000	0.074197
	34.320000	0.063530
	34.340000	0.059258
	34.360000	0.042763
	34.380000	0.023754
	34.400000	0.008756
	34.420000	0.002967
	34.440000	-0.002445
	34.460000	-0.002380
	34.480000	-0.004919
	34.500000	-0.006131
	34.520000	-0.007518
	34.540000	-0.006971
	34.560000	-0.008443
	34.580000	-0.007016
	34.600000	-0.008599
	34.620000	-0.009563
	34.640000	-0.008091
	34.660000	-0.005532
	34.680000	-0.006033
	34.700000	-0.002197
	34.720000	0.001183
	34.740000	0.000902
	34.760000	0.001918
	34.780000	0.007213
	34.800000	0.009818
	34.820000	0.009798
	34.840000	0.009766
	34.860000	0.008750
	34.880000	0.009779
	34.900000	0.006972
	34.920000	0.005363
	34.940000	0.005813
	34.960000	0.004523
	34.980000	-0.000179
	35.000000	-0.000673
	35.020000	-0.002809
	35.040000	-0.002178
	35.060000	-0.005284
	35.080000	-0.005375
	35.100000	-0.008202
	35.120000	-0.005935
	35.140000	-0.009081
	35.160000	-0.008026
	35.180000	-0.009641
	35.200000	-0.009647
	35.220000	-0.010579
	35.240000	-0.005720
	35.260000	-0.006326
	35.280000	-0.006398
	35.300000	-0.005623
	35.320000	-0.001481
	35.340000	-0.001110
	35.360000	0.001397
	35.380000	0.003859
	35.400000	0.005578
	35.420000	0.006060
	35.440000	0.008470
	35.460000	0.011120
	35.480000	0.011869
	35.500000	0.011407
	35.520000	0.010853
	35.540000	0.012429
	35.560000	0.012025
	35.580000	0.011648
	35.600000	0.008711
	35.620000	0.008294
	35.640000	0.006907
	35.660000	0.006334
	35.680000	0.002029
	35.700000	0.002654
	35.720000	0.001293
	35.740000	-0.000491
	35.760000	-0.000166
	35.780000	0.000440
	35.800000	-0.000166
	35.820000	0.000173
	35.840000	0.000857
	35.860000	0.000544
	35.880000	0.001222
	35.900000	0.002583
	35.920000	0.003937
	35.940000	0.005363
	35.960000	0.006490
	35.980000	0.008346
	36.000000	0.012963
	36.020000	0.014806
	36.040000	0.016323
	36.060000	0.016525
	36.080000	0.019345
	36.100000	0.019098
	36.120000	0.019365
	36.140000	0.017515
	36.160000	0.017548
	36.180000	0.013959
	36.200000	0.014038
	36.220000	0.013022
	36.240000	0.011784
	36.260000	0.006659
	36.280000	0.005604
	36.300000	0.002895
	36.320000	0.002811
	36.340000	0.000336
	36.360000	-0.001273
	36.380000	-0.004581
	36.400000	-0.006951
	36.420000	-0.008482
	36.440000	-0.008618
	36.460000	-0.009778
	36.480000	-0.010663
	36.500000	-0.010852
	36.520000	-0.009211
	36.540000	-0.006176
	36.560000	-0.004835
	36.580000	-0.000322
	36.600000	1.031817E-5
	36.620000	0.004100
	36.640000	0.004100
	36.660000	0.009648
	36.680000	0.008092
	36.700000	0.011530
	36.720000	0.008632
	36.740000	0.013797
	36.760000	0.009538
	36.780000	0.012143
	36.800000	0.010729
	36.820000	0.011889
	36.840000	0.007955
	36.860000	0.007395
	36.880000	0.004393
	36.900000	0.002518
	36.920000	-2.875508E-5
	36.940000	0.000297
	36.960000	-0.001494
	36.980000	-0.003330
	37.000000	-0.005740
	37.020000	-0.005193
	37.040000	-0.005011
	37.060000	-0.003982
	37.080000	-0.003741
	37.100000	-0.003330
	37.120000	-0.002341
	37.140000	-0.002562
	37.160000	-0.000172
	37.180000	0.001547
	37.200000	0.003996
	37.220000	0.002999
	37.240000	0.006861
	37.260000	0.008522
	37.280000	0.011426
	37.300000	0.009909
	37.320000	0.011563
	37.340000	0.009186
	37.360000	0.010847
	37.380000	0.009264
	37.400000	0.009876
	37.420000	0.005103
	37.440000	0.005774
	37.460000	0.001723
	37.480000	0.003872
	37.500000	0.000844
	37.520000	0.001078
	37.540000	-0.003168
	37.560000	-0.000459
	37.580000	-0.002087
	37.600000	-0.003298
	37.620000	-0.004770
	37.640000	-0.003975
	37.660000	-0.005134
	37.680000	-0.005375
	37.700000	-0.005499
	37.720000	-0.004477
	37.740000	-0.004066
	37.760000	-0.003389
	37.780000	-0.001435
	37.800000	0.000974
	37.820000	0.004823
	37.840000	0.005487
	37.860000	0.010371
	37.880000	0.012585
	37.900000	0.014734
	37.920000	0.014226
	37.940000	0.019313
	37.960000	0.016480
	37.980000	0.017313
	38.000000	0.015594
	38.020000	0.018349
	38.040000	0.015373
	38.060000	0.017268
	38.080000	0.011967
	38.100000	0.011810
	38.120000	0.010000
	38.140000	0.011101
	38.160000	0.006015
	38.180000	0.006457
	38.200000	0.002869
	38.220000	0.001957
	38.240000	0.000395
	38.260000	-0.000569
	38.280000	-0.004757
	38.300000	-0.004958
	38.320000	-0.005714
	38.340000	-0.006697
	38.360000	-0.007342
	38.380000	-0.004503
	38.400000	-0.005343
	38.420000	-0.007446
	38.440000	-0.001618
	38.460000	-0.000869
	38.480000	0.002055
	38.500000	0.002934
	38.520000	0.007890
	38.540000	0.007871
	38.560000	0.011648
	38.580000	0.012996
	38.600000	0.013673
	38.620000	0.012709
	38.640000	0.017209
	38.660000	0.016154
	38.680000	0.018590
	38.700000	0.017170
	38.720000	0.017567
	38.740000	0.014917
	38.760000	0.019013
	38.780000	0.016779
	38.800000	0.015985
	38.820000	0.014663
	38.840000	0.016669
	38.860000	0.012325
	38.880000	0.012755
	38.900000	0.011941
	38.920000	0.011967
	38.940000	0.008307
	38.960000	0.011700
	38.980000	0.011263
	39.000000	0.011973
	39.020000	0.012813
	39.040000	0.015503
	39.060000	0.017554
	39.080000	0.018616
	39.100000	0.021663
	39.120000	0.023142
	39.140000	0.025030
	39.160000	0.028625
	39.180000	0.029165
	39.200000	0.032630
	39.220000	0.032949
	39.240000	0.030904
	39.260000	0.036550
	39.280000	0.038582
	39.300000	0.040835
	39.320000	0.040523
	39.340000	0.047849
	39.360000	0.052212
	39.380000	0.060952
	39.400000	0.075747
	39.420000	0.102122
	39.440000	0.140505
	39.460000	0.201915
	39.480000	0.272318
	39.500000	0.329469
	39.520000	0.364420
	39.540000	0.402882
	39.560000	0.438985
	39.580000	0.490621
	39.600000	0.537873
	39.620000	0.594770
	39.640000	0.642492
	39.660000	0.693300
	39.680000	0.745489
	39.700000	0.798811
	39.720000	0.858254
	39.740000	0.911329
	39.760000	0.969874
	39.780000	1.030014
	39.800000	1.085263
	39.820000	1.148868
	39.840000	1.212518
	39.860000	1.261738
	39.880000	1.310110
	39.900000	1.346240
	39.920000	1.374197
	39.940000	1.398898
	39.960000	1.423885
	39.980000	1.458198
	40.000000	1.471496
	40.020000	1.463395
	40.040000	1.448957
	40.060000	1.446496
	40.080000	1.451875
	40.100000	1.428209
	40.120000	1.413309
	40.140000	1.358424
	40.160000	1.272047
	40.180000	1.181104
	40.200000	1.133603
	40.220000	1.103426
	40.240000	0.956087
	40.260000	0.779873
	40.280000	0.654539
	40.300000	0.549914
	40.320000	0.477023
	40.340000	0.327431
	40.360000	0.172174
	40.380000	0.083399
	40.400000	0.037911
	40.420000	0.017255
	40.440000	0.005702
	40.460000	0.007206
	40.480000	0.007760
	40.500000	0.011322
	40.520000	0.009811
	40.540000	0.015711
	40.560000	0.014637
	40.580000	0.016955
	40.600000	0.015021
	40.620000	0.018492
	40.640000	0.018088
	40.660000	0.016929
	40.680000	0.013829
	40.700000	0.012768
	40.720000	0.010801
	40.740000	0.011902
	40.760000	0.008509
	40.780000	0.009114
	40.800000	0.009088
	40.820000	0.008945
	40.840000	0.012032
	40.860000	0.012390
	40.880000	0.012950
	40.900000	0.013927
	40.920000	0.018420
	40.940000	0.018759
	40.960000	0.021781
	40.980000	0.021162
	41.000000	0.025707
	41.020000	0.023409
	41.040000	0.027160
	41.060000	0.030435
	41.080000	0.032467
	41.100000	0.029354
	41.120000	0.034603
	41.140000	0.034623
	41.160000	0.037957
	41.180000	0.038107
	41.200000	0.038530
	41.220000	0.032949
	41.240000	0.035541
	41.260000	0.030592
	41.280000	0.030110
	41.300000	0.025440
	41.320000	0.021553
	41.340000	0.012312
	41.360000	0.012084
	41.380000	0.006386
	41.400000	0.004165
	41.420000	-0.001768
	41.440000	-0.001976
	41.460000	-0.006033
	41.480000	-0.007283
	41.500000	-0.007583
	41.520000	-0.006157
	41.540000	-0.008443
	41.560000	-0.004945
	41.580000	-0.003356
	41.600000	-0.000563
	41.620000	0.000609
	41.640000	0.005292
	41.660000	0.006796
	41.680000	0.008457
	41.700000	0.010768
	41.720000	0.012032
	41.740000	0.015548
	41.760000	0.015972
	41.780000	0.017671
	41.800000	0.018166
	41.820000	0.019768
	41.840000	0.018726
	41.860000	0.020517
	41.880000	0.017717
	41.900000	0.018082
	41.920000	0.014533
	41.940000	0.015321
	41.960000	0.010716
	41.980000	0.010430
	42.000000	0.006405
	42.020000	0.007135
	42.040000	0.005324
	42.060000	0.007232
	42.080000	0.006301
	42.100000	0.007818
	42.120000	0.006627
	42.140000	0.008320
	42.160000	0.008567
	42.180000	0.011498
	42.200000	0.012618
	42.220000	0.011075
	42.240000	0.013165
	42.260000	0.012872
	42.280000	0.014539
	42.300000	0.013614
	42.320000	0.013829
	42.340000	0.011993
	42.360000	0.013074
	42.380000	0.012774
	42.400000	0.015405
	42.420000	0.012403
	42.440000	0.010853
	42.460000	0.008294
	42.480000	0.010449
	42.500000	0.007968
	42.520000	0.007701
	42.540000	0.003052
	42.560000	0.004960
	42.580000	0.002465
	42.600000	0.003813
	42.620000	0.001293
	42.640000	0.001619
	42.660000	0.000206
	42.680000	0.002088
	42.700000	0.002811
	42.720000	0.004569
	42.740000	0.002504
	42.760000	0.004484
	42.780000	0.005455
	42.800000	0.007916
	42.820000	0.008717
	42.840000	0.010182
	42.860000	0.013295
	42.880000	0.015574
	42.900000	0.017919
	42.920000	0.021663
	42.940000	0.023304
	42.960000	0.025512
	42.980000	0.029087
	43.000000	0.032617
	43.020000	0.037358
	43.040000	0.035235
	43.060000	0.036935
	43.080000	0.036863
	43.100000	0.037566
	43.120000	0.036212
	43.140000	0.038003
	43.160000	0.034792
	43.180000	0.034786
	43.200000	0.030338
	43.220000	0.030930
	43.240000	0.026176
	43.260000	0.025128
	43.280000	0.020159
	43.300000	0.020654
	43.320000	0.016069
	43.340000	0.013907
	43.360000	0.008463
	43.380000	0.008300
	43.400000	0.005077
	43.420000	0.007102
	43.440000	0.007050
	43.460000	0.009863
	43.480000	0.016226
	43.500000	0.030364
	43.520000	0.053508
	43.540000	0.070407
	43.560000	0.085711
	43.580000	0.096508
	43.600000	0.108673
	43.620000	0.119027
	43.640000	0.135822
	43.660000	0.147434
	43.680000	0.164919
	43.700000	0.172662
	43.720000	0.187940
	43.740000	0.195552
	43.760000	0.212347
	43.780000	0.223197
	43.800000	0.235941
	43.820000	0.250991
	43.840000	0.266093
	43.860000	0.272546
	43.880000	0.289830
	43.900000	0.307855
	43.920000	0.320164
	43.940000	0.332459
	43.960000	0.336451
	43.980000	0.346883
	44.000000	0.357159
	44.020000	0.366863
	44.040000	0.376781
	44.060000	0.375576
	44.080000	0.374742
	44.100000	0.378448
	44.120000	0.381196
	44.140000	0.375537
	44.160000	0.370874
	44.180000	0.355134
	44.200000	0.339948
	44.220000	0.325582
	44.240000	0.319297
	44.260000	0.289354
	44.280000	0.228784
	44.300000	0.189275
	44.320000	0.162803
	44.340000	0.137301
	44.360000	0.106329
	44.380000	0.067959
	44.400000	0.039559
	44.420000	0.023083
	44.440000	0.010541
	44.460000	0.009349
	44.480000	0.000981
	44.500000	0.003944
	44.520000	0.001196
	44.540000	-0.000908
	44.560000	-0.000478
	44.580000	-0.005121
	44.600000	0.002654
	44.620000	-0.003754
	44.640000	-0.004568
	44.660000	-0.006443
	44.680000	-0.006990
	44.700000	-0.003676
	44.720000	-0.005929
	44.740000	-0.002601
	44.760000	-0.002087
	44.780000	0.001391
	44.800000	0.003449
	44.820000	0.004159
	44.840000	0.007779
	44.860000	0.004999
	44.880000	0.010300
	44.900000	0.012240
	44.920000	0.015796
	44.940000	0.015040
	44.960000	0.015913
	44.980000	0.014292
	45.000000	0.016805
	45.020000	0.018310
	45.040000	0.015171
	45.060000	0.013139
	45.080000	0.017046
	45.100000	0.012657
	45.120000	0.011400
	45.140000	0.011198
	45.160000	0.009414
	45.180000	0.006972
	45.200000	0.006301
	45.220000	0.003559
	45.240000	-0.000270
	45.260000	-0.004184
	45.280000	-0.005851
	45.300000	-0.007036
	45.320000	-0.006593
	45.340000	-0.008879
	45.360000	-0.010097
	45.380000	-0.011015
	45.400000	-0.009244
	45.420000	-0.006105
	45.440000	-0.001872
	45.460000	0.000128
	45.480000	-0.000543
	45.500000	0.001469
	45.520000	0.004074
	45.540000	0.006972
	45.560000	0.007187
	45.580000	0.009153
	45.600000	0.008502
	45.620000	0.010026
	45.640000	0.008014
	45.660000	0.010163
	45.680000	0.008020
	45.700000	0.008541
	45.720000	0.006334
	45.740000	0.006171
	45.760000	0.005018
	45.780000	0.003351
	45.800000	0.000466
	45.820000	-9.218451E-6
	45.840000	-0.001631
	45.860000	-0.002712
	45.880000	-0.006984
	45.900000	-0.006945
	45.920000	-0.006925
	45.940000	-0.007459
	45.960000	-0.008097
	45.980000	-0.005987
	46.000000	-0.005310
	46.020000	-0.005212
	46.040000	-0.001715
	46.060000	-0.001898
	46.080000	0.002322
	46.100000	0.002387
	46.120000	0.004465
	46.140000	0.002902
	46.160000	0.005813
	46.180000	0.005897
	46.200000	0.008652
	46.220000	0.007265
	46.240000	0.010248
	46.260000	0.009349
	46.280000	0.012481
	46.300000	0.010221
	46.320000	0.010358
	46.340000	0.006444
	46.360000	0.010293
	46.380000	0.006269
	46.400000	0.005279
	46.420000	0.000609
	46.440000	0.000785
	46.460000	-0.003441
	46.480000	-0.001741
	46.500000	-0.007694
	46.520000	-0.005994
	46.540000	-0.010533
	46.560000	-0.007231
	46.580000	-0.009387
	46.600000	-0.008189
	46.620000	-0.011946
	46.640000	-0.007837
	46.660000	-0.008364
	46.680000	-0.007095
	46.700000	-0.008084
	46.720000	-0.005675
	46.740000	-0.005759
	46.760000	-0.002542
	46.780000	-0.000354
	46.800000	1.683038E-5
	46.820000	0.000212
	46.840000	0.001964
	46.860000	0.007506
	46.880000	0.008059
	46.900000	0.008978
	46.920000	0.008392
	46.940000	0.010638
	46.960000	0.010352
	46.980000	0.011869
	47.000000	0.007936
	47.020000	0.009681
	47.040000	0.005617
	47.060000	0.007083
	47.080000	0.003774
	47.100000	0.004113
	47.120000	-0.003018
	47.140000	-0.003461
	47.160000	-0.006717
	47.180000	-0.004066
	47.200000	-0.006697
	47.220000	-0.006248
	47.240000	-0.008286
	47.260000	-0.007687
	47.280000	-0.008579
	47.300000	-0.006378
	47.320000	-0.003806
	47.340000	-0.003630
	47.360000	-0.003174
	47.380000	-0.002321
	47.400000	0.001306
	47.420000	0.001163
	47.440000	0.005962
	47.460000	0.004784
	47.480000	0.010124
	47.500000	0.008059
	47.520000	0.011237
	47.540000	0.008535
	47.560000	0.013686
	47.580000	0.007910
	47.600000	0.009101
	47.620000	0.004973
	47.640000	0.005761
	47.660000	0.001007
	47.680000	0.002745
	47.700000	-0.001715
	47.720000	-0.002621
	47.740000	-0.006567
	47.760000	-0.004470
	47.780000	-0.005616
	47.800000	-0.005948
	47.820000	-0.008215
	47.840000	-0.006176
	47.860000	-0.006033
	47.880000	-0.004236
	47.900000	-0.006196
	47.920000	-0.003819
	47.940000	-0.002067
	47.960000	-2.224287E-5
	47.980000	-0.000315
	48.000000	0.002068
	48.020000	0.002811
	48.040000	0.004510
	48.060000	0.007050
	48.080000	0.010957
	48.100000	0.012807
	48.120000	0.011941
	48.140000	0.012781
	48.160000	0.013634
	48.180000	0.014363
	48.200000	0.012364
	48.220000	0.012729
	48.240000	0.010944
	48.260000	0.008164
	48.280000	0.006099
	48.300000	0.005331
	48.320000	0.001534
	48.340000	-0.002236
	48.360000	-0.003376
	48.380000	-0.003799
	48.400000	-0.005095
	48.420000	-0.007869
	48.440000	-0.008221
	48.460000	-0.006574
	48.480000	-0.008234
	48.500000	-0.007381
	48.520000	-0.007498
	48.540000	-0.007407
	48.560000	-0.005616
	48.580000	-0.003018
	48.600000	-0.000836
	48.620000	0.000277
	48.640000	0.001163
	48.660000	0.001664
	48.680000	0.004445
	48.700000	0.006952
	48.720000	0.007838
	48.740000	0.010430
	48.760000	0.011329
	48.780000	0.009896
	48.800000	0.009043
	48.820000	0.010703
	48.840000	0.009994
	48.860000	0.006881
	48.880000	0.003690
	48.900000	-6.131612E-5
	48.920000	-0.001585
	48.940000	-0.004411
	48.960000	-0.005225
	48.980000	-0.006222
	49.000000	-0.008430
	49.020000	-0.007655
	49.040000	-0.008377
	49.060000	-0.007355
	49.080000	-0.009699
	49.100000	-0.007843
	49.120000	-0.008443
	49.140000	-0.005199
	49.160000	-0.007108
	49.180000	-0.003858
	49.200000	-0.004320
	49.220000	-0.001683
	49.240000	-0.001839
	49.260000	0.002237
	49.280000	0.001997
	49.300000	0.006008
	49.320000	0.002661
	49.340000	0.009427
	49.360000	0.008802
	49.380000	0.011902
	49.400000	0.007004
	49.420000	0.011022
	49.440000	0.008483
	49.460000	0.010612
	49.480000	0.005806
	49.500000	0.006444
	49.520000	0.002465
	49.540000	0.004680
	49.560000	-0.001019
	49.580000	-0.000263
	49.600000	-0.002621
	49.620000	-0.004620
	49.640000	-0.004626
	49.660000	-0.003532
	49.680000	-0.005134
	49.700000	-0.008990
	49.720000	-0.008299
	49.740000	-0.006443
	49.760000	-0.006561
	49.780000	-0.008573
	49.800000	-0.007557
	49.820000	-0.006320
	49.840000	-0.003532
	49.860000	-0.003409
	49.880000	-0.001448
	49.900000	-0.001351
	49.920000	0.003996
	49.940000	0.003494
	49.960000	0.007740
	49.980000	0.007701
	50.000000	0.009375
