	0.000000	9.980934
	0.020000	9.980862
	0.040000	9.980953
	0.060000	9.980829
	0.080000	9.980699
	0.100000	9.980855
	0.120000	9.980921
	0.140000	9.980797
	0.160000	9.980784
	0.180000	9.980895
	0.200000	9.980960
	0.220000	9.980816
	0.240000	9.980797
	0.260000	9.981044
	0.280000	9.980699
	0.300000	9.981175
	0.320000	9.981025
	0.340000	9.981116
	0.360000	9.981038
	0.380000	9.981070
	0.400000	9.981038
	0.420000	9.980960
	0.440000	9.980992
	0.460000	9.980888
	0.480000	9.980836
	0.500000	9.980940
	0.520000	9.980823
	0.540000	9.980758
	0.560000	9.980829
	0.580000	9.980790
	0.600000	9.980862
	0.620000	9.980745
	0.640000	9.980732
	0.660000	9.980855
	0.680000	9.980901
	0.700000	9.980680
	0.720000	9.980914
	0.740000	9.980849
	0.760000	9.980940
	0.780000	9.981083
	0.800000	9.980979
	0.820000	9.980914
	0.840000	9.980979
	0.860000	9.980940
	0.880000	9.980999
	0.900000	9.980790
	0.920000	9.980693
	0.940000	9.980719
	0.960000	9.980797
	0.980000	9.980882
	1.000000	9.980790
	1.020000	9.980810
	1.040000	9.980738
	1.060000	9.980745
	1.080000	9.980693
	1.100000	9.980667
	1.120000	9.980719
	1.140000	9.980790
	1.160000	9.980777
	1.180000	9.980647
	1.200000	9.980647
	1.220000	9.980699
	1.240000	9.980869
	1.260000	9.980725
	1.280000	9.980719
	1.300000	9.980869
	1.320000	9.981018
	1.340000	9.981083
	1.360000	9.981012
	1.380000	9.980862
	1.400000	9.980966
	1.420000	9.981031
	1.440000	9.980888
	1.460000	9.981005
	1.480000	9.981012
	1.500000	9.980816
	1.520000	9.980953
	1.540000	9.980999
	1.560000	9.980947
	1.580000	9.980888
	1.600000	9.980719
	1.620000	9.980921
	1.640000	9.980888
	1.660000	9.980927
	1.680000	9.673336
	1.700000	9.189622
	1.720000	8.889924
	1.740000	8.380728
	1.760000	8.251994
	1.780000	8.093487
	1.800000	7.901833
	1.820000	7.627571
	1.840000	7.516974
	1.860000	7.392539
	1.880000	7.303446
	1.900000	7.427125
	1.920000	7.327541
	1.940000	7.259221
	1.960000	7.213492
	1.980000	7.313038
	2.000000	7.262647
	2.020000	7.264118
	2.040000	7.300776
	2.060000	7.373426
	2.080000	7.479900
	2.100000	7.517678
	2.120000	7.514011
	2.140000	7.540816
	2.160000	7.566708
	2.180000	7.573435
	2.200000	7.533678
	2.220000	7.446818
	2.240000	7.513692
	2.260000	7.350796
	2.280000	7.133230
	2.300000	6.937713
	2.320000	6.795291
	2.340000	6.573408
	2.360000	6.358374
	2.380000	6.079450
	2.400000	5.912913
	2.420000	5.787872
	2.440000	5.598999
	2.460000	5.278865
	2.480000	4.977995
	2.500000	4.638012
	2.520000	4.234932
	2.540000	3.855140
	2.560000	3.529660
	2.580000	2.825612
	2.600000	1.840680
	2.620000	0.612230
	2.640000	0.289289
	2.660000	0.083236
	2.680000	0.026808
	2.700000	-0.003057
	2.720000	-0.034296
	2.740000	0.119073
	2.760000	0.120402
	2.780000	0.122368
	2.800000	0.124107
	2.820000	0.109650
	2.840000	0.090159
	2.860000	0.070407
	2.880000	0.052049
	2.900000	0.043115
	2.920000	0.008899
	2.940000	-0.011419
	2.960000	-0.043081
	2.980000	-0.058287
	3.000000	-0.074743
	3.020000	-0.063432
	3.040000	-0.073858
	3.060000	-0.067580
	3.080000	-0.089344
	3.100000	-0.067528
	3.120000	-0.064636
	3.140000	-0.039643
	3.160000	-0.055461
	3.180000	-0.030656
	3.200000	-0.035826
	3.220000	-0.007388
	3.240000	-0.005942
	3.260000	0.029595
	3.280000	0.020797
	3.300000	0.052987
	3.320000	0.048754
	3.340000	0.094724
	3.360000	0.100031
	3.380000	0.117145
	3.400000	0.118513
	3.420000	0.124967
	3.440000	0.081732
	3.460000	0.097296
	3.480000	0.078456
	3.500000	0.078802
	3.520000	0.030103
	3.540000	0.037853
	3.560000	-0.002061
	3.580000	-0.020562
	3.600000	-0.034446
	3.620000	-0.022509
	3.640000	-0.054868
	3.660000	-0.063673
	3.680000	-0.074522
	3.700000	-0.063340
	3.720000	-0.067456
	3.740000	-0.055239
	3.760000	-0.058906
	3.780000	-0.058482
	3.800000	-0.041381
	3.820000	-0.037787
	3.840000	-0.022001
	3.860000	0.002407
	3.880000	0.013399
	3.900000	0.006829
	3.920000	0.047797
	3.940000	0.057572
	3.960000	0.087541
	3.980000	0.088387
	4.000000	0.114899
	4.020000	0.092907
	4.040000	0.117562
	4.060000	0.106739
	4.080000	0.120525
	4.100000	0.088505
	4.120000	0.089846
	4.140000	0.059884
	4.160000	0.058373
	4.180000	0.028071
	4.200000	0.024418
	4.220000	-0.010767
	4.240000	-0.020327
	4.260000	-0.041987
	4.280000	-0.042410
	4.300000	-0.050739
	4.320000	-0.055571
	4.340000	-0.078273
	4.360000	-0.079452
	4.380000	-0.088243
	4.400000	-0.092978
	4.420000	-0.080194
	4.440000	-0.084922
	4.460000	-0.078989
	4.480000	-0.081855
	4.500000	-0.054849
	4.520000	-0.045035
	4.540000	-0.010064
	4.560000	-0.012558
	4.580000	0.029576
	4.600000	0.029276
	4.620000	0.084011
	4.640000	0.069717
	4.660000	0.101933
	4.680000	0.076223
	4.700000	0.101269
	4.720000	0.072517
	4.740000	0.101900
	4.760000	0.070577
	4.780000	0.086818
	4.800000	0.053899
	4.820000	0.060346
	4.840000	0.027303
	4.860000	0.051411
	4.880000	0.021950
	4.900000	0.015802
	4.920000	-0.012649
	4.940000	-0.011601
	4.960000	-0.040789
	4.980000	-0.039851
	5.000000	-0.068485
	5.020000	-0.080468
	5.040000	-0.095843
	5.060000	-0.091376
	5.080000	-0.075863
	5.100000	-0.068947
	5.120000	-0.064122
	5.140000	-0.056464
	5.160000	-0.029073
	5.180000	-0.008013
	5.200000	0.017509
	5.220000	0.033900
	5.240000	0.063270
	5.260000	0.046931
	5.280000	0.075917
	5.300000	0.081022
	5.320000	0.105599
	5.340000	0.082116
	5.360000	0.105964
	5.380000	0.090022
	5.400000	0.118474
	5.420000	0.100266
	5.440000	0.119744
	5.460000	0.090764
	5.480000	0.094470
	5.500000	0.058614
	5.520000	0.072309
	5.540000	0.044834
	5.560000	0.034825
	5.580000	-0.015580
	5.600000	-0.020028
	5.620000	-0.050772
	5.640000	-0.049632
	5.660000	-0.075583
	5.680000	-0.065613
	5.700000	-0.089350
	5.720000	-0.085378
	5.740000	-0.074567
	5.760000	-0.054249
	5.780000	-0.059785
	5.800000	-0.052491
	5.820000	-0.041570
	5.840000	-0.032206
	5.860000	-0.007075
	5.880000	0.007213
	5.900000	0.024978
	5.920000	0.020908
	5.940000	0.041226
	5.960000	0.056432
	5.980000	0.085809
	6.000000	0.089853
	6.020000	0.115667
	6.040000	0.105821
	6.060000	0.117621
	6.080000	0.111545
	6.100000	0.122277
	6.120000	0.104173
	6.140000	0.089553
	6.160000	0.063980
	6.180000	0.059473
	6.200000	0.052974
	6.220000	0.025193
	6.240000	-0.000504
	6.260000	-0.009673
	6.280000	-0.032056
	6.300000	-0.035768
	6.320000	-0.035963
	6.340000	-0.029073
	6.360000	-0.037441
	6.380000	-0.049593
	6.400000	-0.030454
	6.420000	-0.011393
	6.440000	0.003533
	6.460000	0.012397
	6.480000	0.095225
	6.500000	0.109520
	6.520000	0.156694
	6.540000	0.202104
	6.560000	0.323608
	6.580000	0.446618
	6.600000	0.622232
	6.620000	0.808501
	6.640000	0.991390
	6.660000	1.099271
	6.680000	1.223127
	6.700000	1.299938
	6.720000	1.454584
	6.740000	1.470128
	6.760000	1.536546
	6.780000	1.591588
	6.800000	1.661900
	6.820000	1.692716
	6.840000	1.695588
	6.860000	1.652145
	6.880000	1.643842
	6.900000	1.640618
	6.920000	1.620202
	6.940000	1.629104
	6.960000	1.639075
	6.980000	1.640481
	7.000000	1.650477
	7.020000	1.686197
	7.040000	1.707531
	7.060000	1.718309
	7.080000	1.716765
	7.100000	1.639876
	7.120000	1.602014
	7.140000	1.620137
	7.160000	1.618144
	7.180000	1.628609
	7.200000	1.678382
	7.220000	1.751593
	7.240000	1.747262
	7.260000	1.762481
	7.280000	1.701032
	7.300000	1.630693
	7.320000	1.510328
	7.340000	1.424732
	7.360000	1.372966
	7.380000	1.402668
	7.400000	1.379745
	7.420000	1.323988
	7.440000	1.159991
	7.460000	0.991116
	7.480000	0.881093
	7.500000	0.822880
	7.520000	0.556570
	7.540000	0.280231
	7.560000	0.189183
	7.580000	0.191912
	7.600000	0.219882
	7.620000	0.272624
	7.640000	0.306488
	7.660000	0.324227
	7.680000	0.365417
	7.700000	0.400010
	7.720000	0.475844
	7.740000	0.501548
	7.760000	0.549647
	7.780000	0.536655
	7.800000	0.613975
	7.820000	0.618058
	7.840000	0.668925
	7.860000	0.675717
	7.880000	0.717551
	7.900000	0.708330
	7.920000	0.769897
	7.940000	0.768067
	7.960000	0.800426
	7.980000	0.773101
	8.000000	0.825947
	8.020000	0.778910
	8.040000	0.830109
	8.060000	0.753460
	8.080000	0.801552
	8.100000	0.717858
	8.120000	0.706207
	8.140000	0.643879
	8.160000	0.675046
	8.180000	0.654051
	8.200000	0.628992
	8.220000	0.611904
	8.240000	0.609533
	8.260000	0.561851
	8.280000	0.573977
	8.300000	0.444397
	8.320000	0.477427
	8.340000	0.405649
	8.360000	0.408710
	8.380000	0.419637
	8.400000	0.438946
	8.420000	0.350309
	8.440000	0.334731
	8.460000	0.334113
	8.480000	0.315592
	8.500000	0.236905
	8.520000	0.152526
	8.540000	0.119327
	8.560000	0.080358
	8.580000	0.080501
	8.600000	0.069769
	8.620000	0.110594
	8.640000	0.082012
	8.660000	0.105840
	8.680000	0.088023
	8.700000	0.093721
	8.720000	0.049790
	8.740000	0.081778
	8.760000	0.057624
	8.780000	0.073735
	8.800000	0.017417
	8.820000	0.018954
	8.840000	-0.007186
	8.860000	-0.013672
	8.880000	-0.052048
	8.900000	-0.039050
	8.920000	-0.090327
	8.940000	-0.097764
	8.960000	-0.094423
	8.980000	-0.090881
	9.000000	-0.098513
	9.020000	-0.094228
	9.040000	-0.099333
	9.060000	-0.063002
	9.080000	-0.057369
	9.100000	-0.055161
	9.120000	-0.014655
	9.140000	0.007389
	9.160000	-0.004678
	9.180000	0.000596
	9.200000	0.050578
	9.220000	0.035072
	9.240000	0.056588
	9.260000	0.065204
	9.280000	0.089905
	9.300000	0.093617
	9.320000	0.109917
	9.340000	0.109474
	9.360000	0.110190
	9.380000	0.098455
	9.400000	0.106094
	9.420000	0.083692
	9.440000	0.085359
	9.460000	0.046931
	9.480000	0.019293
	9.500000	-0.005519
	9.520000	-0.009849
	9.540000	-0.043224
	9.560000	-0.047776
	9.580000	-0.055910
	9.600000	-0.071604
	9.620000	-0.084941
	9.640000	-0.063340
	9.660000	-0.068212
	9.680000	-0.075889
	9.700000	-0.074541
	9.720000	-0.073975
	9.740000	-0.061934
	9.760000	-0.059961
	9.780000	-0.033176
	9.800000	-0.035169
	9.820000	-0.027517
	9.840000	-0.020614
	9.860000	0.022679
	9.880000	0.034011
	9.900000	0.075741
	9.920000	0.074308
	9.940000	0.099289
	9.960000	0.091227
	9.980000	0.122075
	10.000000	0.105476
	10.020000	0.117445
	10.040000	0.077636
	10.060000	0.087671
	10.080000	0.054804
	10.100000	0.060209
	10.120000	0.029524
	10.140000	0.032760
	10.160000	-0.006346
	10.180000	-0.006880
	10.200000	-0.026963
	10.220000	-0.011692
	10.240000	-0.043179
	10.260000	-0.051404
	10.280000	-0.078800
	10.300000	-0.078195
	10.320000	-0.093798
	10.340000	-0.083098
	10.360000	-0.102804
	10.380000	-0.088321
	10.400000	-0.086908
	10.420000	-0.069735
	10.440000	-0.050251
	10.460000	-0.034739
	10.480000	-0.015157
	10.500000	-0.007042
	10.520000	0.036785
	10.540000	0.042249
	10.560000	0.073103
	10.580000	0.082481
	10.600000	0.101353
	10.620000	0.074894
	10.640000	0.105541
	10.660000	0.106244
	10.680000	0.118389
	10.700000	0.093024
	10.720000	0.106257
	10.740000	0.081231
	10.760000	0.088765
	10.780000	0.061577
	10.800000	0.072074
	10.820000	0.031080
	10.840000	0.032930
	10.860000	0.002452
	10.880000	0.010775
	10.900000	-0.024215
	10.920000	-0.036491
	10.940000	-0.068244
	10.960000	-0.071175
	10.980000	-0.091063
	11.000000	-0.085313
	11.020000	-0.084388
	11.040000	-0.080643
	11.060000	-0.088491
	11.080000	-0.075108
	11.100000	-0.044481
	11.120000	-0.034524
	11.140000	-0.019898
	11.160000	-0.001826
	11.180000	0.014995
	11.200000	0.035762
	11.220000	0.050747
	11.240000	0.079629
	11.260000	0.094092
	11.280000	0.086740
	11.300000	0.097733
	11.320000	0.089801
	11.340000	0.108979
	11.360000	0.088355
	11.380000	0.102929
	11.400000	0.088049
	11.420000	0.086629
	11.440000	0.068232
	11.460000	0.099237
	11.480000	0.094932
	11.500000	0.117666
	11.520000	0.129310
	11.540000	0.228641
	11.560000	0.267610
	11.580000	0.360077
	11.600000	0.412852
	11.620000	0.498142
	11.640000	0.525806
	11.660000	0.590101
	11.680000	0.667590
	11.700000	0.744076
	11.720000	0.775165
	11.740000	0.833768
	11.760000	0.869149
	11.780000	0.909063
	11.800000	0.973123
	11.820000	1.005105
	11.840000	1.022942
	11.860000	1.009644
	11.880000	1.062555
	11.900000	1.077826
	11.920000	1.138963
	11.940000	1.139829
	11.960000	1.163566
	11.980000	1.183428
	12.000000	1.220216
	12.020000	1.190312
	12.040000	1.188912
	12.060000	1.152762
	12.080000	1.133760
	12.100000	1.107906
	12.120000	1.096725
	12.140000	1.058023
	12.160000	1.055711
	12.180000	0.981133
	12.200000	0.959858
	12.220000	0.936166
	12.240000	0.911739
	12.260000	0.842951
	12.280000	0.816687
	12.300000	0.719251
	12.320000	0.713853
	12.340000	0.710277
	12.360000	0.717923
	12.380000	0.655184
	12.400000	0.569965
	12.420000	0.494990
	12.440000	0.475154
	12.460000	0.394084
	12.480000	0.265467
	12.500000	0.138922
	12.520000	0.077414
	12.540000	0.088928
	12.560000	0.116038
	12.580000	0.169237
	12.600000	0.160061
	12.620000	0.211905
	12.640000	0.199154
	12.660000	0.214965
	12.680000	0.212413
	12.700000	0.240519
	12.720000	0.217284
	12.740000	0.209410
	12.760000	0.196523
	12.780000	0.206779
	12.800000	0.188903
	12.820000	0.202468
	12.840000	0.177286
	12.860000	0.186051
	12.880000	0.180802
	12.900000	0.167153
	12.920000	0.188135
	12.940000	0.201342
	12.960000	0.194432
	12.980000	0.201446
	13.000000	0.236091
	13.020000	0.269205
	13.040000	0.292760
	13.060000	0.314726
	13.080000	0.362239
	13.100000	0.416759
	13.120000	0.500760
	13.140000	0.609560
	13.160000	0.709724
	13.180000	0.830128
	13.200000	0.987274
	13.220000	1.163423
	13.240000	1.397016
	13.260000	1.661255
	13.280000	2.012270
	13.300000	2.410016
	13.320000	2.942695
	13.340000	3.491225
	13.360000	4.240708
	13.380000	5.275433
	13.400000	6.701887
	13.420000	8.467868
	13.440000	9.981012
	13.460000	9.981077
	13.480000	9.981103
	13.500000	9.981044
	13.520000	9.980953
	13.540000	9.981031
	13.560000	9.980921
	13.580000	9.980960
	13.600000	9.980790
	13.620000	9.980823
	13.640000	9.980862
	13.660000	9.980810
	13.680000	9.980973
	13.700000	9.980732
	13.720000	9.980738
	13.740000	9.980706
	13.760000	9.980895
	13.780000	9.980686
	13.800000	9.980680
	13.820000	9.980725
	13.840000	9.980758
	13.860000	9.980895
	13.880000	9.980810
	13.900000	9.980849
	13.920000	9.980882
	13.940000	9.980823
	13.960000	9.980771
	13.980000	9.980869
	14.000000	9.980947
	14.020000	9.980869
	14.040000	9.980816
	14.060000	9.980869
	14.080000	9.980764
	14.100000	9.980999
	14.120000	9.980960
	14.140000	9.980829
	14.160000	9.980875
	14.180000	9.980816
	14.200000	9.980882
	14.220000	9.980699
	14.240000	9.980758
	14.260000	9.980797
	14.280000	9.980771
	14.300000	9.980667
	14.320000	9.980842
	14.340000	9.980947
	14.360000	9.980816
	14.380000	9.980953
	14.400000	9.980895
	14.420000	9.981005
	14.440000	9.980992
	14.460000	9.981109
	14.480000	9.980986
	14.500000	9.259987
	14.520000	4.357394
	14.540000	2.613555
	14.560000	1.899511
	14.580000	1.548750
	14.600000	1.399575
	14.620000	1.314076
	14.640000	1.326703
	14.660000	1.268302
	14.680000	1.258462
	14.700000	1.260507
	14.720000	1.279581
	14.740000	1.267091
	14.760000	1.250504
	14.780000	1.214251
	14.800000	1.203427
	14.820000	1.209412
	14.840000	1.209581
	14.860000	1.202131
	14.880000	1.186020
	14.900000	1.176402
	14.920000	1.170769
	14.940000	1.154364
	14.960000	1.086201
	14.980000	1.032293
	15.000000	1.016267
	15.020000	1.003646
	15.040000	1.032541
	15.060000	1.087224
	15.080000	1.074323
	15.100000	1.096191
	15.120000	1.152665
	15.140000	1.208188
	15.160000	1.229886
	15.180000	1.281535
	15.200000	1.332004
	15.220000	1.403658
	15.240000	1.471958
	15.260000	1.535973
	15.280000	1.606585
	15.300000	1.737839
	15.320000	1.878066
	15.340000	2.121675
	15.360000	2.398952
	15.380000	2.756804
	15.400000	3.247714
	15.420000	4.025819
	15.440000	5.317137
	15.460000	7.323008
	15.480000	9.940447
	15.500000	9.980921
	15.520000	9.980999
	15.540000	9.980842
	15.560000	9.980842
	15.580000	9.981018
	15.600000	9.980947
	15.620000	9.980960
	15.640000	9.981031
	15.660000	9.981070
	15.680000	9.981012
	15.700000	9.981103
	15.720000	9.980960
	15.740000	9.980979
	15.760000	9.981096
	15.780000	9.980829
	15.800000	9.980940
	15.820000	9.981051
	15.840000	9.980790
	15.860000	9.981038
	15.880000	9.980895
	15.900000	9.980914
	15.920000	9.980927
	15.940000	9.980855
	15.960000	9.980973
	15.980000	9.980986
	16.000000	9.980888
	16.020000	9.981064
	16.040000	9.980908
	16.060000	9.981025
	16.080000	9.980960
	16.100000	9.981057
	16.120000	9.981057
	16.140000	9.981051
	16.160000	9.981051
	16.180000	9.980966
	16.200000	9.980823
	16.220000	9.980927
	16.240000	9.980973
	16.260000	9.980992
	16.280000	9.980914
	16.300000	9.980966
	16.320000	9.980797
	16.340000	9.980888
	16.360000	9.981103
	16.380000	9.980888
	16.400000	9.980901
	16.420000	9.980908
	16.440000	9.980888
	16.460000	9.701352
	16.480000	5.733456
	16.500000	5.525821
	16.520000	6.550934
	16.540000	7.871870
	16.560000	9.137121
	16.580000	9.963136
	16.600000	9.981018
	16.620000	9.980947
	16.640000	9.980960
	16.660000	9.980842
	16.680000	9.981070
	16.700000	9.980816
	16.720000	9.980960
	16.740000	9.980895
	16.760000	9.980849
	16.780000	9.980829
	16.800000	9.980901
	16.820000	9.980882
	16.840000	9.980829
	16.860000	9.980901
	16.880000	9.980986
	16.900000	9.980882
	16.920000	9.980829
	16.940000	9.980927
	16.960000	9.980823
	16.980000	9.980973
	17.000000	9.981090
	17.020000	9.980921
	17.040000	9.981038
	17.060000	9.980914
	17.080000	9.980966
	17.100000	9.981057
	17.120000	9.981142
	17.140000	9.981083
	17.160000	9.980934
	17.180000	9.981090
	17.200000	9.981070
	17.220000	9.980914
	17.240000	9.981018
	17.260000	9.980947
	17.280000	9.980875
	17.300000	9.980973
	17.320000	9.980940
	17.340000	9.980934
	17.360000	9.980745
	17.380000	9.980973
	17.400000	9.980882
	17.420000	9.980888
	17.440000	9.980940
	17.460000	9.088494
	17.480000	9.901309
	17.500000	9.980810
	17.520000	9.981025
	17.540000	9.980875
	17.560000	9.980784
	17.580000	9.981031
	17.600000	9.980934
	17.620000	9.980888
	17.640000	9.980992
	17.660000	9.980960
	17.680000	9.980836
	17.700000	9.980895
	17.720000	9.980921
	17.740000	9.980953
	17.760000	9.980947
	17.780000	9.980908
	17.800000	9.980862
	17.820000	9.980940
	17.840000	9.980784
	17.860000	9.980823
	17.880000	9.980803
	17.900000	9.980882
	17.920000	9.980947
	17.940000	9.980875
	17.960000	9.980777
	17.980000	9.980940
	18.000000	9.980823
	18.020000	9.980842
	18.040000	9.980979
	18.060000	9.981057
	18.080000	9.980921
	18.100000	9.980992
	18.120000	9.980960
	18.140000	9.980927
	18.160000	9.980979
	18.180000	9.980940
	18.200000	9.981044
	18.220000	9.981012
	18.240000	9.980979
	18.260000	9.980862
	18.280000	9.980875
	18.300000	9.980829
	18.320000	9.981012
	18.340000	9.980947
	18.360000	9.980934
	18.380000	9.980979
	18.400000	9.980836
	18.420000	9.980947
	18.440000	9.980953
	18.460000	9.346664
	18.480000	3.353296
	18.500000	1.158122
	18.520000	0.621731
	18.540000	0.406086
	18.560000	0.314810
	18.580000	0.239191
	18.600000	0.234645
	18.620000	0.192954
	18.640000	0.181727
	18.660000	0.142836
	18.680000	0.133908
	18.700000	0.089495
	18.720000	0.099035
	18.740000	0.066806
	18.760000	0.052368
	18.780000	0.027980
	18.800000	0.042756
	18.820000	0.042822
	18.840000	0.044801
	18.860000	0.034128
	18.880000	0.034870
	18.900000	0.025180
	18.920000	0.029348
	18.940000	0.048018
	18.960000	0.050571
	18.980000	0.071130
	19.000000	0.049054
	19.020000	0.084969
	19.040000	0.092744
	19.060000	0.117308
	19.080000	0.121515
	19.100000	0.164698
	19.120000	0.170168
	19.140000	0.210465
	19.160000	0.216789
	19.180000	0.240708
	19.200000	0.214913
	19.220000	0.231708
	19.240000	0.213318
	19.260000	0.232724
	19.280000	0.206226
	19.300000	0.224753
	19.320000	0.196191
	19.340000	0.206402
	19.360000	0.189893
	19.380000	0.227111
	19.400000	0.230399
	19.420000	0.315117
	19.440000	0.388066
	19.460000	0.597199
	19.480000	0.797606
	19.500000	0.989925
	19.520000	1.171374
	19.540000	1.347100
	19.560000	1.463675
	19.580000	1.650041
	19.600000	1.895805
	19.620000	2.072586
	19.640000	2.250167
	19.660000	2.385159
	19.680000	2.546258
	19.700000	2.610064
	19.720000	2.763121
	19.740000	2.880725
	19.760000	2.974716
	19.780000	3.006593
	19.800000	3.126046
	19.820000	3.209643
	19.840000	3.288220
	19.860000	3.355927
	19.880000	3.386209
	19.900000	3.410031
	19.920000	3.465651
	19.940000	3.472685
	19.960000	3.466075
	19.980000	3.440651
	20.000000	3.466863
	20.020000	3.372051
	20.040000	3.372696
	20.060000	3.330771
	20.080000	3.302514
	20.100000	3.192132
	20.120000	3.189618
	20.140000	3.122204
	20.160000	3.068159
	20.180000	2.980674
	20.200000	2.861859
	20.220000	2.632512
	20.240000	2.477137
	20.260000	2.394146
	20.280000	2.421751
	20.300000	2.356140
	20.320000	2.077737
	20.340000	1.863134
	20.360000	1.710422
	20.380000	1.528159
	20.400000	1.002689
	20.420000	0.505156
	20.440000	0.220950
	20.460000	0.125598
	20.480000	0.107390
	20.500000	0.117009
	20.520000	0.107566
	20.540000	0.103646
	20.560000	0.104368
	20.580000	0.122433
	20.600000	0.099986
	20.620000	0.102565
	20.640000	0.079883
	20.660000	0.082741
	20.680000	0.057650
	20.700000	0.060014
	20.720000	0.035352
	20.740000	0.008730
	20.760000	-0.024261
	20.780000	-0.040782
	20.800000	-0.045790
	20.820000	-0.064050
	20.840000	-0.078944
	20.860000	-0.086185
	20.880000	-0.078905
	20.900000	-0.083216
	20.920000	-0.070426
	20.940000	-0.056444
	20.960000	-0.058730
	20.980000	-0.051807
	21.000000	-0.031808
	21.020000	-0.008423
	21.040000	0.000408
	21.060000	0.001280
	21.080000	0.023878
	21.100000	0.024268
	21.120000	0.064221
	21.140000	0.063101
	21.160000	0.094457
	21.180000	0.076652
	21.200000	0.110366
	21.220000	0.108543
	21.240000	0.131837
	21.260000	0.103092
	21.280000	0.106980
	21.300000	0.071475
	21.320000	0.087469
	21.340000	0.048129
	21.360000	0.047589
	21.380000	0.002075
	21.400000	0.001879
	21.420000	-0.047965
	21.440000	-0.017045
	21.460000	-0.041759
	21.480000	-0.027048
	21.500000	-0.060286
	21.520000	-0.029444
	21.540000	-0.045406
	21.560000	-0.027504
	21.580000	-0.040137
	21.600000	-0.030441
	21.620000	-0.032095
	21.640000	-0.014955
	21.660000	0.005305
	21.680000	0.016076
	21.700000	0.031315
	21.720000	0.056732
	21.740000	0.076490
	21.760000	0.114795
	21.780000	0.139111
	21.800000	0.168624
	21.820000	0.181453
	21.840000	0.195735
	21.860000	0.202872
	21.880000	0.191313
	21.900000	0.254162
	21.920000	0.149765
	21.940000	0.173860
	21.960000	0.186136
	21.980000	0.183322
	22.000000	0.151738
	22.020000	0.172577
	22.040000	0.141280
	22.060000	0.119145
	22.080000	0.111434
	22.100000	0.113870
	22.120000	0.065517
	22.140000	0.069417
	22.160000	0.035678
	22.180000	0.021514
	22.200000	0.021273
	22.220000	0.002680
	22.240000	-0.028363
	22.260000	-0.013131
	22.280000	0.002531
	22.300000	-0.006176
	22.320000	0.009036
	22.340000	0.011889
	22.360000	0.025200
	22.380000	0.026730
	22.400000	0.056243
	22.420000	0.046833
	22.440000	0.064377
	22.460000	0.046078
	22.480000	0.078567
	22.500000	0.068441
	22.520000	0.100904
	22.540000	0.088186
	22.560000	0.119933
	22.580000	0.080788
	22.600000	0.114130
	22.620000	0.094874
	22.640000	0.097648
	22.660000	0.059043
	22.680000	0.066031
	22.700000	0.028195
	22.720000	0.032226
	22.740000	-0.012448
	22.760000	0.005637
	22.780000	-0.032948
	22.800000	-0.048988
	22.820000	-0.086420
	22.840000	-0.071103
	22.860000	-0.096566
	22.880000	-0.085853
	22.900000	-0.084707
	22.920000	-0.092255
	22.940000	-0.087273
	22.960000	-0.082044
	22.980000	-0.053129
	23.000000	-0.028435
	23.020000	-0.017599
	23.040000	-0.014538
	23.060000	0.010957
	23.080000	0.034193
	23.100000	0.051014
	23.120000	0.042060
	23.140000	0.068069
	23.160000	0.065927
	23.180000	0.085919
	23.200000	0.096795
	23.220000	0.113687
	23.240000	0.082885
	23.260000	0.102877
	23.280000	0.091709
	23.300000	0.105997
	23.320000	0.065699
	23.340000	0.070570
	23.360000	0.033991
	23.380000	0.031236
	23.400000	-0.006684
	23.420000	-0.005043
	23.440000	-0.045784
	23.460000	-0.051833
	23.480000	-0.077211
	23.500000	-0.060130
	23.520000	-0.072164
	23.540000	-0.073141
	23.560000	-0.081887
	23.580000	-0.072835
	23.600000	-0.062819
	23.620000	-0.054822
	23.640000	-0.030988
	23.660000	-0.025778
	23.680000	-0.022372
	23.700000	-0.011034
	23.720000	0.028006
	23.740000	0.026124
	23.760000	0.043284
	23.780000	0.050929
	23.800000	0.081159
	23.820000	0.092699
	23.840000	0.132123
	23.860000	0.120838
	23.880000	0.143227
	23.900000	0.124739
	23.920000	0.146594
	23.940000	0.124882
	23.960000	0.141690
	23.980000	0.093402
	24.000000	0.091435
	24.020000	0.058920
	24.040000	0.063055
	24.060000	0.014448
	24.080000	0.022295
	24.100000	-0.018243
	24.120000	-0.010689
	24.140000	-0.035898
	24.160000	-0.008514
	24.180000	-0.049769
	24.200000	-0.045406
	24.220000	-0.077524
	24.240000	-0.056972
	24.260000	-0.084088
	24.280000	-0.053377
	24.300000	-0.080448
	24.320000	-0.059427
	24.340000	-0.068251
	24.360000	-0.030447
	24.380000	-0.018973
	24.400000	0.001463
	24.420000	0.008170
	24.440000	0.043108
	24.460000	0.078144
	24.480000	0.097413
	24.500000	0.108797
	24.520000	0.108133
	24.540000	0.119379
	24.560000	0.108907
	24.580000	0.128854
	24.600000	0.119854
	24.620000	0.116683
	24.640000	0.092998
	24.660000	0.106824
	24.680000	0.091559
	24.700000	0.095844
	24.720000	0.066923
	24.740000	0.078775
	24.760000	0.047491
	24.780000	0.047888
	24.800000	0.027811
	24.820000	0.021709
	24.840000	-0.017586
	24.860000	-0.030324
	24.880000	-0.040137
	24.900000	-0.024000
	24.920000	-0.021584
	24.940000	-0.005779
	24.960000	0.011947
	24.980000	0.015216
	25.000000	0.028618
	25.020000	0.056947
	25.040000	0.103496
	25.060000	0.096378
	25.080000	0.112724
	25.100000	0.127383
	25.120000	0.156460
	25.140000	0.146457
	25.160000	0.174746
	25.180000	0.154825
	25.200000	0.171021
	25.220000	0.152175
	25.240000	0.176035
	25.260000	0.151002
	25.280000	0.163063
	25.300000	0.113551
	25.320000	0.116423
	25.340000	0.110750
	25.360000	0.110041
	25.380000	0.056067
	25.400000	0.052225
	25.420000	0.023513
	25.440000	0.019482
	25.460000	0.007591
	25.480000	0.024372
	25.500000	-0.002699
	25.520000	0.009967
	25.540000	0.030461
	25.560000	0.049803
	25.580000	0.065497
	25.600000	0.086987
	25.620000	0.107423
	25.640000	0.130730
	25.660000	0.180600
	25.680000	0.212901
	25.700000	0.256878
	25.720000	0.262290
	25.740000	0.304645
	25.760000	0.310551
	25.780000	0.354835
	25.800000	0.356606
	25.820000	0.377849
	25.840000	0.403370
	25.860000	0.429464
	25.880000	0.430168
	25.900000	0.456034
	25.920000	0.449066
	25.940000	0.449574
	25.960000	0.424574
	25.980000	0.435130
	26.000000	0.427563
	26.020000	0.419117
	26.040000	0.369507
	26.060000	0.349801
	26.080000	0.336346
	26.100000	0.322410
	26.120000	0.299018
	26.140000	0.289146
	26.160000	0.277079
	26.180000	0.279964
	26.200000	0.244843
	26.220000	0.240741
	26.240000	0.220729
	26.260000	0.218339
	26.280000	0.209267
	26.300000	0.234254
	26.320000	0.204116
	26.340000	0.188988
	26.360000	0.207307
	26.380000	0.191515
	26.400000	0.178940
	26.420000	0.171698
	26.440000	0.175045
	26.460000	0.199538
	26.480000	0.286294
	26.500000	0.338495
	26.520000	0.416687
	26.540000	0.454413
	26.560000	0.485378
	26.580000	0.515185
	26.600000	0.579994
	26.620000	0.592296
	26.640000	0.624564
	26.660000	0.651055
	26.680000	0.704827
	26.700000	0.711000
	26.720000	0.770235
	26.740000	0.802588
	26.760000	0.836888
	26.780000	0.897770
	26.800000	0.985138
	26.820000	1.026334
	26.840000	1.094498
	26.860000	1.208618
	26.880000	1.302244
	26.900000	1.367672
	26.920000	1.453288
	26.940000	1.605556
	26.960000	1.750726
	26.980000	1.877871
	27.000000	2.049630
	27.020000	2.273735
	27.040000	2.534738
	27.060000	2.812158
	27.080000	3.251823
	27.100000	3.698762
	27.120000	4.191658
	27.140000	4.923272
	27.160000	5.655245
	27.180000	6.622477
	27.200000	7.808389
	27.220000	9.218497
	27.240000	9.980829
	27.260000	9.980992
	27.280000	9.980869
	27.300000	9.980829
	27.320000	9.980979
	27.340000	9.980901
	27.360000	9.980914
	27.380000	9.980895
	27.400000	9.980934
	27.420000	9.980712
	27.440000	9.980641
	27.460000	9.980732
	27.480000	9.980751
	27.500000	9.980732
	27.520000	9.980764
	27.540000	9.980706
	27.560000	9.980556
	27.580000	9.980751
	27.600000	9.980803
	27.620000	9.980667
	27.640000	9.980914
	27.660000	9.980771
	27.680000	9.980732
	27.700000	9.980725
	27.720000	9.980914
	27.740000	9.980810
	27.760000	9.980751
	27.780000	9.980875
	27.800000	9.980680
	27.820000	9.980764
	27.840000	9.980790
	27.860000	9.980745
	27.880000	9.980810
	27.900000	9.980673
	27.920000	9.980478
	27.940000	9.980523
	27.960000	9.980790
	27.980000	9.980725
	28.000000	9.980602
	28.020000	9.980615
	28.040000	9.980758
	28.060000	9.980588
	28.080000	9.980569
	28.100000	9.980797
	28.120000	9.980654
	28.140000	9.980725
	28.160000	9.980777
	28.180000	9.980751
	28.200000	9.980810
	28.220000	9.980732
	28.240000	9.980855
	28.260000	9.980732
	28.280000	9.980882
	28.300000	9.980895
	28.320000	9.980855
	28.340000	9.980953
	28.360000	9.980823
	28.380000	9.980784
	28.400000	9.980901
	28.420000	9.980888
	28.440000	9.980882
	28.460000	9.981031
	28.480000	8.930990
	28.500000	7.043869
	28.520000	6.094363
	28.540000	5.657667
	28.560000	5.601226
	28.580000	5.796768
	28.600000	6.068822
	28.620000	6.427365
	28.640000	6.754688
	28.660000	7.173358
	28.680000	7.529647
	28.700000	7.933788
	28.720000	8.299247
	28.740000	8.619400
	28.760000	8.935574
	28.780000	9.263627
	28.800000	9.659732
	28.820000	9.969107
	28.840000	9.980934
	28.860000	9.980992
	28.880000	9.980914
	28.900000	9.980901
	28.920000	9.980927
	28.940000	9.980960
	28.960000	9.980921
	28.980000	9.980966
	29.000000	9.980751
	29.020000	9.980751
	29.040000	9.980895
	29.060000	9.980816
	29.080000	9.980908
	29.100000	9.980771
	29.120000	9.980927
	29.140000	9.980738
	29.160000	9.981018
	29.180000	9.980810
	29.200000	9.757500
	29.220000	9.126897
	29.240000	8.801039
	29.260000	8.752484
	29.280000	8.189822
	29.300000	6.894088
	29.320000	6.124195
	29.340000	5.413245
	29.360000	4.731729
	29.380000	3.155397
	29.400000	1.496802
	29.420000	0.624928
	29.440000	0.242466
	29.460000	0.072589
	29.480000	0.056406
	29.500000	0.035756
	29.520000	0.032636
	29.540000	0.007864
	29.560000	0.004719
	29.580000	0.017417
	29.600000	0.032155
	29.620000	0.038322
	29.640000	0.051808
	29.660000	0.088843
	29.680000	0.077056
	29.700000	0.120922
	29.720000	0.156883
	29.740000	0.196412
	29.760000	0.209156
	29.780000	0.240285
	29.800000	0.273985
	29.820000	0.307751
	29.840000	0.302730
	29.860000	0.324540
	29.880000	0.301376
	29.900000	0.334953
	29.920000	0.325113
	29.940000	0.332406
	29.960000	0.307842
	29.980000	0.318509
	30.000000	0.264308
	30.020000	0.287713
	30.040000	0.287023
	30.060000	0.261795
	30.080000	0.217622
	30.100000	0.228569
	30.120000	0.193182
	30.140000	0.179044
	30.160000	0.141449
	30.180000	0.132430
	30.200000	0.091403
	30.220000	0.082149
	30.240000	0.069710
	30.260000	0.080736
	30.280000	0.057051
	30.300000	0.043180
	30.320000	0.048083
	30.340000	0.062462
	30.360000	0.065946
	30.380000	0.035398
	30.400000	0.040998
	30.420000	0.038250
	30.440000	0.060528
	30.460000	0.062430
	30.480000	0.099869
	30.500000	0.075435
	30.520000	0.113206
	30.540000	0.118806
	30.560000	0.163226
	30.580000	0.132879
	30.600000	0.159012
	30.620000	0.143311
	30.640000	0.169959
	30.660000	0.142673
	30.680000	0.158908
	30.700000	0.134644
	30.720000	0.136409
	30.740000	0.122603
	30.760000	0.122466
	30.780000	0.105912
	30.800000	0.107182
	30.820000	0.087176
	30.840000	0.098123
	30.860000	0.106342
	30.880000	0.133406
	30.900000	0.140251
	30.920000	0.168624
	30.940000	0.199486
	30.960000	0.236482
	30.980000	0.277359
	31.000000	0.333872
	31.020000	0.372912
	31.040000	0.444143
	31.060000	0.529166
	31.080000	0.662048
	31.100000	0.776910
	31.120000	0.899236
	31.140000	1.078139
	31.160000	1.253200
	31.180000	1.518716
	31.200000	1.798682
	31.220000	2.165111
	31.240000	2.582537
	31.260000	3.153899
	31.280000	3.872410
	31.300000	4.777223
	31.320000	5.932808
	31.340000	7.410838
	31.360000	9.591451
	31.380000	9.981031
	31.400000	9.980829
	31.420000	9.980947
	31.440000	9.980855
	31.460000	9.980960
	31.480000	9.980908
	31.500000	9.980895
	31.520000	9.980758
	31.540000	9.980771
	31.560000	9.980882
	31.580000	9.980986
	31.600000	9.980712
	31.620000	9.980641
	31.640000	9.980699
	31.660000	9.980699
	31.680000	9.980608
	31.700000	9.980634
	31.720000	9.980712
	31.740000	9.980712
	31.760000	9.980758
	31.780000	9.980582
	31.800000	9.980693
	31.820000	9.980712
	31.840000	9.980882
	31.860000	9.980712
	31.880000	9.980829
	31.900000	9.980940
	31.920000	9.980712
	31.940000	9.980803
	31.960000	9.980875
	31.980000	9.980855
	32.000000	9.980686
	32.020000	9.980582
	32.040000	9.980862
	32.060000	9.980816
	32.080000	9.980764
	32.100000	9.980602
	32.120000	9.980641
	32.140000	9.980667
	32.160000	9.980615
	32.180000	9.980751
	32.200000	9.980842
	32.220000	9.980686
	32.240000	9.980751
	32.260000	9.980673
	32.280000	9.980667
	32.300000	9.980764
	32.320000	9.980732
	32.340000	9.980738
	32.360000	9.981031
	32.380000	9.981012
	32.400000	9.981057
	32.420000	7.645858
	32.440000	2.788186
	32.460000	1.452474
	32.480000	0.928899
	32.500000	0.689249
	32.520000	0.520954
	32.540000	0.453547
	32.560000	0.352399
	32.580000	0.353441
	32.600000	0.300503
	32.620000	0.280647
	32.640000	0.226850
	32.660000	0.216769
	32.680000	0.191300
	32.700000	0.213383
	32.720000	0.178783
	32.740000	0.186403
	32.760000	0.165531
	32.780000	0.182053
	32.800000	0.162054
	32.820000	0.163981
	32.840000	0.152793
	32.860000	0.165792
	32.880000	0.156733
	32.900000	0.193853
	32.920000	0.197148
	32.940000	0.216645
	32.960000	0.208512
	32.980000	0.221712
	33.000000	0.254879
	33.020000	0.265904
	33.040000	0.294160
	33.060000	0.286977
	33.080000	0.314322
	33.100000	0.323498
	33.120000	0.367624
	33.140000	0.344773
	33.160000	0.351637
	33.180000	0.312251
	33.200000	0.327600
	33.220000	0.304417
	33.240000	0.316582
	33.260000	0.260720
	33.280000	0.247474
	33.300000	0.204995
	33.320000	0.206473
	33.340000	0.149706
	33.360000	0.136636
	33.380000	0.076288
	33.400000	0.067959
	33.420000	0.044287
	33.440000	0.085802
	33.460000	0.101946
	33.480000	0.164685
	33.500000	0.205399
	33.520000	0.268789
	33.540000	0.304645
	33.560000	0.346258
	33.580000	0.406307
	33.600000	0.466656
	33.620000	0.544242
	33.640000	0.627129
	33.660000	0.713390
	33.680000	0.770854
	33.700000	0.814199
	33.720000	0.880025
	33.740000	0.968460
	33.760000	1.008217
	33.780000	1.073287
	33.800000	1.146817
	33.820000	1.227470
	33.840000	1.261503
	33.860000	1.327081
	33.880000	1.327524
	33.900000	1.381562
	33.920000	1.397205
	33.940000	1.415888
	33.960000	1.387983
	33.980000	1.389012
	34.000000	1.377414
	34.020000	1.384083
	34.040000	1.357858
	34.060000	1.336062
	34.080000	1.255414
	34.100000	1.286334
	34.120000	1.228324
	34.140000	1.208097
	34.160000	1.151284
	34.180000	1.082873
	34.200000	0.966318
	34.220000	0.942366
	34.240000	0.918408
	34.260000	0.874242
	34.280000	0.693945
	34.300000	0.615427
	34.320000	0.547088
	34.340000	0.507455
	34.360000	0.379314
	34.380000	0.243853
	34.400000	0.159266
	34.420000	0.089442
	34.440000	0.106693
	34.460000	0.095981
	34.480000	0.113140
	34.500000	0.110262
	34.520000	0.125390
	34.540000	0.090725
	34.560000	0.095460
	34.580000	0.099862
	34.600000	0.076880
	34.620000	0.036094
	34.640000	0.043564
	34.660000	0.005559
	34.680000	-0.012063
	34.700000	-0.014375
	34.720000	-0.028442
	34.740000	-0.065183
	34.760000	-0.067118
	34.780000	-0.057050
	34.800000	-0.053442
	34.820000	-0.077752
	34.840000	-0.073317
	34.860000	-0.066955
	34.880000	-0.055448
	34.900000	-0.049476
	34.920000	-0.031626
	34.940000	-0.012467
	34.960000	-0.021714
	34.980000	0.015783
	35.000000	0.015900
	35.020000	0.054335
	35.040000	0.038159
	35.060000	0.086414
	35.080000	0.079264
	35.100000	0.139306
	35.120000	0.113902
	35.140000	0.130040
	35.160000	0.115602
	35.180000	0.151387
	35.200000	0.118767
	35.220000	0.133986
	35.240000	0.100696
	35.260000	0.098149
	35.280000	0.048910
	35.300000	0.073800
	35.320000	0.025173
	35.340000	0.008834
	35.360000	-0.021832
	35.380000	-0.010982
	35.400000	-0.041303
	35.420000	-0.024743
	35.440000	-0.051586
	35.460000	-0.058619
	35.480000	-0.061680
	35.500000	-0.042847
	35.520000	-0.060299
	35.540000	-0.047307
	35.560000	-0.049899
	35.580000	-0.042886
	35.600000	-0.014356
	35.620000	0.000987
	35.640000	0.011726
	35.660000	0.029543
	35.680000	0.073996
	35.700000	0.089456
	35.720000	0.125247
	35.740000	0.134917
	35.760000	0.166814
	35.780000	0.157423
	35.800000	0.199401
	35.820000	0.186240
	35.840000	0.205666
	35.860000	0.164639
	35.880000	0.195422
	35.900000	0.165388
	35.920000	0.190251
	35.940000	0.127676
	35.960000	0.150299
	35.980000	0.119275
	36.000000	0.140440
	36.020000	0.101965
	36.040000	0.104688
	36.060000	0.061381
	36.080000	0.062397
	36.100000	0.031809
	36.120000	0.040542
	36.140000	-0.012506
	36.160000	-0.011842
	36.180000	-0.035006
	36.200000	-0.006678
	36.220000	-0.011132
	36.240000	-0.006222
	36.260000	-0.015176
	36.280000	-0.002419
	36.300000	0.016949
	36.320000	0.032545
	36.340000	0.038497
	36.360000	0.036674
	36.380000	0.048806
	36.400000	0.060444
	36.420000	0.084734
	36.440000	0.070863
	36.460000	0.077297
	36.480000	0.088166
	36.500000	0.120043
	36.520000	0.117015
	36.540000	0.121111
	36.560000	0.109064
	36.580000	0.114612
	36.600000	0.103502
	36.620000	0.109233
	36.640000	0.087528
	36.660000	0.067627
	36.680000	0.005109
	36.700000	-0.008677
	36.720000	-0.022535
	36.740000	-0.028982
	36.760000	-0.059674
	36.780000	-0.060670
	36.800000	-0.056359
	36.820000	-0.053455
	36.840000	-0.050147
	36.860000	-0.041108
	36.880000	-0.030630
	36.900000	-0.032049
	36.920000	0.005448
	36.940000	0.007239
	36.960000	0.029159
	36.980000	0.025955
	37.000000	0.051607
	37.020000	0.064481
	37.040000	0.089110
	37.060000	0.078886
	37.080000	0.119294
	37.100000	0.118246
	37.120000	0.154929
	37.140000	0.136584
	37.160000	0.171106
	37.180000	0.134181
	37.200000	0.145845
	37.220000	0.122831
	37.240000	0.140270
	37.260000	0.089345
	37.280000	0.088414
	37.300000	0.035613
	37.320000	0.044131
	37.340000	-0.003005
	37.360000	-0.005304
	37.380000	-0.041375
	37.400000	-0.037266
	37.420000	-0.063660
	37.440000	-0.055930
	37.460000	-0.064780
	37.480000	-0.066193
	37.500000	-0.083535
	37.520000	-0.068563
	37.540000	-0.055578
	37.560000	-0.048187
	37.580000	-0.020230
	37.600000	0.001638
	37.620000	0.018772
	37.640000	0.025668
	37.660000	0.055690
	37.680000	0.070492
	37.700000	0.099953
	37.720000	0.103939
	37.740000	0.144321
	37.760000	0.153132
	37.780000	0.173053
	37.800000	0.171815
	37.820000	0.180665
	37.840000	0.157671
	37.860000	0.163297
	37.880000	0.148521
	37.900000	0.124068
	37.920000	0.098253
	37.940000	0.080013
	37.960000	0.031536
	37.980000	0.036544
	38.000000	0.013660
	38.020000	0.016056
	38.040000	0.001345
	38.060000	0.003201
	38.080000	-0.013027
	38.100000	0.007180
	38.120000	0.004732
	38.140000	0.021689
	38.160000	0.011908
	38.180000	0.021689
	38.200000	0.042112
	38.220000	0.040308
	38.240000	0.051242
	38.260000	0.040601
	38.280000	0.067874
	38.300000	0.070329
	38.320000	0.096274
	38.340000	0.095968
	38.360000	0.121743
	38.380000	0.116520
	38.400000	0.135653
	38.420000	0.127982
	38.440000	0.141696
	38.460000	0.102858
	38.480000	0.113590
	38.500000	0.100090
	38.520000	0.114215
	38.540000	0.073865
	38.560000	0.076711
	38.580000	0.051678
	38.600000	0.061043
	38.620000	0.036498
	38.640000	0.055214
	38.660000	0.022503
	38.680000	0.049887
	38.700000	0.037937
	38.720000	0.058562
	38.740000	0.030963
	38.760000	0.040529
	38.780000	0.025649
	38.800000	0.070036
	38.820000	0.065054
	38.840000	0.089885
	38.860000	0.100513
	38.880000	0.145298
	38.900000	0.168175
	38.920000	0.199388
	38.940000	0.232242
	38.960000	0.255191
	38.980000	0.262068
	39.000000	0.301278
	39.020000	0.333917
	39.040000	0.334393
	39.060000	0.329821
	39.080000	0.342526
	39.100000	0.365599
	39.120000	0.355850
	39.140000	0.373831
	39.160000	0.345997
	39.180000	0.370223
	39.200000	0.339804
	39.220000	0.346538
	39.240000	0.317943
	39.260000	0.332524
	39.280000	0.314478
	39.300000	0.327040
	39.320000	0.316927
	39.340000	0.339629
	39.360000	0.379796
	39.380000	0.470719
	39.400000	0.634905
	39.420000	0.896794
	39.440000	1.331627
	39.460000	2.006598
	39.480000	2.722726
	39.500000	3.305562
	39.520000	3.738604
	39.540000	4.125364
	39.560000	4.598509
	39.580000	5.080484
	39.600000	5.622983
	39.620000	6.097860
	39.640000	6.710659
	39.660000	7.219308
	39.680000	7.749662
	39.700000	8.280082
	39.720000	8.837598
	39.740000	9.390107
	39.760000	9.886057
	39.780000	9.980842
	39.800000	9.980875
	39.820000	9.980882
	39.840000	9.980895
	39.860000	9.980882
	39.880000	9.981031
	39.900000	9.980823
	39.920000	9.980816
	39.940000	9.980947
	39.960000	9.980986
	39.980000	9.980797
	40.000000	9.980875
	40.020000	9.980908
	40.040000	9.980895
	40.060000	9.981025
	40.080000	9.980784
	40.100000	9.980680
	40.120000	9.980836
	40.140000	9.980901
	40.160000	9.980654
	40.180000	9.980790
	40.200000	9.980602
	40.220000	9.980686
	40.240000	9.613378
	40.260000	7.779026
	40.280000	6.596858
	40.300000	5.558506
	40.320000	4.864982
	40.340000	3.352430
	40.360000	1.743836
	40.380000	0.903241
	40.400000	0.471077
	40.420000	0.274409
	40.440000	0.173281
	40.460000	0.147961
	40.480000	0.114156
	40.500000	0.099028
	40.520000	0.075780
	40.540000	0.066187
	40.560000	0.049451
	40.580000	0.047699
	40.600000	0.026593
	40.620000	0.013816
	40.640000	0.013582
	40.660000	0.028176
	40.680000	0.033561
	40.700000	0.030527
	40.720000	0.042737
	40.740000	0.066526
	40.760000	0.107097
	40.780000	0.111903
	40.800000	0.131023
	40.820000	0.150208
	40.840000	0.191567
	40.860000	0.213793
	40.880000	0.249897
	40.900000	0.255250
	40.920000	0.277281
	40.940000	0.298966
	40.960000	0.349286
	40.980000	0.350732
	41.000000	0.380297
	41.020000	0.365417
	41.040000	0.395191
	41.060000	0.387031
	41.080000	0.395249
	41.100000	0.363561
	41.120000	0.359061
	41.140000	0.341608
	41.160000	0.330401
	41.180000	0.309777
	41.200000	0.283422
	41.220000	0.229227
	41.240000	0.207007
	41.260000	0.179591
	41.280000	0.174153
	41.300000	0.134019
	41.320000	0.095167
	41.340000	0.070902
	41.360000	0.033327
	41.380000	0.001756
	41.400000	-0.012122
	41.420000	-0.030044
	41.440000	-0.042358
	41.460000	-0.038190
	41.480000	-0.047333
	41.500000	-0.028468
	41.520000	-0.022131
	41.540000	0.013002
	41.560000	0.035274
	41.580000	0.060183
	41.600000	0.072029
	41.620000	0.113004
	41.640000	0.134631
	41.660000	0.165603
	41.680000	0.151217
	41.700000	0.177735
	41.720000	0.166065
	41.740000	0.193377
	41.760000	0.165922
	41.780000	0.183335
	41.800000	0.140544
	41.820000	0.142908
	41.840000	0.123280
	41.860000	0.142042
	41.880000	0.099308
	41.900000	0.106517
	41.920000	0.096482
	41.940000	0.112320
	41.960000	0.078639
	41.980000	0.087456
	42.000000	0.063368
	42.020000	0.081009
	42.040000	0.062873
	42.060000	0.079166
	42.080000	0.088557
	42.100000	0.103053
	42.120000	0.103313
	42.140000	0.111564
	42.160000	0.144464
	42.180000	0.159722
	42.200000	0.170832
	42.220000	0.176413
	42.240000	0.210758
	42.260000	0.212771
	42.280000	0.232854
	42.300000	0.207190
	42.320000	0.213650
	42.340000	0.184592
	42.360000	0.190473
	42.380000	0.158472
	42.400000	0.149381
	42.420000	0.100585
	42.440000	0.095772
	42.460000	0.074204
	42.480000	0.072726
	42.500000	0.031555
	42.520000	0.047784
	42.540000	0.028097
	42.560000	0.051431
	42.580000	0.024529
	42.600000	0.035821
	42.620000	0.000935
	42.640000	0.027466
	42.660000	0.010534
	42.680000	0.025180
	42.700000	0.003533
	42.720000	0.039129
	42.740000	0.045355
	42.760000	0.081986
	42.780000	0.093968
	42.800000	0.119574
	42.820000	0.130665
	42.840000	0.196399
	42.860000	0.224037
	42.880000	0.253277
	42.900000	0.300555
	42.920000	0.324208
	42.940000	0.316732
	42.960000	0.346857
	42.980000	0.368263
	43.000000	0.358807
	43.020000	0.364394
	43.040000	0.377543
	43.060000	0.376911
	43.080000	0.364056
	43.100000	0.367546
	43.120000	0.342396
	43.140000	0.335317
	43.160000	0.324729
	43.180000	0.312714
	43.200000	0.287752
	43.220000	0.248835
	43.240000	0.231545
	43.260000	0.213129
	43.280000	0.175866
	43.300000	0.130671
	43.320000	0.094509
	43.340000	0.089403
	43.360000	0.085450
	43.380000	0.076874
	43.400000	0.081302
	43.420000	0.094268
	43.440000	0.120727
	43.460000	0.172929
	43.480000	0.275425
	43.500000	0.409973
	43.520000	0.598515
	43.540000	0.796675
	43.560000	0.969261
	43.580000	1.075482
	43.600000	1.168509
	43.620000	1.270614
	43.640000	1.404029
	43.660000	1.555217
	43.680000	1.670424
	43.700000	1.792756
	43.720000	1.962152
	43.740000	2.092363
	43.760000	2.243238
	43.780000	2.365049
	43.800000	2.460466
	43.820000	2.638907
	43.840000	2.793038
	43.860000	2.928297
	43.880000	3.064695
	43.900000	3.222225
	43.920000	3.295754
	43.940000	3.419962
	43.960000	3.552029
	43.980000	3.626249
	44.000000	3.742687
	44.020000	3.871551
	44.040000	3.936562
	44.060000	3.930525
	44.080000	3.912076
	44.100000	3.945621
	44.120000	3.966864
	44.140000	3.933163
	44.160000	3.845333
	44.180000	3.698248
	44.200000	3.490027
	44.220000	3.348340
	44.240000	3.297259
	44.260000	2.921433
	44.280000	2.304531
	44.300000	1.929643
	44.320000	1.608897
	44.340000	1.420199
	44.360000	1.078146
	44.380000	0.685791
	44.400000	0.390821
	44.420000	0.256272
	44.440000	0.153959
	44.460000	0.100663
	44.480000	0.049418
	44.500000	0.016734
	44.520000	0.002960
	44.540000	0.004829
	44.560000	-0.022600
	44.580000	-0.034316
	44.600000	-0.044488
	44.620000	-0.031580
	44.640000	-0.045946
	44.660000	-0.042970
	44.680000	-0.048395
	44.700000	-0.046383
	44.720000	-0.034446
	44.740000	-0.028682
	44.760000	-0.014701
	44.780000	-0.017788
	44.800000	0.020465
	44.820000	0.015750
	44.840000	0.063283
	44.860000	0.068193
	44.880000	0.101653
	44.900000	0.108106
	44.920000	0.172616
	44.940000	0.168631
	44.960000	0.207222
	44.980000	0.173802
	45.000000	0.222370
	45.020000	0.185810
	45.040000	0.222448
	45.060000	0.173391
	45.080000	0.189190
	45.100000	0.144979
	45.120000	0.182053
	45.140000	0.115589
	45.160000	0.137203
	45.180000	0.078014
	45.200000	0.121378
	45.220000	0.067568
	45.240000	0.090400
	45.260000	0.015698
	45.280000	0.031849
	45.300000	-0.024072
	45.320000	-0.006951
	45.340000	-0.070028
	45.360000	-0.053038
	45.380000	-0.095081
	45.400000	-0.065340
	45.420000	-0.079725
	45.440000	-0.046793
	45.460000	-0.068817
	45.480000	-0.023903
	45.500000	-0.002477
	45.520000	0.019456
	45.540000	0.043896
	45.560000	0.038738
	45.580000	0.076750
	45.600000	0.069294
	45.620000	0.089781
	45.640000	0.074334
	45.660000	0.094782
	45.680000	0.087137
	45.700000	0.126269
	45.720000	0.096248
	45.740000	0.114638
	45.760000	0.082201
	45.780000	0.102656
	45.800000	0.092803
	45.820000	0.079980
	45.840000	0.047842
	45.860000	0.041063
	45.880000	0.016603
	45.900000	0.005305
	45.920000	-0.037630
	45.940000	-0.041323
	45.960000	-0.060612
	45.980000	-0.057401
	46.000000	-0.073760
	46.020000	-0.056848
	46.040000	-0.070335
	46.060000	-0.064604
	46.080000	-0.038965
	46.100000	-0.042430
	46.120000	-0.024697
	46.140000	-0.033827
	46.160000	0.008138
	46.180000	0.012292
	46.200000	0.041747
	46.220000	0.015001
	46.240000	0.067431
	46.260000	0.042333
	46.280000	0.110314
	46.300000	0.066728
	46.320000	0.124133
	46.340000	0.087639
	46.360000	0.151217
	46.380000	0.096567
	46.400000	0.143885
	46.420000	0.075233
	46.440000	0.126106
	46.460000	0.063329
	46.480000	0.113466
	46.500000	0.020166
	46.520000	0.052961
	46.540000	-0.016153
	46.560000	0.026619
	46.580000	-0.036211
	46.600000	-0.022314
	46.620000	-0.060592
	46.640000	-0.034485
	46.660000	-0.064089
	46.680000	-0.058033
	46.700000	-0.079491
	46.720000	-0.058749
	46.740000	-0.077654
	46.760000	-0.038776
	46.780000	-0.038281
	46.800000	-0.011230
	46.820000	-0.021565
	46.840000	0.024151
	46.860000	0.029374
	46.880000	0.051222
	46.900000	0.066292
	46.920000	0.093050
	46.940000	0.085183
	46.960000	0.105482
	46.980000	0.096827
	47.000000	0.120623
	47.020000	0.104447
	47.040000	0.101399
	47.060000	0.067627
	47.080000	0.068968
	47.100000	0.044964
	47.120000	0.033437
	47.140000	-0.011047
	47.160000	-0.024704
	47.180000	-0.057232
	47.200000	-0.052009
	47.220000	-0.070380
	47.240000	-0.076456
	47.260000	-0.094606
	47.280000	-0.074828
	47.300000	-0.073903
	47.320000	-0.070035
	47.340000	-0.083698
	47.360000	-0.062683
	47.380000	-0.060403
	47.400000	-0.032805
	47.420000	-0.046930
	47.440000	-0.021395
	47.460000	-0.018139
	47.480000	0.011159
	47.500000	0.026645
	47.520000	0.051007
	47.540000	0.061935
	47.560000	0.100181
	47.580000	0.109461
	47.600000	0.146991
	47.620000	0.122427
	47.640000	0.141996
	47.660000	0.122355
	47.680000	0.141950
	47.700000	0.110041
	47.720000	0.108308
	47.740000	0.070713
	47.760000	0.083471
	47.780000	0.042203
	47.800000	0.054003
	47.820000	0.019514
	47.840000	0.020700
	47.860000	-0.004705
	47.880000	0.008593
	47.900000	-0.009921
	47.920000	-0.023466
	47.940000	-0.047203
	47.960000	-0.033189
	47.980000	-0.035957
	48.000000	-0.052517
	48.020000	-0.047685
	48.040000	-0.044592
	48.060000	-0.012688
	48.080000	-0.013470
	48.100000	0.009492
	48.120000	0.007311
	48.140000	0.055266
	48.160000	0.065171
	48.180000	0.105775
	48.200000	0.087997
	48.220000	0.122837
	48.240000	0.102890
	48.260000	0.136988
	48.280000	0.109298
	48.300000	0.117367
	48.320000	0.087430
	48.340000	0.111831
	48.360000	0.083451
	48.380000	0.084910
	48.400000	0.047979
	48.420000	0.056719
	48.440000	0.036186
	48.460000	0.032851
	48.480000	0.006184
	48.500000	-0.012207
	48.520000	-0.032850
	48.540000	-0.038842
	48.560000	-0.078605
	48.580000	-0.073272
	48.600000	-0.098376
	48.620000	-0.104485
	48.640000	-0.109323
	48.660000	-0.088035
	48.680000	-0.085085
	48.700000	-0.078286
	48.720000	-0.044846
	48.740000	-0.040242
	48.760000	-0.010631
	48.780000	0.025734
	48.800000	0.049698
	48.820000	0.052141
	48.840000	0.078697
	48.860000	0.085320
	48.880000	0.111688
	48.900000	0.089592
	48.920000	0.109474
	48.940000	0.084851
	48.960000	0.105528
	48.980000	0.083113
	49.000000	0.090178
	49.020000	0.060645
	49.040000	0.058692
	49.060000	0.040594
	49.080000	0.045752
	49.100000	0.019820
	49.120000	0.007584
	49.140000	-0.002881
	49.160000	-0.012343
	49.180000	-0.029477
	49.200000	-0.065229
	49.220000	-0.071852
	49.240000	-0.087781
	49.260000	-0.072601
	49.280000	-0.093368
	49.300000	-0.073688
	49.320000	-0.087325
	49.340000	-0.052055
	49.360000	-0.062370
	49.380000	-0.003773
	49.400000	-0.030656
	49.420000	0.024158
	49.440000	0.012878
	49.460000	0.079954
	49.480000	0.046201
	49.500000	0.080150
	49.520000	0.050610
	49.540000	0.122056
	49.560000	0.088935
	49.580000	0.119425
	49.600000	0.070642
	49.620000	0.139456
	49.640000	0.092445
	49.660000	0.144152
	49.680000	0.082618
	49.700000	0.112815
	49.720000	0.054114
	49.740000	0.094932
	49.760000	0.039455
	49.780000	0.032819
	49.800000	-0.024971
	49.820000	-0.003871
	49.840000	-0.041297
	49.860000	-0.041792
	49.880000	-0.077960
	49.900000	-0.058977
	49.920000	-0.066805
	49.940000	-0.054223
	49.960000	-0.065971
	49.980000	-0.050316
	50.000000	-0.051788
