	0.000000	0.530456
	0.020000	0.529616
	0.040000	0.530293
	0.060000	0.531263
	0.080000	0.530905
	0.100000	0.531869
	0.120000	0.530045
	0.140000	0.529993
	0.160000	0.530632
	0.180000	0.529043
	0.200000	0.530143
	0.220000	0.529844
	0.240000	0.530566
	0.260000	0.529140
	0.280000	0.530645
	0.300000	0.530117
	0.320000	0.530775
	0.340000	0.531452
	0.360000	0.530625
	0.380000	0.530671
	0.400000	0.529440
	0.420000	0.531367
	0.440000	0.531159
	0.460000	0.530241
	0.480000	0.530990
	0.500000	0.531680
	0.520000	0.530938
	0.540000	0.531830
	0.560000	0.531563
	0.580000	0.532305
	0.600000	0.531608
	0.620000	0.532364
	0.640000	0.532748
	0.660000	0.532312
	0.680000	0.531159
	0.700000	0.531205
	0.720000	0.531302
	0.740000	0.530996
	0.760000	0.531667
	0.780000	0.530371
	0.800000	0.530150
	0.820000	0.532755
	0.840000	0.660068
	0.860000	0.802314
	0.880000	1.051856
	0.900000	1.372686
	0.920000	1.755545
	0.940000	2.491601
	0.960000	3.522106
	0.980000	5.126812
	1.000000	7.542860
	1.020000	9.977749
	1.040000	9.980986
	1.060000	9.980953
	1.080000	9.980999
	1.100000	8.284933
	1.120000	5.978218
	1.140000	4.496794
	1.160000	3.485774
	1.180000	2.836240
	1.200000	2.427345
	1.220000	2.127464
	1.240000	1.855586
	1.260000	1.575717
	1.280000	1.312872
	1.300000	1.096275
	1.320000	0.936844
	1.340000	0.815938
	1.360000	0.720248
	1.380000	0.648073
	1.400000	0.589268
	1.420000	0.533673
	1.440000	0.481933
	1.460000	0.437331
	1.480000	0.396408
	1.500000	0.356170
	1.520000	0.321245
	1.540000	0.288573
	1.560000	0.259841
	1.580000	0.236293
	1.600000	0.209280
	1.620000	0.171119
	1.640000	0.128464
	1.660000	0.103353
	1.680000	0.093265
	1.700000	0.088407
	1.720000	0.085281
	1.740000	0.081908
	1.760000	0.080052
	1.780000	0.077864
	1.800000	0.076229
	1.820000	0.073370
	1.840000	0.072921
	1.860000	0.072133
	1.880000	0.072153
	1.900000	0.072569
	1.920000	0.071762
	1.940000	0.070655
	1.960000	0.070837
	1.980000	0.071566
	2.000000	0.071684
	2.020000	0.071202
	2.040000	0.071801
	2.060000	0.071970
	2.080000	0.073761
	2.100000	0.073755
	2.120000	0.072621
	2.140000	0.072367
	2.160000	0.072752
	2.180000	0.071814
	2.200000	0.071606
	2.220000	0.071749
	2.240000	0.071085
	2.260000	0.070479
	2.280000	0.067672
	2.300000	0.066487
	2.320000	0.065204
	2.340000	0.063088
	2.360000	0.060170
	2.380000	0.058770
	2.400000	0.058151
	2.420000	0.057025
	2.440000	0.054094
	2.460000	0.051613
	2.480000	0.048220
	2.500000	0.044905
	2.520000	0.041226
	2.540000	0.037846
	2.560000	0.033770
	2.580000	0.026704
	2.600000	0.015731
	2.620000	0.004530
	2.640000	0.000297
	2.660000	-0.001032
	2.680000	-0.001618
	2.700000	-0.001715
	2.720000	-0.001969
	2.740000	-0.001468
	2.760000	-0.001155
	2.780000	-0.001207
	2.800000	-0.001364
	2.820000	-0.001514
	2.840000	-0.001260
	2.860000	-0.001338
	2.880000	-0.001012
	2.900000	-0.001435
	2.920000	-0.001090
	2.940000	-0.001722
	2.960000	-0.002048
	2.980000	-0.002106
	3.000000	-0.001833
	3.020000	-0.002282
	3.040000	-0.002354
	3.060000	-0.002302
	3.080000	-0.002367
	3.100000	-0.002634
	3.120000	-0.002536
	3.140000	-0.002862
	3.160000	-0.002809
	3.180000	-0.002862
	3.200000	-0.003096
	3.220000	-0.003233
	3.240000	-0.003487
	3.260000	-0.002927
	3.280000	-0.002569
	3.300000	-0.002555
	3.320000	-0.002686
	3.340000	-0.002608
	3.360000	-0.002458
	3.380000	-0.002093
	3.400000	-0.001969
	3.420000	-0.002321
	3.440000	-0.001572
	3.460000	-0.001846
	3.480000	-0.001683
	3.500000	-0.001826
	3.520000	-0.001937
	3.540000	-0.001598
	3.560000	-0.001598
	3.580000	-0.001168
	3.600000	-0.001611
	3.620000	-0.001592
	3.640000	-0.001735
	3.660000	-0.001787
	3.680000	-0.001924
	3.700000	-0.001611
	3.720000	-0.002080
	3.740000	-0.002308
	3.760000	-0.002640
	3.780000	-0.003031
	3.800000	-0.003291
	3.820000	-0.002627
	3.840000	-0.003044
	3.860000	-0.003200
	3.880000	-0.003096
	3.900000	-0.003168
	3.920000	-0.003174
	3.940000	-0.003122
	3.960000	-0.002803
	3.980000	-0.002634
	4.000000	-0.002829
	4.020000	-0.002907
	4.040000	-0.002738
	4.060000	-0.002621
	4.080000	-0.002288
	4.100000	-0.002048
	4.120000	-0.001702
	4.140000	-0.001761
	4.160000	-0.001481
	4.180000	-0.001338
	4.200000	-0.001214
	4.220000	-0.001527
	4.240000	-0.001286
	4.260000	-0.001260
	4.280000	-0.001181
	4.300000	-0.001377
	4.320000	-0.001507
	4.340000	-0.001898
	4.360000	-0.001956
	4.380000	-0.002295
	4.400000	-0.002425
	4.420000	-0.002705
	4.440000	-0.002653
	4.460000	-0.003246
	4.480000	-0.003278
	4.500000	-0.003220
	4.520000	-0.003050
	4.540000	-0.003129
	4.560000	-0.002868
	4.580000	-0.002953
	4.600000	-0.002992
	4.620000	-0.003063
	4.640000	-0.002673
	4.660000	-0.002315
	4.680000	-0.002295
	4.700000	-0.001969
	4.720000	-0.001956
	4.740000	-0.001852
	4.760000	-0.001689
	4.780000	-0.001416
	4.800000	-0.000843
	4.820000	-0.000667
	4.840000	-0.001331
	4.860000	-0.000882
	4.880000	-0.001058
	4.900000	-0.000999
	4.920000	-0.000888
	4.940000	-0.000953
	4.960000	-0.000967
	4.980000	-0.001487
	5.000000	-0.001722
	5.020000	-0.002054
	5.040000	-0.002588
	5.060000	-0.002946
	5.080000	-0.002770
	5.100000	-0.002718
	5.120000	-0.002621
	5.140000	-0.002836
	5.160000	-0.002790
	5.180000	-0.003089
	5.200000	-0.002822
	5.220000	-0.003063
	5.240000	-0.002627
	5.260000	-0.002731
	5.280000	-0.002575
	5.300000	-0.002725
	5.320000	-0.002484
	5.340000	-0.002562
	5.360000	-0.002008
	5.380000	-0.001995
	5.400000	-0.001409
	5.420000	-0.001794
	5.440000	-0.001409
	5.460000	-0.001520
	5.480000	-0.001227
	5.500000	-0.001507
	5.520000	-0.001162
	5.540000	-0.001338
	5.560000	-0.001709
	5.580000	-0.001611
	5.600000	-0.001728
	5.620000	-0.001754
	5.640000	-0.001650
	5.660000	-0.001989
	5.680000	-0.002197
	5.700000	-0.002249
	5.720000	-0.002471
	5.740000	-0.002445
	5.760000	-0.002308
	5.780000	-0.002295
	5.800000	-0.002770
	5.820000	-0.002647
	5.840000	-0.002855
	5.860000	-0.003024
	5.880000	-0.003343
	5.900000	-0.002816
	5.920000	-0.002946
	5.940000	-0.002660
	5.960000	-0.002731
	5.980000	-0.002783
	6.000000	-0.002738
	6.020000	-0.002315
	6.040000	-0.002119
	6.060000	-0.001566
	6.080000	-0.001683
	6.100000	-0.001813
	6.120000	-0.001800
	6.140000	-0.001644
	6.160000	-0.001383
	6.180000	-0.000908
	6.200000	-0.001227
	6.220000	-0.000700
	6.240000	-0.001136
	6.260000	-0.000856
	6.280000	-0.000869
	6.300000	-0.001012
	6.320000	-0.000817
	6.340000	-0.001090
	6.360000	-0.001142
	6.380000	-0.001390
	6.400000	-0.001435
	6.420000	-0.001422
	6.440000	-0.001403
	6.460000	-0.001234
	6.480000	-0.001299
	6.500000	-0.001455
	6.520000	-0.001279
	6.540000	-0.001019
	6.560000	-0.000113
	6.580000	0.001352
	6.600000	0.002824
	6.620000	0.004295
	6.640000	0.005650
	6.660000	0.007076
	6.680000	0.008339
	6.700000	0.009433
	6.720000	0.010886
	6.740000	0.011915
	6.760000	0.012618
	6.780000	0.012996
	6.800000	0.013888
	6.820000	0.015027
	6.840000	0.015464
	6.860000	0.015503
	6.880000	0.016011
	6.900000	0.015809
	6.920000	0.015835
	6.940000	0.015614
	6.960000	0.016206
	6.980000	0.016095
	7.000000	0.016499
	7.020000	0.016336
	7.040000	0.016362
	7.060000	0.015815
	7.080000	0.015399
	7.100000	0.014591
	7.120000	0.014376
	7.140000	0.013771
	7.160000	0.013074
	7.180000	0.013536
	7.200000	0.013888
	7.220000	0.013575
	7.240000	0.014116
	7.260000	0.013601
	7.280000	0.013204
	7.300000	0.012123
	7.320000	0.011133
	7.340000	0.010814
	7.360000	0.010528
	7.380000	0.010847
	7.400000	0.010925
	7.420000	0.010515
	7.440000	0.009648
	7.460000	0.008092
	7.480000	0.007662
	7.500000	0.007089
	7.520000	0.003924
	7.540000	0.002036
	7.560000	0.000981
	7.580000	0.000857
	7.600000	0.001463
	7.620000	0.001990
	7.640000	0.002055
	7.660000	0.002452
	7.680000	0.002452
	7.700000	0.002016
	7.720000	0.002387
	7.740000	0.003247
	7.760000	0.003182
	7.780000	0.003260
	7.800000	0.003032
	7.820000	0.003664
	7.840000	0.003657
	7.860000	0.003305
	7.880000	0.003540
	7.900000	0.004100
	7.920000	0.004067
	7.940000	0.003813
	7.960000	0.003937
	7.980000	0.004341
	8.000000	0.004640
	8.020000	0.004673
	8.040000	0.004823
	8.060000	0.004823
	8.080000	0.004764
	8.100000	0.004803
	8.120000	0.004953
	8.140000	0.004888
	8.160000	0.004966
	8.180000	0.004992
	8.200000	0.005298
	8.220000	0.004478
	8.240000	0.004569
	8.260000	0.004465
	8.280000	0.004621
	8.300000	0.004048
	8.320000	0.002986
	8.340000	0.002876
	8.360000	0.002804
	8.380000	0.002648
	8.400000	0.002303
	8.420000	0.002101
	8.440000	0.001332
	8.460000	0.000531
	8.480000	0.000238
	8.500000	-0.000478
	8.520000	-0.002445
	8.540000	-0.002621
	8.560000	-0.002907
	8.580000	-0.002640
	8.600000	-0.002692
	8.620000	-0.002562
	8.640000	-0.002751
	8.660000	-0.002399
	8.680000	-0.002152
	8.700000	-0.001839
	8.720000	-0.001891
	8.740000	-0.001097
	8.760000	-0.001872
	8.780000	-0.001820
	8.800000	-0.001631
	8.820000	-0.000856
	8.840000	-0.001273
	8.860000	-0.001474
	8.880000	-0.001194
	8.900000	-0.001175
	8.920000	-0.001390
	8.940000	-0.001116
	8.960000	-0.001136
	8.980000	-0.001859
	9.000000	-0.001429
	9.020000	-0.001728
	9.040000	-0.001689
	9.060000	-0.002354
	9.080000	-0.002412
	9.100000	-0.001995
	9.120000	-0.002432
	9.140000	-0.002634
	9.160000	-0.003037
	9.180000	-0.003220
	9.200000	-0.002764
	9.220000	-0.002770
	9.240000	-0.002998
	9.260000	-0.002777
	9.280000	-0.002536
	9.300000	-0.002894
	9.320000	-0.002601
	9.340000	-0.002516
	9.360000	-0.001995
	9.380000	-0.001813
	9.400000	-0.001012
	9.420000	-0.001351
	9.440000	-0.001266
	9.460000	-0.001207
	9.480000	-0.001077
	9.500000	-0.001448
	9.520000	-0.001090
	9.540000	-0.000875
	9.560000	-0.000752
	9.580000	-0.001162
	9.600000	-0.001260
	9.620000	-0.001474
	9.640000	-0.001527
	9.660000	-0.001038
	9.680000	-0.001989
	9.700000	-0.002028
	9.720000	-0.002373
	9.740000	-0.002731
	9.760000	-0.002692
	9.780000	-0.002582
	9.800000	-0.002875
	9.820000	-0.003083
	9.840000	-0.002757
	9.860000	-0.002920
	9.880000	-0.003265
	9.900000	-0.003063
	9.920000	-0.002777
	9.940000	-0.002295
	9.960000	-0.002334
	9.980000	-0.002288
	10.000000	-0.002145
	10.020000	-0.002015
	10.040000	-0.001859
	10.060000	-0.001579
	10.080000	-0.001390
	10.100000	-0.001468
	10.120000	-0.001077
	10.140000	-0.001090
	10.160000	-0.001097
	10.180000	-0.000967
	10.200000	-0.000849
	10.220000	-0.000472
	10.240000	-0.000784
	10.260000	-0.001175
	10.280000	-0.001409
	10.300000	-0.001325
	10.320000	-0.001585
	10.340000	-0.001540
	10.360000	-0.001846
	10.380000	-0.002074
	10.400000	-0.002458
	10.420000	-0.002432
	10.440000	-0.002438
	10.460000	-0.002087
	10.480000	-0.002549
	10.500000	-0.002569
	10.520000	-0.003050
	10.540000	-0.002555
	10.560000	-0.002770
	10.580000	-0.002783
	10.600000	-0.002406
	10.620000	-0.002119
	10.640000	-0.002516
	10.660000	-0.002555
	10.680000	-0.001898
	10.700000	-0.001839
	10.720000	-0.002061
	10.740000	-0.001514
	10.760000	-0.001175
	10.780000	-0.001748
	10.800000	-0.001338
	10.820000	-0.001266
	10.840000	-0.001019
	10.860000	-0.000908
	10.880000	-0.000940
	10.900000	-0.001155
	10.920000	-0.001305
	10.940000	-0.001364
	10.960000	-0.001312
	10.980000	-0.001468
	11.000000	-0.001572
	11.020000	-0.001774
	11.040000	-0.001631
	11.060000	-0.001943
	11.080000	-0.002432
	11.100000	-0.002308
	11.120000	-0.002048
	11.140000	-0.002093
	11.160000	-0.002464
	11.180000	-0.002705
	11.200000	-0.002653
	11.220000	-0.002862
	11.240000	-0.002653
	11.260000	-0.002764
	11.280000	-0.002432
	11.300000	-0.002529
	11.320000	-0.002686
	11.340000	-0.002484
	11.360000	-0.002061
	11.380000	-0.001800
	11.400000	-0.001631
	11.420000	-0.001149
	11.440000	-0.001234
	11.460000	-0.000921
	11.480000	-0.000791
	11.500000	3.636701E-5
	11.520000	0.000277
	11.540000	0.001326
	11.560000	0.002172
	11.580000	0.002687
	11.600000	0.003468
	11.620000	0.004256
	11.640000	0.004940
	11.660000	0.005761
	11.680000	0.005813
	11.700000	0.006093
	11.720000	0.006444
	11.740000	0.006620
	11.760000	0.006516
	11.780000	0.007258
	11.800000	0.006464
	11.820000	0.006386
	11.840000	0.006347
	11.860000	0.006705
	11.880000	0.006666
	11.900000	0.006718
	11.920000	0.007252
	11.940000	0.006549
	11.960000	0.006959
	11.980000	0.007167
	12.000000	0.007363
	12.020000	0.007304
	12.040000	0.008190
	12.060000	0.007271
	12.080000	0.007630
	12.100000	0.007955
	12.120000	0.007402
	12.140000	0.007350
	12.160000	0.008033
	12.180000	0.008203
	12.200000	0.008007
	12.220000	0.008020
	12.240000	0.008066
	12.260000	0.007337
	12.280000	0.007421
	12.300000	0.006646
	12.320000	0.006119
	12.340000	0.005682
	12.360000	0.005533
	12.380000	0.004966
	12.400000	0.003963
	12.420000	0.002993
	12.440000	0.002752
	12.460000	0.001502
	12.480000	0.000238
	12.500000	-0.001637
	12.520000	-0.002236
	12.540000	-0.002236
	12.560000	-0.002002
	12.580000	-0.002008
	12.600000	-0.002438
	12.620000	-0.002178
	12.640000	-0.001963
	12.660000	-0.002074
	12.680000	-0.001435
	12.700000	-0.000836
	12.720000	-0.001292
	12.740000	-0.000862
	12.760000	-0.000446
	12.780000	-0.000654
	12.800000	-0.000406
	12.820000	0.000453
	12.840000	0.000453
	12.860000	0.000479
	12.880000	0.000902
	12.900000	0.001130
	12.920000	0.001365
	12.940000	0.001651
	12.960000	0.001645
	12.980000	0.002049
	13.000000	0.002062
	13.020000	0.001586
	13.040000	0.001892
	13.060000	0.002609
	13.080000	0.002237
	13.100000	0.002498
	13.120000	0.003520
	13.140000	0.003716
	13.160000	0.004543
	13.180000	0.005539
	13.200000	0.006939
	13.220000	0.008431
	13.240000	0.010684
	13.260000	0.013302
	13.280000	0.016434
	13.300000	0.020895
	13.320000	0.025395
	13.340000	0.030585
	13.360000	0.038953
	13.380000	0.049360
	13.400000	0.063889
	13.420000	0.081615
	13.440000	0.110412
	13.460000	0.150351
	13.480000	0.210270
	13.500000	0.303942
	13.520000	0.442430
	13.540000	0.599303
	13.560000	0.747527
	13.580000	0.896605
	13.600000	1.045083
	13.620000	1.192057
	13.640000	1.317000
	13.660000	1.416605
	13.680000	1.508498
	13.700000	1.606598
	13.720000	1.689909
	13.740000	1.760423
	13.760000	1.824126
	13.780000	1.878105
	13.800000	1.910556
	13.820000	1.937887
	13.840000	1.966222
	13.860000	1.998868
	13.880000	2.036971
	13.900000	2.074793
	13.920000	2.106365
	13.940000	2.140502
	13.960000	2.171741
	13.980000	2.184101
	14.000000	2.181086
	14.020000	2.170953
	14.040000	2.145171
	14.060000	2.122834
	14.080000	2.104613
	14.100000	2.086066
	14.120000	2.080960
	14.140000	2.072273
	14.160000	2.053329
	14.180000	2.019375
	14.200000	1.993365
	14.220000	1.962484
	14.240000	1.890465
	14.260000	1.795485
	14.280000	1.682986
	14.300000	1.595065
	14.320000	1.546197
	14.340000	1.547272
	14.360000	1.513982
	14.380000	1.359590
	14.400000	1.167259
	14.420000	1.062848
	14.440000	0.953899
	14.460000	0.627253
	14.480000	0.260440
	14.500000	0.095199
	14.520000	0.040464
	14.540000	0.022282
	14.560000	0.014773
	14.580000	0.011498
	14.600000	0.010287
	14.620000	0.009570
	14.640000	0.009577
	14.660000	0.009629
	14.680000	0.009661
	14.700000	0.009909
	14.720000	0.010586
	14.740000	0.010996
	14.760000	0.011198
	14.780000	0.010905
	14.800000	0.011022
	14.820000	0.010840
	14.840000	0.011185
	14.860000	0.011615
	14.880000	0.011778
	14.900000	0.011745
	14.920000	0.011648
	14.940000	0.011016
	14.960000	0.010020
	14.980000	0.009616
	15.000000	0.009186
	15.020000	0.008952
	15.040000	0.008730
	15.060000	0.008711
	15.080000	0.008138
	15.100000	0.008033
	15.120000	0.007818
	15.140000	0.007962
	15.160000	0.008606
	15.180000	0.008802
	15.200000	0.009486
	15.220000	0.009792
	15.240000	0.010156
	15.260000	0.011120
	15.280000	0.011830
	15.300000	0.014181
	15.320000	0.015900
	15.340000	0.017906
	15.360000	0.020882
	15.380000	0.024718
	15.400000	0.029869
	15.420000	0.039631
	15.440000	0.051541
	15.460000	0.071944
	15.480000	0.103613
	15.500000	0.146835
	15.520000	0.189183
	15.540000	0.234469
	15.560000	0.285473
	15.580000	0.332550
	15.600000	0.376416
	15.620000	0.416876
	15.640000	0.456711
	15.660000	0.491298
	15.680000	0.521163
	15.700000	0.549322
	15.720000	0.571789
	15.740000	0.591775
	15.760000	0.604741
	15.780000	0.614450
	15.800000	0.628373
	15.820000	0.638376
	15.840000	0.649675
	15.860000	0.662348
	15.880000	0.677495
	15.900000	0.689067
	15.920000	0.701447
	15.940000	0.713820
	15.960000	0.719062
	15.980000	0.717584
	16.000000	0.713853
	16.020000	0.706871
	16.040000	0.698607
	16.060000	0.689731
	16.080000	0.684919
	16.100000	0.681995
	16.120000	0.683473
	16.140000	0.680614
	16.160000	0.673646
	16.180000	0.667036
	16.200000	0.650463
	16.220000	0.620220
	16.240000	0.584090
	16.260000	0.545492
	16.280000	0.519346
	16.300000	0.508086
	16.320000	0.515360
	16.340000	0.487553
	16.360000	0.429595
	16.380000	0.372665
	16.400000	0.346512
	16.420000	0.312499
	16.440000	0.207685
	16.460000	0.095597
	16.480000	0.055332
	16.500000	0.053723
	16.520000	0.065113
	16.540000	0.077707
	16.560000	0.093063
	16.580000	0.105026
	16.600000	0.119379
	16.620000	0.132540
	16.640000	0.145115
	16.660000	0.157541
	16.680000	0.169061
	16.700000	0.178601
	16.720000	0.186435
	16.740000	0.193065
	16.760000	0.198835
	16.780000	0.204168
	16.800000	0.208766
	16.820000	0.212471
	16.840000	0.215975
	16.860000	0.219654
	16.880000	0.223607
	16.900000	0.227853
	16.920000	0.230549
	16.940000	0.232301
	16.960000	0.233753
	16.980000	0.234261
	17.000000	0.234554
	17.020000	0.233024
	17.040000	0.229722
	17.060000	0.228159
	17.080000	0.226212
	17.100000	0.225040
	17.120000	0.221445
	17.140000	0.219250
	17.160000	0.215213
	17.180000	0.216470
	17.200000	0.215571
	17.220000	0.210576
	17.240000	0.200293
	17.260000	0.188337
	17.280000	0.176563
	17.300000	0.172291
	17.320000	0.174987
	17.340000	0.172962
	17.360000	0.159566
	17.380000	0.146281
	17.400000	0.138356
	17.420000	0.134722
	17.440000	0.114528
	17.460000	0.095069
	17.480000	0.114221
	17.500000	0.164912
	17.520000	0.222773
	17.540000	0.274331
	17.560000	0.323621
	17.580000	0.373655
	17.600000	0.420432
	17.620000	0.465256
	17.640000	0.510235
	17.660000	0.548898
	17.680000	0.580535
	17.700000	0.615720
	17.720000	0.648665
	17.740000	0.674571
	17.760000	0.696367
	17.780000	0.717083
	17.800000	0.734529
	17.820000	0.749546
	17.840000	0.766041
	17.860000	0.781814
	17.880000	0.796870
	17.900000	0.812552
	17.920000	0.827862
	17.940000	0.838255
	17.960000	0.848421
	17.980000	0.852654
	18.000000	0.850583
	18.020000	0.844715
	18.040000	0.842058
	18.060000	0.833619
	18.080000	0.828930
	18.100000	0.822821
	18.120000	0.813431
	18.140000	0.795718
	18.160000	0.778675
	18.180000	0.774865
	18.200000	0.771590
	18.220000	0.756560
	18.240000	0.724181
	18.260000	0.674219
	18.280000	0.628178
	18.300000	0.603868
	18.320000	0.608570
	18.340000	0.593780
	18.360000	0.527180
	18.380000	0.470823
	18.400000	0.422868
	18.420000	0.374436
	18.440000	0.250991
	18.460000	0.101588
	18.480000	0.031575
	18.500000	0.009407
	18.520000	0.003260
	18.540000	0.001124
	18.560000	0.000225
	18.580000	-0.000393
	18.600000	-0.000452
	18.620000	-0.000511
	18.640000	-0.000100
	18.660000	-0.001162
	18.680000	-0.000615
	18.700000	-0.000374
	18.720000	1.031817E-5
	18.740000	4.939143E-5
	18.760000	0.000316
	18.780000	0.000290
	18.800000	0.000733
	18.820000	0.000290
	18.840000	0.000479
	18.860000	0.000329
	18.880000	0.000994
	18.900000	0.000434
	18.920000	0.000512
	18.940000	0.000297
	18.960000	-2.706242E-6
	18.980000	4.939143E-5
	19.000000	0.000141
	19.020000	-0.000192
	19.040000	-0.000185
	19.060000	-0.000589
	19.080000	-0.000576
	19.100000	-0.000576
	19.120000	-0.000719
	19.140000	-0.000621
	19.160000	-0.000686
	19.180000	-0.000888
	19.200000	-0.000914
	19.220000	-0.000869
	19.240000	-0.000719
	19.260000	-0.000485
	19.280000	-0.000843
	19.300000	-0.000654
	19.320000	-0.000680
	19.340000	-0.000289
	19.360000	0.000245
	19.380000	0.000922
	19.400000	0.001319
	19.420000	0.002400
	19.440000	0.003266
	19.460000	0.005565
	19.480000	0.007610
	19.500000	0.009967
	19.520000	0.011986
	19.540000	0.014585
	19.560000	0.015685
	19.580000	0.017105
	19.600000	0.018694
	19.620000	0.020074
	19.640000	0.021351
	19.660000	0.022692
	19.680000	0.024301
	19.700000	0.024854
	19.720000	0.025590
	19.740000	0.026046
	19.760000	0.026834
	19.780000	0.027635
	19.800000	0.027596
	19.820000	0.028143
	19.840000	0.028599
	19.860000	0.029400
	19.880000	0.029797
	19.900000	0.030566
	19.920000	0.030383
	19.940000	0.031041
	19.960000	0.031041
	19.980000	0.031034
	20.000000	0.031529
	20.020000	0.031445
	20.040000	0.031529
	20.060000	0.031425
	20.080000	0.031640
	20.100000	0.030527
	20.120000	0.030390
	20.140000	0.030898
	20.160000	0.030579
	20.180000	0.029400
	20.200000	0.028039
	20.220000	0.026053
	20.240000	0.023865
	20.260000	0.023630
	20.280000	0.023663
	20.300000	0.022510
	20.320000	0.019677
	20.340000	0.016786
	20.360000	0.014865
	20.380000	0.012748
	20.400000	0.007141
	20.420000	0.002179
	20.440000	-0.000589
	20.460000	-0.002067
	20.480000	-0.002308
	20.500000	-0.002328
	20.520000	-0.002490
	20.540000	-0.002275
	20.560000	-0.002184
	20.580000	-0.001891
	20.600000	-0.002126
	20.620000	-0.001943
	20.640000	-0.001507
	20.660000	-0.001142
	20.680000	-0.001286
	20.700000	-0.000875
	20.720000	-0.001207
	20.740000	-0.000732
	20.760000	-0.001045
	20.780000	-0.000472
	20.800000	-0.000387
	20.820000	-0.000335
	20.840000	-0.000680
	20.860000	-0.000426
	20.880000	-0.000498
	20.900000	-0.000100
	20.920000	-0.000328
	20.940000	-0.000439
	20.960000	-0.000901
	20.980000	-0.000856
	21.000000	-0.001286
	21.020000	-0.001689
	21.040000	-0.001787
	21.060000	-0.001754
	21.080000	-0.002106
	21.100000	-0.001865
	21.120000	-0.002236
	21.140000	-0.002178
	21.160000	-0.002288
	21.180000	-0.002178
	21.200000	-0.002021
	21.220000	-0.001781
	21.240000	-0.001768
	21.260000	-0.001807
	21.280000	-0.001676
	21.300000	-0.001546
	21.320000	-0.001175
	21.340000	-0.000921
	21.360000	-0.000895
	21.380000	-0.000908
	21.400000	-0.000602
	21.420000	-0.000895
	21.440000	-0.000498
	21.460000	-0.000374
	21.480000	-0.000133
	21.500000	-0.000380
	21.520000	-0.000100
	21.540000	-0.000374
	21.560000	-0.000192
	21.580000	-5.480391E-5
	21.600000	-9.218451E-6
	21.620000	-0.000315
	21.640000	-0.000315
	21.660000	-0.000882
	21.680000	-0.000921
	21.700000	-0.000836
	21.720000	-0.000667
	21.740000	-0.001116
	21.760000	-0.001084
	21.780000	-0.001181
	21.800000	-0.001149
	21.820000	-0.001325
	21.840000	-0.001260
	21.860000	-0.000934
	21.880000	-0.001207
	21.900000	-0.001234
	21.920000	-0.001155
	21.940000	-0.000752
	21.960000	-0.000673
	21.980000	-0.000419
	22.000000	-0.000543
	22.020000	-0.000439
	22.040000	-0.000504
	22.060000	4.939143E-5
	22.080000	0.000349
	22.100000	0.000662
	22.120000	0.000375
	22.140000	0.000720
	22.160000	0.000362
	22.180000	0.000609
	22.200000	0.000323
	22.220000	0.000681
	22.240000	0.000316
	22.260000	0.000101
	22.280000	-0.000126
	22.300000	-0.000126
	22.320000	-0.000152
	22.340000	-0.000296
	22.360000	-0.000713
	22.380000	-0.000856
	22.400000	-0.001370
	22.420000	-0.001481
	22.440000	-0.001585
	22.460000	-0.001748
	22.480000	-0.002282
	22.500000	-0.002373
	22.520000	-0.002621
	22.540000	-0.002341
	22.560000	-0.002464
	22.580000	-0.002074
	22.600000	-0.002223
	22.620000	-0.002021
	22.640000	-0.002113
	22.660000	-0.001741
	22.680000	-0.001318
	22.700000	-0.001149
	22.720000	-0.001006
	22.740000	-0.001207
	22.760000	-0.000895
	22.780000	-0.000940
	22.800000	-0.000504
	22.820000	-0.000322
	22.840000	-0.000263
	22.860000	-0.000569
	22.880000	-0.000367
	22.900000	-0.000673
	22.920000	-0.000328
	22.940000	-0.000446
	22.960000	-0.000296
	22.980000	-0.000673
	23.000000	-0.000973
	23.020000	-0.001507
	23.040000	-0.001331
	23.060000	-0.001422
	23.080000	-0.001631
	23.100000	-0.002035
	23.120000	-0.002126
	23.140000	-0.002523
	23.160000	-0.002419
	23.180000	-0.002204
	23.200000	-0.002048
	23.220000	-0.002126
	23.240000	-0.002087
	23.260000	-0.002139
	23.280000	-0.001924
	23.300000	-0.001507
	23.320000	-0.001253
	23.340000	-0.001090
	23.360000	-0.001442
	23.380000	-0.000993
	23.400000	-0.001006
	23.420000	-0.000641
	23.440000	-0.000439
	23.460000	-0.000146
	23.480000	-0.000166
	23.500000	0.000101
	23.520000	-0.000322
	23.540000	-0.000185
	23.560000	-7.434054E-5
	23.580000	-0.000139
	23.600000	-0.000218
	23.620000	-0.000211
	23.640000	-0.000784
	23.660000	-0.000947
	23.680000	-0.001253
	23.700000	-0.001435
	23.720000	-0.001507
	23.740000	-0.001351
	23.760000	-0.001605
	23.780000	-0.001501
	23.800000	-0.001676
	23.820000	-0.001566
	23.840000	-0.001820
	23.860000	-0.001501
	23.880000	-0.001494
	23.900000	-0.001071
	23.920000	-0.001155
	23.940000	-0.000967
	23.960000	-0.001220
	23.980000	-0.000888
	24.000000	-0.000589
	24.020000	-0.000543
	24.040000	-0.000413
	24.060000	-0.000641
	24.080000	-0.000211
	24.100000	-0.000322
	24.120000	-6.782833E-5
	24.140000	2.334259E-5
	24.160000	0.000447
	24.180000	-0.000374
	24.200000	-0.000159
	24.220000	-0.000315
	24.240000	-0.000218
	24.260000	-0.000348
	24.280000	-2.875508E-5
	24.300000	-0.000647
	24.320000	-0.001129
	24.340000	-0.001058
	24.360000	-0.001077
	24.380000	-0.001142
	24.400000	-0.000888
	24.420000	-0.001448
	24.440000	-0.001741
	24.460000	-0.001566
	24.480000	-0.001461
	24.500000	-0.001683
	24.520000	-0.001286
	24.540000	-0.001227
	24.560000	-0.001553
	24.580000	-0.001657
	24.600000	-0.001442
	24.620000	-0.001214
	24.640000	-0.001025
	24.660000	-0.000608
	24.680000	-0.000739
	24.700000	-0.000791
	24.720000	-0.000289
	24.740000	0.000134
	24.760000	0.000466
	24.780000	0.000492
	24.800000	0.000232
	24.820000	0.000329
	24.840000	0.000277
	24.860000	0.000466
	24.880000	0.000447
	24.900000	0.000577
	24.920000	4.287922E-5
	24.940000	-5.480391E-5
	24.960000	-0.000374
	24.980000	-0.000107
	25.000000	0.000115
	25.020000	-0.000113
	25.040000	-0.000589
	25.060000	-0.000491
	25.080000	-0.001234
	25.100000	-0.001435
	25.120000	-0.001253
	25.140000	-0.001103
	25.160000	-0.001338
	25.180000	-0.001351
	25.200000	-0.001396
	25.220000	-0.001546
	25.240000	-0.001487
	25.260000	-0.001227
	25.280000	-0.000830
	25.300000	-0.001045
	25.320000	-0.000693
	25.340000	-0.000556
	25.360000	-0.000276
	25.380000	-0.000192
	25.400000	0.000264
	25.420000	4.287922E-5
	25.440000	0.000316
	25.460000	0.000167
	25.480000	0.000499
	25.500000	0.000395
	25.520000	0.000994
	25.540000	0.000837
	25.560000	0.000916
	25.580000	0.000688
	25.600000	0.001033
	25.620000	0.001072
	25.640000	0.001508
	25.660000	0.001065
	25.680000	0.001026
	25.700000	0.000551
	25.720000	0.001020
	25.740000	0.000889
	25.760000	0.000961
	25.780000	0.000857
	25.800000	0.001039
	25.820000	0.000850
	25.840000	0.001130
	25.860000	0.001124
	25.880000	0.001918
	25.900000	0.001892
	25.920000	0.002322
	25.940000	0.002068
	25.960000	0.002264
	25.980000	0.002537
	26.000000	0.002973
	26.020000	0.003149
	26.040000	0.002895
	26.060000	0.002986
	26.080000	0.002921
	26.100000	0.003273
	26.120000	0.003664
	26.140000	0.003768
	26.160000	0.003761
	26.180000	0.003481
	26.200000	0.003058
	26.220000	0.002947
	26.240000	0.002999
	26.260000	0.002811
	26.280000	0.002322
	26.300000	0.002003
	26.320000	0.001769
	26.340000	0.001443
	26.360000	0.001104
	26.380000	0.001098
	26.400000	0.000499
	26.420000	-0.000315
	26.440000	-0.000380
	26.460000	-0.000224
	26.480000	0.000447
	26.500000	0.000596
	26.520000	0.001150
	26.540000	0.001463
	26.560000	0.001912
	26.580000	0.002654
	26.600000	0.003162
	26.620000	0.003892
	26.640000	0.004504
	26.660000	0.004979
	26.680000	0.005337
	26.700000	0.006295
	26.720000	0.006887
	26.740000	0.007356
	26.760000	0.008229
	26.780000	0.008717
	26.800000	0.009727
	26.820000	0.010410
	26.840000	0.011498
	26.860000	0.012475
	26.880000	0.013315
	26.900000	0.014187
	26.920000	0.014962
	26.940000	0.015646
	26.960000	0.017274
	26.980000	0.018043
	27.000000	0.019462
	27.020000	0.021312
	27.040000	0.023155
	27.060000	0.025662
	27.080000	0.029165
	27.100000	0.032396
	27.120000	0.036160
	27.140000	0.042796
	27.160000	0.051242
	27.180000	0.060645
	27.200000	0.072179
	27.220000	0.086512
	27.240000	0.105606
	27.260000	0.129538
	27.280000	0.158270
	27.300000	0.192557
	27.320000	0.239119
	27.340000	0.304424
	27.360000	0.394995
	27.380000	0.528216
	27.400000	0.692753
	27.420000	1.019106
	27.440000	1.511357
	27.460000	2.169728
	27.480000	3.067287
	27.500000	3.900413
	27.520000	4.560399
	27.540000	5.140064
	27.560000	5.744605
	27.580000	6.411345
	27.600000	7.126248
	27.620000	7.835936
	27.640000	8.485242
	27.660000	9.098888
	27.680000	9.705702
	27.700000	9.980973
	27.720000	9.980966
	27.740000	9.980966
	27.760000	9.981012
	27.780000	9.980986
	27.800000	9.980784
	27.820000	9.980901
	27.840000	9.981018
	27.860000	9.980869
	27.880000	9.981038
	27.900000	9.980921
	27.920000	9.980999
	27.940000	9.980869
	27.960000	9.980862
	27.980000	9.980816
	28.000000	9.980829
	28.020000	9.980882
	28.040000	9.980979
	28.060000	9.980927
	28.080000	9.980888
	28.100000	9.980986
	28.120000	9.980947
	28.140000	9.980953
	28.160000	9.980960
	28.180000	9.980810
	28.200000	9.980934
	28.220000	9.981031
	28.240000	9.980908
	28.260000	9.981064
	28.280000	9.981077
	28.300000	9.188496
	28.320000	7.947894
	28.340000	7.136206
	28.360000	6.320460
	28.380000	4.445205
	28.400000	2.013247
	28.420000	0.853526
	28.440000	0.312258
	28.460000	0.130873
	28.480000	0.083347
	28.500000	0.065601
	28.520000	0.057129
	28.540000	0.053196
	28.560000	0.052648
	28.580000	0.054231
	28.600000	0.057207
	28.620000	0.061069
	28.640000	0.065263
	28.660000	0.068473
	28.680000	0.072719
	28.700000	0.077050
	28.720000	0.080150
	28.740000	0.083888
	28.760000	0.088127
	28.780000	0.091787
	28.800000	0.096013
	28.820000	0.099719
	28.840000	0.102291
	28.860000	0.105931
	28.880000	0.109103
	28.900000	0.112535
	28.920000	0.112873
	28.940000	0.112274
	28.960000	0.111968
	28.980000	0.112561
	29.000000	0.112717
	29.020000	0.112222
	29.040000	0.111506
	29.060000	0.110145
	29.080000	0.108074
	29.100000	0.107507
	29.120000	0.108061
	29.140000	0.107455
	29.160000	0.105736
	29.180000	0.100122
	29.200000	0.090582
	29.220000	0.085587
	29.240000	0.082833
	29.260000	0.082820
	29.280000	0.075409
	29.300000	0.063713
	29.320000	0.056400
	29.340000	0.050369
	29.360000	0.043694
	29.380000	0.026815
	29.400000	0.012462
	29.420000	0.005422
	29.440000	0.002277
	29.460000	0.001332
	29.480000	0.001228
	29.500000	0.000818
	29.520000	0.000922
	29.540000	0.000694
	29.560000	0.000844
	29.580000	0.001098
	29.600000	0.001169
	29.620000	0.000850
	29.640000	0.000792
	29.660000	0.000681
	29.680000	0.000173
	29.700000	-5.480391E-5
	29.720000	-0.000100
	29.740000	0.000368
	29.760000	0.000297
	29.780000	0.000310
	29.800000	0.000199
	29.820000	0.000512
	29.840000	0.000466
	29.860000	0.000772
	29.880000	0.000961
	29.900000	0.000642
	29.920000	0.000759
	29.940000	0.000889
	29.960000	0.000994
	29.980000	0.001599
	30.000000	0.001515
	30.020000	0.001469
	30.040000	0.001450
	30.060000	0.002114
	30.080000	0.001951
	30.100000	0.002478
	30.120000	0.002485
	30.140000	0.002355
	30.160000	0.001977
	30.180000	0.002472
	30.200000	0.002062
	30.220000	0.002146
	30.240000	0.001677
	30.260000	0.001560
	30.280000	0.000740
	30.300000	0.000635
	30.320000	5.590363E-5
	30.340000	0.000499
	30.360000	-0.000120
	30.380000	-0.000393
	30.400000	-0.000980
	30.420000	-0.001116
	30.440000	-0.001299
	30.460000	-0.000993
	30.480000	-0.001260
	30.500000	-0.001181
	30.520000	-0.001572
	30.540000	-0.001116
	30.560000	-0.001019
	30.580000	-0.000654
	30.600000	-0.000595
	30.620000	-0.000367
	30.640000	2.985480E-5
	30.660000	0.000505
	30.680000	0.000863
	30.700000	0.001104
	30.720000	0.001502
	30.740000	0.001430
	30.760000	0.001736
	30.780000	0.001619
	30.800000	0.001964
	30.820000	0.002146
	30.840000	0.002153
	30.860000	0.002042
	30.880000	0.002296
	30.900000	0.002140
	30.920000	0.002511
	30.940000	0.002524
	30.960000	0.002622
	30.980000	0.002641
	31.000000	0.002934
	31.020000	0.003169
	31.040000	0.003872
	31.060000	0.004445
	31.080000	0.004797
	31.100000	0.005513
	31.120000	0.006737
	31.140000	0.008112
	31.160000	0.009876
	31.180000	0.012397
	31.200000	0.014806
	31.220000	0.018440
	31.240000	0.022380
	31.260000	0.028319
	31.280000	0.035046
	31.300000	0.044352
	31.320000	0.055332
	31.340000	0.069906
	31.360000	0.090680
	31.380000	0.122238
	31.400000	0.170116
	31.420000	0.246374
	31.440000	0.368217
	31.460000	0.546085
	31.480000	0.724539
	31.500000	0.851892
	31.520000	0.952388
	31.540000	1.058446
	31.560000	1.158877
	31.580000	1.287187
	31.600000	1.430899
	31.620000	1.561358
	31.640000	1.732805
	31.660000	1.860359
	31.680000	1.978830
	31.700000	2.099410
	31.720000	2.214637
	31.740000	2.325937
	31.760000	2.450326
	31.780000	2.574221
	31.800000	2.699015
	31.820000	2.817602
	31.840000	2.915461
	31.860000	3.001259
	31.880000	3.087129
	31.900000	3.143121
	31.920000	3.166936
	31.940000	3.163752
	31.960000	3.174569
	31.980000	3.207787
	32.000000	3.214873
	32.020000	3.213245
	32.040000	3.187144
	32.060000	3.130090
	32.080000	3.105155
	32.100000	3.131881
	32.120000	3.108724
	32.140000	3.049020
	32.160000	2.914549
	32.180000	2.716207
	32.200000	2.526663
	32.220000	2.417883
	32.240000	2.406805
	32.260000	2.252642
	32.280000	1.871762
	32.300000	1.609998
	32.320000	1.420942
	32.340000	1.263704
	32.360000	0.912254
	32.380000	0.439285
	32.400000	0.192941
	32.420000	0.076861
	32.440000	0.026606
	32.460000	0.011960
	32.480000	0.006672
	32.500000	0.004504
	32.520000	0.003227
	32.540000	0.002400
	32.560000	0.001736
	32.580000	0.001215
	32.600000	0.001020
	32.620000	0.001098
	32.640000	0.001326
	32.660000	0.001541
	32.680000	0.001358
	32.700000	0.001710
	32.720000	0.001964
	32.740000	0.002329
	32.760000	0.002491
	32.780000	0.002726
	32.800000	0.002967
	32.820000	0.002921
	32.840000	0.002837
	32.860000	0.002915
	32.880000	0.002726
	32.900000	0.003038
	32.920000	0.002465
	32.940000	0.002348
	32.960000	0.002218
	32.980000	0.001821
	33.000000	0.001873
	33.020000	0.002166
	33.040000	0.001463
	33.060000	0.001528
	33.080000	0.001228
	33.100000	0.001554
	33.120000	0.001163
	33.140000	0.001358
	33.160000	0.001196
	33.180000	0.001000
	33.200000	0.000811
	33.220000	0.000850
	33.240000	0.001130
	33.260000	0.001476
	33.280000	0.001417
	33.300000	0.000935
	33.320000	0.000974
	33.340000	0.001124
	33.360000	0.001423
	33.380000	0.001397
	33.400000	0.001632
	33.420000	0.001300
	33.440000	0.001866
	33.460000	0.002589
	33.480000	0.003612
	33.500000	0.004178
	33.520000	0.004601
	33.540000	0.004087
	33.560000	0.004680
	33.580000	0.004712
	33.600000	0.005494
	33.620000	0.005878
	33.640000	0.006360
	33.660000	0.006249
	33.680000	0.006575
	33.700000	0.007024
	33.720000	0.007753
	33.740000	0.007884
	33.760000	0.008125
	33.780000	0.008313
	33.800000	0.008789
	33.820000	0.009108
	33.840000	0.010619
	33.860000	0.010782
	33.880000	0.011263
	33.900000	0.011856
	33.920000	0.012162
	33.940000	0.012266
	33.960000	0.012716
	33.980000	0.013080
	34.000000	0.013360
	34.020000	0.013425
	34.040000	0.013705
	34.060000	0.013295
	34.080000	0.013113
	34.100000	0.013367
	34.120000	0.013152
	34.140000	0.013119
	34.160000	0.012312
	34.180000	0.011133
	34.200000	0.009779
	34.220000	0.009271
	34.240000	0.008952
	34.260000	0.008756
	34.280000	0.007017
	34.300000	0.005943
	34.320000	0.004829
	34.340000	0.004133
	34.360000	0.002713
	34.380000	0.001235
	34.400000	-4.829170E-5
	34.420000	-0.000452
	34.440000	-0.000765
	34.460000	-0.000791
	34.480000	-0.000823
	34.500000	-0.000582
	34.520000	-0.000341
	34.540000	-0.000341
	34.560000	-0.000296
	34.580000	8.195247E-5
	34.600000	0.000258
	34.620000	0.000193
	34.640000	0.000609
	34.660000	0.000635
	34.680000	0.000779
	34.700000	0.000401
	34.720000	0.000746
	34.740000	0.000733
	34.760000	0.000876
	34.780000	0.000590
	34.800000	0.000590
	34.820000	0.000629
	34.840000	0.000583
	34.860000	0.000414
	34.880000	0.000583
	34.900000	7.544026E-5
	34.920000	0.000128
	34.940000	3.636701E-5
	34.960000	-2.875508E-5
	34.980000	-0.000328
	35.000000	-0.000361
	35.020000	-0.000947
	35.040000	-0.000953
	35.060000	-0.001240
	35.080000	-0.001006
	35.100000	-0.000647
	35.120000	-0.000921
	35.140000	-0.001181
	35.160000	-0.001032
	35.180000	-0.000693
	35.200000	-0.000485
	35.220000	-8.085274E-5
	35.240000	-0.000498
	35.260000	-0.000315
	35.280000	-0.000159
	35.300000	0.000128
	35.320000	0.000206
	35.340000	0.000479
	35.360000	0.000355
	35.380000	0.000421
	35.400000	0.000525
	35.420000	0.001091
	35.440000	0.000876
	35.460000	0.001052
	35.480000	0.000766
	35.500000	0.000916
	35.520000	0.000570
	35.540000	0.001039
	35.560000	0.000824
	35.580000	0.000863
	35.600000	0.000167
	35.620000	0.000368
	35.640000	0.000101
	35.660000	7.544026E-5
	35.680000	-0.000387
	35.700000	-0.000426
	35.720000	-0.000517
	35.740000	-0.000576
	35.760000	-0.000335
	35.780000	-0.000205
	35.800000	-0.000380
	35.820000	-9.387716E-5
	35.840000	-0.000374
	35.860000	0.000225
	35.880000	0.000336
	35.900000	0.000668
	35.920000	0.000766
	35.940000	0.000870
	35.960000	0.001013
	35.980000	0.001033
	36.000000	0.001450
	36.020000	0.001860
	36.040000	0.001957
	36.060000	0.002114
	36.080000	0.002068
	36.100000	0.002049
	36.120000	0.002290
	36.140000	0.002264
	36.160000	0.002049
	36.180000	0.001677
	36.200000	0.001567
	36.220000	0.001489
	36.240000	0.001476
	36.260000	0.000824
	36.280000	0.000401
	36.300000	0.000121
	36.320000	0.000108
	36.340000	-0.000231
	36.360000	-0.000139
	36.380000	-0.000426
	36.400000	-0.000582
	36.420000	-0.000784
	36.440000	-0.000641
	36.460000	-0.000491
	36.480000	-0.000719
	36.500000	-0.000537
	36.520000	-0.000504
	36.540000	-0.000589
	36.560000	-0.000250
	36.580000	-6.782833E-5
	36.600000	0.000199
	36.620000	0.000199
	36.640000	8.846468E-5
	36.660000	0.000707
	36.680000	0.000798
	36.700000	0.001306
	36.720000	0.001176
	36.740000	0.001280
	36.760000	0.000824
	36.780000	0.001306
	36.800000	0.000948
	36.820000	0.001202
	36.840000	0.000792
	36.860000	0.000727
	36.880000	0.000395
	36.900000	0.000466
	36.920000	0.000518
	36.940000	0.000740
	36.960000	0.000284
	36.980000	0.000303
	37.000000	-9.387716E-5
	37.020000	0.000186
	37.040000	6.892805E-5
	37.060000	5.590363E-5
	37.080000	-0.000634
	37.100000	-0.000713
	37.120000	-0.000524
	37.140000	-0.000393
	37.160000	-0.000524
	37.180000	-0.000504
	37.200000	-0.000615
	37.220000	-0.000543
	37.240000	-0.000413
	37.260000	1.683038E-5
	37.280000	0.000167
	37.300000	0.000206
	37.320000	-8.085274E-5
	37.340000	0.000134
	37.360000	0.000323
	37.380000	0.000505
	37.400000	0.000811
	37.420000	0.000310
	37.440000	0.000486
	37.460000	0.000616
	37.480000	0.000909
	37.500000	0.001137
	37.520000	0.000909
	37.540000	0.000942
	37.560000	0.000994
	37.580000	0.000883
	37.600000	0.001033
	37.620000	0.000824
	37.640000	0.000655
	37.660000	0.000232
	37.680000	8.195247E-5
	37.700000	6.892805E-5
	37.720000	8.846468E-5
	37.740000	3.636701E-5
	37.760000	-0.000166
	37.780000	-0.000524
	37.800000	-8.736495E-5
	37.820000	-7.434054E-5
	37.840000	-6.782833E-5
	37.860000	-7.434054E-5
	37.880000	-0.000289
	37.900000	-4.829170E-5
	37.920000	0.000180
	37.940000	0.000642
	37.960000	0.000414
	37.980000	0.000303
	38.000000	0.000609
	38.020000	0.000805
	38.040000	0.001085
	38.060000	0.001450
	38.080000	0.001502
	38.100000	0.001749
	38.120000	0.001671
	38.140000	0.001892
	38.160000	0.001834
	38.180000	0.002159
	38.200000	0.001651
	38.220000	0.001782
	38.240000	0.001554
	38.260000	0.001378
	38.280000	0.001137
	38.300000	0.001150
	38.320000	0.000622
	38.340000	0.000408
	38.360000	1.683038E-5
	38.380000	6.241584E-5
	38.400000	-0.000244
	38.420000	-0.000270
	38.440000	-0.000621
	38.460000	-0.000778
	38.480000	-0.000908
	38.500000	-0.000654
	38.520000	-0.000556
	38.540000	-0.000257
	38.560000	-0.000530
	38.580000	-0.000270
	38.600000	-6.131612E-5
	38.620000	0.000453
	38.640000	0.000831
	38.660000	0.001169
	38.680000	0.001528
	38.700000	0.001619
	38.720000	0.001814
	38.740000	0.001879
	38.760000	0.002504
	38.780000	0.002674
	38.800000	0.002876
	38.820000	0.002537
	38.840000	0.002804
	38.860000	0.002791
	38.880000	0.003097
	38.900000	0.002986
	38.920000	0.002726
	38.940000	0.002042
	38.960000	0.002433
	38.980000	0.002316
	39.000000	0.002420
	39.020000	0.002446
	39.040000	0.001990
	39.060000	0.001749
	39.080000	0.001931
	39.100000	0.002049
	39.120000	0.001931
	39.140000	0.002166
	39.160000	0.002205
	39.180000	0.001899
	39.200000	0.001964
	39.220000	0.002303
	39.240000	0.002264
	39.260000	0.002518
	39.280000	0.002622
	39.300000	0.002817
	39.320000	0.003384
	39.340000	0.004217
	39.360000	0.005031
	39.380000	0.006047
	39.400000	0.007623
	39.420000	0.010156
	39.440000	0.014767
	39.460000	0.021364
	39.480000	0.028384
	39.500000	0.034610
	39.520000	0.037762
	39.540000	0.041760
	39.560000	0.045693
	39.580000	0.050851
	39.600000	0.055338
	39.620000	0.060645
	39.640000	0.064976
	39.660000	0.070173
	39.680000	0.075077
	39.700000	0.080612
	39.720000	0.085216
	39.740000	0.090172
	39.760000	0.095890
	39.780000	0.101379
	39.800000	0.106498
	39.820000	0.113088
	39.840000	0.118539
	39.860000	0.123612
	39.880000	0.127624
	39.900000	0.130502
	39.920000	0.133159
	39.940000	0.136161
	39.960000	0.138903
	39.980000	0.141377
	40.000000	0.143162
	40.020000	0.142563
	40.040000	0.142139
	40.060000	0.142374
	40.080000	0.141931
	40.100000	0.140466
	40.120000	0.138421
	40.140000	0.133296
	40.160000	0.125253
	40.180000	0.116488
	40.200000	0.112365
	40.220000	0.108907
	40.240000	0.092334
	40.260000	0.075500
	40.280000	0.065276
	40.300000	0.054107
	40.320000	0.046390
	40.340000	0.030715
	40.360000	0.014982
	40.380000	0.007017
	40.400000	0.003260
	40.420000	0.000870
	40.440000	0.000180
	40.460000	-0.000433
	40.480000	-0.000478
	40.500000	-0.000367
	40.520000	1.031817E-5
	40.540000	-0.000152
	40.560000	1.683038E-5
	40.580000	0.000199
	40.600000	0.000466
	40.620000	0.000857
	40.640000	0.001300
	40.660000	0.001163
	40.680000	0.001404
	40.700000	0.001886
	40.720000	0.002081
	40.740000	0.002602
	40.760000	0.002980
	40.780000	0.002654
	40.800000	0.003097
	40.820000	0.003025
	40.840000	0.003240
	40.860000	0.003866
	40.880000	0.003091
	40.900000	0.003195
	40.920000	0.003390
	40.940000	0.003722
	40.960000	0.003182
	40.980000	0.002999
	41.000000	0.002902
	41.020000	0.002023
	41.040000	0.002075
	41.060000	0.002003
	41.080000	0.002140
	41.100000	0.001899
	41.120000	0.002316
	41.140000	0.002107
	41.160000	0.001918
	41.180000	0.002179
	41.200000	0.002218
	41.220000	0.001984
	41.240000	0.002218
	41.260000	0.001977
	41.280000	0.002036
	41.300000	0.002218
	41.320000	0.002237
	41.340000	0.001847
	41.360000	0.002081
	41.380000	0.001964
	41.400000	0.001938
	41.420000	0.001599
	41.440000	0.002094
	41.460000	0.001717
	41.480000	0.001834
	41.500000	0.001261
	41.520000	0.001137
	41.540000	0.000994
	41.560000	0.001476
	41.580000	0.001020
	41.600000	0.000538
	41.620000	0.000551
	41.640000	0.000395
	41.660000	0.000238
	41.680000	0.000557
	41.700000	0.000336
	41.720000	0.000232
	41.740000	0.000271
	41.760000	0.000492
	41.780000	0.000655
	41.800000	0.000759
	41.820000	0.000355
	41.840000	0.000629
	41.860000	0.000811
	41.880000	0.001183
	41.900000	0.001664
	41.920000	0.001632
	41.940000	0.001697
	41.960000	0.001905
	41.980000	0.002114
	42.000000	0.002544
	42.020000	0.003019
	42.040000	0.002778
	42.060000	0.002876
	42.080000	0.002895
	42.100000	0.003110
	42.120000	0.003188
	42.140000	0.003123
	42.160000	0.002537
	42.180000	0.002557
	42.200000	0.002518
	42.220000	0.002615
	42.240000	0.002420
	42.260000	0.002075
	42.280000	0.001541
	42.300000	0.001443
	42.320000	0.001593
	42.340000	0.001456
	42.360000	0.000675
	42.380000	0.000382
	42.400000	0.000167
	42.420000	-8.085274E-5
	42.440000	-9.387716E-5
	42.460000	6.241584E-5
	42.480000	-0.000152
	42.500000	-0.000341
	42.520000	-4.829170E-5
	42.540000	9.497689E-5
	42.560000	0.000590
	42.580000	0.000583
	42.600000	0.000473
	42.620000	0.000655
	42.640000	0.001423
	42.660000	0.001619
	42.680000	0.001723
	42.700000	0.001918
	42.720000	0.002036
	42.740000	0.001879
	42.760000	0.002641
	42.780000	0.002576
	42.800000	0.002941
	42.820000	0.002908
	42.840000	0.002915
	42.860000	0.003071
	42.880000	0.003520
	42.900000	0.003065
	42.920000	0.003442
	42.940000	0.002817
	42.960000	0.003162
	42.980000	0.003071
	43.000000	0.003305
	43.020000	0.002947
	43.040000	0.002700
	43.060000	0.002433
	43.080000	0.002635
	43.100000	0.002439
	43.120000	0.002531
	43.140000	0.002205
	43.160000	0.002264
	43.180000	0.001944
	43.200000	0.002309
	43.220000	0.002465
	43.240000	0.002329
	43.260000	0.002198
	43.280000	0.002322
	43.300000	0.002465
	43.320000	0.002531
	43.340000	0.002335
	43.360000	0.002107
	43.380000	0.002381
	43.400000	0.002303
	43.420000	0.002485
	43.440000	0.003071
	43.460000	0.003566
	43.480000	0.003931
	43.500000	0.005051
	43.520000	0.006985
	43.540000	0.008997
	43.560000	0.010221
	43.580000	0.010912
	43.600000	0.011368
	43.620000	0.012169
	43.640000	0.012624
	43.660000	0.014207
	43.680000	0.015190
	43.700000	0.016141
	43.720000	0.016851
	43.740000	0.018199
	43.760000	0.019866
	43.780000	0.020875
	43.800000	0.021891
	43.820000	0.023370
	43.840000	0.024835
	43.860000	0.026782
	43.880000	0.028794
	43.900000	0.029843
	43.920000	0.030644
	43.940000	0.031738
	43.960000	0.033099
	43.980000	0.034089
	44.000000	0.035508
	44.020000	0.036648
	44.040000	0.037351
	44.060000	0.037325
	44.080000	0.038133
	44.100000	0.038048
	44.120000	0.037833
	44.140000	0.037241
	44.160000	0.036427
	44.180000	0.034642
	44.200000	0.033053
	44.220000	0.031516
	44.240000	0.031041
	44.260000	0.026587
	44.280000	0.021364
	44.300000	0.017600
	44.320000	0.014910
	44.340000	0.012546
	44.360000	0.009401
	44.380000	0.005285
	44.400000	0.002745
	44.420000	0.001397
	44.440000	0.000668
	44.460000	0.000336
	44.480000	-7.434054E-5
	44.500000	-0.000159
	44.520000	-9.218451E-6
	44.540000	0.000160
	44.560000	0.000460
	44.580000	0.001020
	44.600000	0.000883
	44.620000	0.000935
	44.640000	0.000987
	44.660000	0.001391
	44.680000	0.001723
	44.700000	0.002309
	44.720000	0.002342
	44.740000	0.002290
	44.760000	0.002016
	44.780000	0.002374
	44.800000	0.002010
	44.820000	0.002094
	44.840000	0.002218
	44.860000	0.001912
	44.880000	0.001775
	44.900000	0.001489
	44.920000	0.001176
	44.940000	0.001319
	44.960000	0.001397
	44.980000	0.001280
	45.000000	0.000974
	45.020000	0.000961
	45.040000	0.000929
	45.060000	0.001091
	45.080000	0.001209
	45.100000	0.001091
	45.120000	0.000811
	45.140000	0.000733
	45.160000	0.001248
	45.180000	0.001293
	45.200000	0.001358
	45.220000	0.001091
	45.240000	0.001495
	45.260000	0.001319
	45.280000	0.001651
	45.300000	0.001782
	45.320000	0.001957
	45.340000	0.001430
	45.360000	0.001951
	45.380000	0.001951
	45.400000	0.002231
	45.420000	0.001756
	45.440000	0.001703
	45.460000	0.001645
	45.480000	0.001905
	45.500000	0.001703
	45.520000	0.001580
	45.540000	0.001274
	45.560000	0.001254
	45.580000	0.001091
	45.600000	0.001358
	45.620000	0.001371
	45.640000	0.000916
	45.660000	0.000688
	45.680000	0.000505
	45.700000	0.000180
	45.720000	0.000297
	45.740000	0.000245
	45.760000	0.000251
	45.780000	-2.875508E-5
	45.800000	-4.177949E-5
	45.820000	0.000219
	45.840000	0.000590
	45.860000	0.001052
	45.880000	0.001378
	45.900000	0.001554
	45.920000	0.001508
	45.940000	0.001703
	45.960000	0.001912
	45.980000	0.002511
	46.000000	0.002146
	46.020000	0.002120
	46.040000	0.001912
	46.060000	0.002400
	46.080000	0.002264
	46.100000	0.002544
	46.120000	0.002101
	46.140000	0.002329
	46.160000	0.002049
	46.180000	0.002283
	46.200000	0.002003
	46.220000	0.001827
	46.240000	0.001456
	46.260000	0.001235
	46.280000	0.000948
	46.300000	0.000876
	46.320000	0.000505
	46.340000	0.000277
	46.360000	-0.000185
	46.380000	0.000206
	46.400000	0.000206
	46.420000	0.000290
	46.440000	0.000395
	46.460000	0.000368
	46.480000	0.000629
	46.500000	0.000707
	46.520000	0.001117
	46.540000	0.001339
	46.560000	0.001645
	46.580000	0.001573
	46.600000	0.001931
	46.620000	0.001827
	46.640000	0.002140
	46.660000	0.002283
	46.680000	0.002270
	46.700000	0.002055
	46.720000	0.002185
	46.740000	0.002303
	46.760000	0.002329
	46.780000	0.002114
	46.800000	0.001951
	46.820000	0.001730
	46.840000	0.001430
	46.860000	0.001450
	46.880000	0.001502
	46.900000	0.001183
	46.920000	0.000831
	46.940000	0.000473
	46.960000	0.000180
	46.980000	0.000388
	47.000000	0.000649
	47.020000	0.000681
	47.040000	0.000277
	47.060000	0.000362
	47.080000	0.000368
	47.100000	0.000668
	47.120000	0.001228
	47.140000	0.001039
	47.160000	0.001150
	47.180000	0.001515
	47.200000	0.001697
	47.220000	0.002081
	47.240000	0.002049
	47.260000	0.001931
	47.280000	0.001905
	47.300000	0.002172
	47.320000	0.002335
	47.340000	0.002335
	47.360000	0.002029
	47.380000	0.001970
	47.400000	0.001736
	47.420000	0.003787
	47.440000	0.000395
	47.460000	0.002876
	47.480000	0.000818
	47.500000	0.001756
	47.520000	0.000981
	47.540000	0.002426
	47.560000	0.000264
	47.580000	0.001638
	47.600000	0.000141
	47.620000	0.000948
	47.640000	0.000473
	47.660000	0.001215
	47.680000	0.000596
	47.700000	0.000701
	47.720000	0.000505
	47.740000	0.000694
	47.760000	0.001124
	47.780000	0.001534
	47.800000	0.001300
	47.820000	0.000942
	47.840000	0.001612
	47.860000	0.001619
	47.880000	0.001814
	47.900000	0.001808
	47.920000	0.002504
	47.940000	0.002224
	47.960000	0.002570
	47.980000	0.002120
	48.000000	0.002726
	48.020000	0.002863
	48.040000	0.002889
	48.060000	0.002426
	48.080000	0.002029
	48.100000	0.001684
	48.120000	0.002023
	48.140000	0.001964
	48.160000	0.001847
	48.180000	0.000850
	48.200000	0.000916
	48.220000	0.001026
	48.240000	0.001228
	48.260000	0.000831
	48.280000	0.000889
	48.300000	0.000219
	48.320000	0.000916
	48.340000	0.000388
	48.360000	0.001020
	48.380000	0.000688
	48.400000	0.000596
	48.420000	0.000342
	48.440000	0.000981
	48.460000	0.000929
	48.480000	0.001280
	48.500000	0.001150
	48.520000	0.001404
	48.540000	0.001853
	48.560000	0.001990
	48.580000	0.002452
	48.600000	0.002205
	48.620000	0.002843
	48.640000	0.002491
	48.660000	0.002674
	48.680000	0.002693
	48.700000	0.002589
	48.720000	0.002016
	48.740000	0.002251
	48.760000	0.001788
	48.780000	0.001749
	48.800000	0.001775
	48.820000	0.001658
	48.840000	0.000876
	48.860000	0.001020
	48.880000	0.001176
	48.900000	0.001176
	48.920000	0.000831
	48.940000	0.000368
	48.960000	0.000258
	48.980000	0.000538
	49.000000	0.000603
	49.020000	0.001020
	49.040000	0.001306
	49.060000	0.001502
	49.080000	0.001521
	49.100000	0.001391
	49.120000	0.001684
	49.140000	0.002094
	49.160000	0.002192
	49.180000	0.002576
	49.200000	0.002615
	49.220000	0.002368
	49.240000	0.002557
	49.260000	0.002498
	49.280000	0.002960
	49.300000	0.002459
	49.320000	0.002270
	49.340000	0.001801
	49.360000	0.001723
	49.380000	0.001248
	49.400000	0.001039
	49.420000	0.000902
	49.440000	0.000929
	49.460000	0.000473
	49.480000	0.000759
	49.500000	0.000688
	49.520000	0.000863
	49.540000	0.000447
	49.560000	0.000629
	49.580000	0.000662
	49.600000	0.000876
	49.620000	0.001111
	49.640000	0.001209
	49.660000	0.001287
	49.680000	0.001371
	49.700000	0.001463
	49.720000	0.001736
	49.740000	0.002257
	49.760000	0.002244
	49.780000	0.002277
	49.800000	0.002413
	49.820000	0.002999
	49.840000	0.002817
	49.860000	0.002999
	49.880000	0.002498
	49.900000	0.002680
	49.920000	0.002863
	49.940000	0.002739
	49.960000	0.002850
	49.980000	0.002335
	50.000000	0.002114
