	0.000000	10.658158
	0.020000	10.658275
	0.040000	10.658275
	0.060000	10.658438
	0.080000	10.658392
	0.100000	10.658470
	0.120000	10.658581
	0.140000	10.658548
	0.160000	10.658815
	0.180000	10.658802
	0.200000	10.658581
	0.220000	10.658913
	0.240000	10.658737
	0.260000	10.658457
	0.280000	10.658633
	0.300000	10.658601
	0.320000	10.658366
	0.340000	10.658750
	0.360000	10.658815
	0.380000	10.658594
	0.400000	10.658894
	0.420000	10.659200
	0.440000	10.658978
	0.460000	10.659252
	0.480000	10.659271
	0.500000	10.659245
	0.520000	10.659434
	0.540000	10.659623
	0.560000	10.659441
	0.580000	10.659532
	0.600000	10.659857
	0.620000	10.659851
	0.640000	10.659701
	0.660000	10.659708
	0.680000	10.659877
	0.700000	10.659721
	0.720000	10.659975
	0.740000	10.659812
	0.760000	10.659636
	0.780000	10.659890
	0.800000	10.659766
	0.820000	10.660177
	0.840000	10.665373
	0.860000	10.665373
	0.880000	10.665373
	0.900000	10.665373
	0.920000	10.665373
	0.940000	10.665373
	0.960000	10.665373
	0.980000	10.665373
	1.000000	10.665373
	1.020000	10.665373
	1.040000	10.665373
	1.060000	10.665373
	1.080000	10.665373
	1.100000	10.665373
	1.120000	10.665373
	1.140000	10.665373
	1.160000	10.665373
	1.180000	10.665373
	1.200000	10.665373
	1.220000	10.665373
	1.240000	10.665373
	1.260000	10.665373
	1.280000	10.665373
	1.300000	10.665373
	1.320000	10.665373
	1.340000	10.665373
	1.360000	10.665373
	1.380000	10.665373
	1.400000	10.665373
	1.420000	10.663055
	1.440000	10.656002
	1.460000	10.648064
	1.480000	10.638895
	1.500000	10.625896
	1.520000	10.598428
	1.540000	10.554281
	1.560000	10.163653
	1.580000	8.697110
	1.600000	7.031860
	1.620000	5.691628
	1.640000	4.522908
	1.660000	3.693025
	1.680000	3.215257
	1.700000	2.885707
	1.720000	2.571825
	1.740000	2.420741
	1.760000	2.278293
	1.780000	2.142429
	1.800000	2.027495
	1.820000	1.925827
	1.840000	1.834682
	1.860000	1.737038
	1.880000	1.669734
	1.900000	1.609503
	1.920000	1.551153
	1.940000	1.486520
	1.960000	1.429661
	1.980000	1.386010
	2.000000	1.357903
	2.020000	1.325036
	2.040000	1.299352
	2.060000	1.278494
	2.080000	1.273824
	2.100000	1.268074
	2.120000	1.252764
	2.140000	1.227041
	2.160000	1.213502
	2.180000	1.203857
	2.200000	1.188456
	2.220000	1.180908
	2.240000	1.182491
	2.260000	1.166536
	2.280000	1.138904
	2.300000	1.111996
	2.320000	1.079292
	2.340000	1.046659
	2.360000	1.017035
	2.380000	0.977232
	2.400000	0.954843
	2.420000	0.934219
	2.440000	0.900212
	2.460000	0.863106
	2.480000	0.817247
	2.500000	0.765918
	2.520000	0.716907
	2.540000	0.659261
	2.560000	0.604597
	2.580000	0.506048
	2.600000	0.359823
	2.620000	0.162868
	2.640000	0.087463
	2.660000	0.064032
	2.680000	0.057494
	2.700000	0.053814
	2.720000	0.051554
	2.740000	0.050578
	2.760000	0.050148
	2.780000	0.051183
	2.800000	0.051320
	2.820000	0.051730
	2.840000	0.052759
	2.860000	0.054602
	2.880000	0.055475
	2.900000	0.057389
	2.920000	0.057982
	2.940000	0.059669
	2.960000	0.061290
	2.980000	0.065009
	3.000000	0.067040
	3.020000	0.072296
	3.040000	0.073989
	3.060000	0.077095
	3.080000	0.080071
	3.100000	0.083822
	3.120000	0.088192
	3.140000	0.097361
	3.160000	0.104271
	3.180000	0.110803
	3.200000	0.122004
	3.220000	0.132364
	3.240000	0.142960
	3.260000	0.156160
	3.280000	0.169907
	3.300000	0.195136
	3.320000	0.217088
	3.340000	0.251421
	3.360000	0.291100
	3.380000	0.332263
	3.400000	0.380330
	3.420000	0.445921
	3.440000	0.528567
	3.460000	0.644471
	3.480000	0.802393
	3.500000	1.021073
	3.520000	1.336322
	3.540000	1.826275
	3.560000	2.593269
	3.580000	3.759912
	3.600000	5.038819
	3.620000	6.206060
	3.640000	7.155553
	3.660000	7.827216
	3.680000	8.332355
	3.700000	8.665057
	3.720000	8.853937
	3.740000	9.005574
	3.760000	9.156469
	3.780000	9.357793
	3.800000	9.647105
	3.820000	9.935237
	3.840000	10.044610
	3.860000	10.099397
	3.880000	10.180083
	3.900000	10.286480
	3.920000	10.369257
	3.940000	10.443444
	3.960000	10.481501
	3.980000	10.490970
	4.000000	10.488658
	4.020000	10.471980
	4.040000	10.464354
	4.060000	10.464726
	4.080000	10.475946
	4.100000	10.486372
	4.120000	10.505140
	4.140000	10.518868
	4.160000	10.515775
	4.180000	10.499384
	4.200000	10.462238
	4.220000	10.397454
	4.240000	10.318442
	4.260000	10.214090
	4.280000	9.932665
	4.300000	9.626285
	4.320000	9.491899
	4.340000	9.432195
	4.360000	9.242827
	4.380000	8.833522
	4.400000	8.407382
	4.420000	8.049256
	4.440000	7.682326
	4.460000	7.241521
	4.480000	6.654042
	4.500000	6.031429
	4.520000	5.393591
	4.540000	4.455129
	4.560000	2.643101
	4.580000	0.886765
	4.600000	0.318640
	4.620000	0.138199
	4.640000	0.069313
	4.660000	0.040340
	4.680000	0.024972
	4.700000	0.016382
	4.720000	0.012657
	4.740000	0.011791
	4.760000	0.009518
	4.780000	0.007812
	4.800000	0.007011
	4.820000	0.006510
	4.840000	0.006724
	4.860000	0.006620
	4.880000	0.006803
	4.900000	0.006653
	4.920000	0.007017
	4.940000	0.006190
	4.960000	0.006151
	4.980000	0.005481
	5.000000	0.005513
	5.020000	0.005989
	5.040000	0.005930
	5.060000	0.006164
	5.080000	0.005832
	5.100000	0.005748
	5.120000	0.004667
	5.140000	0.005194
	5.160000	0.005214
	5.180000	0.005324
	5.200000	0.005181
	5.220000	0.005989
	5.240000	0.006210
	5.260000	0.006112
	5.280000	0.005793
	5.300000	0.005735
	5.320000	0.005976
	5.340000	0.006067
	5.360000	0.005982
	5.380000	0.006405
	5.400000	0.006777
	5.420000	0.007805
	5.440000	0.007115
	5.460000	0.007942
	5.480000	0.008528
	5.500000	0.008313
	5.520000	0.009668
	5.540000	0.011407
	5.560000	0.012449
	5.580000	0.015158
	5.600000	0.018394
	5.620000	0.023448
	5.640000	0.026697
	5.660000	0.028267
	5.680000	0.030318
	5.700000	0.031972
	5.720000	0.034629
	5.740000	0.034447
	5.760000	0.035587
	5.780000	0.039455
	5.800000	0.040295
	5.820000	0.042737
	5.840000	0.043193
	5.860000	0.042717
	5.880000	0.043408
	5.900000	0.044085
	5.920000	0.044026
	5.940000	0.042437
	5.960000	0.044345
	5.980000	0.042971
	6.000000	0.043238
	6.020000	0.044065
	6.040000	0.043733
	6.060000	0.043531
	6.080000	0.045570
	6.100000	0.047712
	6.120000	0.046006
	6.140000	0.045218
	6.160000	0.043382
	6.180000	0.044795
	6.200000	0.045172
	6.220000	0.046293
	6.240000	0.045713
	6.260000	0.046462
	6.280000	0.046612
	6.300000	0.046631
	6.320000	0.048077
	6.340000	0.048468
	6.360000	0.049295
	6.380000	0.051307
	6.400000	0.056380
	6.420000	0.061505
	6.440000	0.065764
	6.460000	0.073611
	6.480000	0.077831
	6.500000	0.088570
	6.520000	0.106544
	6.540000	0.125390
	6.560000	0.162112
	6.580000	0.222754
	6.600000	0.296980
	6.620000	0.380180
	6.640000	0.469391
	6.660000	0.561141
	6.680000	0.633941
	6.700000	0.688116
	6.720000	0.740071
	6.740000	0.792116
	6.760000	0.832863
	6.780000	0.871897
	6.800000	0.902010
	6.820000	0.931250
	6.840000	0.938758
	6.860000	0.945134
	6.880000	0.936948
	6.900000	0.944430
	6.920000	0.950265
	6.940000	0.956003
	6.960000	0.963628
	6.980000	0.963400
	7.000000	0.968688
	7.020000	0.972062
	7.040000	0.989619
	7.060000	1.004714
	7.080000	0.997759
	7.100000	0.971000
	7.120000	0.937749
	7.140000	0.925831
	7.160000	0.915217
	7.180000	0.927980
	7.200000	0.943623
	7.220000	0.968219
	7.240000	0.969177
	7.260000	0.946970
	7.280000	0.932253
	7.300000	0.885059
	7.320000	0.821975
	7.340000	0.773094
	7.360000	0.747482
	7.380000	0.752932
	7.400000	0.744011
	7.420000	0.726493
	7.440000	0.670384
	7.460000	0.571333
	7.480000	0.518141
	7.500000	0.505332
	7.520000	0.398362
	7.540000	0.221927
	7.560000	0.143494
	7.580000	0.144028
	7.600000	0.168045
	7.620000	0.203471
	7.640000	0.228895
	7.660000	0.262159
	7.680000	0.288729
	7.700000	0.309926
	7.720000	0.330720
	7.740000	0.351911
	7.760000	0.366993
	7.780000	0.379685
	7.800000	0.383423
	7.820000	0.393406
	7.840000	0.398447
	7.860000	0.398219
	7.880000	0.397392
	7.900000	0.405981
	7.920000	0.401442
	7.940000	0.410989
	7.960000	0.412891
	7.980000	0.419156
	8.000000	0.421357
	8.020000	0.419865
	8.040000	0.419351
	8.060000	0.420979
	8.080000	0.416375
	8.100000	0.404998
	8.120000	0.395210
	8.140000	0.392859
	8.160000	0.389935
	8.180000	0.395275
	8.200000	0.401338
	8.220000	0.399469
	8.240000	0.400225
	8.260000	0.397275
	8.280000	0.385839
	8.300000	0.359986
	8.320000	0.336594
	8.340000	0.322606
	8.360000	0.313137
	8.380000	0.313593
	8.400000	0.307250
	8.420000	0.284802
	8.440000	0.248933
	8.460000	0.214295
	8.480000	0.204552
	8.500000	0.180770
	8.520000	0.106921
	8.540000	0.042229
	8.560000	0.021351
	8.580000	0.012090
	8.600000	0.009707
	8.620000	0.008463
	8.640000	0.008470
	8.660000	0.007538
	8.680000	0.007083
	8.700000	0.006405
	8.720000	0.006249
	8.740000	0.005826
	8.760000	0.006256
	8.780000	0.006711
	8.800000	0.006894
	8.820000	0.005813
	8.840000	0.005715
	8.860000	0.005500
	8.880000	0.005552
	8.900000	0.005402
	8.920000	0.005376
	8.940000	0.005363
	8.960000	0.005936
	8.980000	0.005435
	9.000000	0.005689
	9.020000	0.005298
	9.040000	0.004855
	9.060000	0.005090
	9.080000	0.005761
	9.100000	0.006008
	9.120000	0.006451
	9.140000	0.007297
	9.160000	0.006978
	9.180000	0.007004
	9.200000	0.006555
	9.220000	0.006262
	9.240000	0.005539
	9.260000	0.005813
	9.280000	0.006171
	9.300000	0.006790
	9.320000	0.006457
	9.340000	0.005897
	9.360000	0.005578
	9.380000	0.005787
	9.400000	0.005989
	9.420000	0.005989
	9.440000	0.005650
	9.460000	0.005487
	9.480000	0.005559
	9.500000	0.005259
	9.520000	0.004771
	9.540000	0.004458
	9.560000	0.004360
	9.580000	0.004478
	9.600000	0.004465
	9.620000	0.005650
	9.640000	0.004738
	9.660000	0.004660
	9.680000	0.004940
	9.700000	0.004608
	9.720000	0.004999
	9.740000	0.005689
	9.760000	0.005982
	9.780000	0.006067
	9.800000	0.005832
	9.820000	0.005415
	9.840000	0.005500
	9.860000	0.005038
	9.880000	0.005415
	9.900000	0.005442
	9.920000	0.005982
	9.940000	0.005949
	9.960000	0.005813
	9.980000	0.005194
	10.000000	0.005376
	10.020000	0.005090
	10.040000	0.005539
	10.060000	0.005669
	10.080000	0.005845
	10.100000	0.005891
	10.120000	0.005174
	10.140000	0.004947
	10.160000	0.004120
	10.180000	0.003872
	10.200000	0.004282
	10.220000	0.005305
	10.240000	0.005715
	10.260000	0.005709
	10.280000	0.005214
	10.300000	0.005109
	10.320000	0.005709
	10.340000	0.006080
	10.360000	0.005735
	10.380000	0.006015
	10.400000	0.006444
	10.420000	0.006549
	10.440000	0.005871
	10.460000	0.005813
	10.480000	0.006164
	10.500000	0.006060
	10.520000	0.005839
	10.540000	0.006451
	10.560000	0.006496
	10.580000	0.007167
	10.600000	0.006783
	10.620000	0.006529
	10.640000	0.005878
	10.660000	0.006171
	10.680000	0.006203
	10.700000	0.006796
	10.720000	0.007337
	10.740000	0.007636
	10.760000	0.007421
	10.780000	0.007395
	10.800000	0.006978
	10.820000	0.007044
	10.840000	0.007662
	10.860000	0.008177
	10.880000	0.009362
	10.900000	0.010541
	10.920000	0.010834
	10.940000	0.011569
	10.960000	0.011140
	10.980000	0.012097
	11.000000	0.014480
	11.020000	0.016050
	11.040000	0.017268
	11.060000	0.018277
	11.080000	0.020452
	11.100000	0.022184
	11.120000	0.023949
	11.140000	0.027336
	11.160000	0.031119
	11.180000	0.035066
	11.200000	0.042034
	11.220000	0.049301
	11.240000	0.057630
	11.260000	0.064494
	11.280000	0.074165
	11.300000	0.089182
	11.320000	0.104004
	11.340000	0.128405
	11.360000	0.159950
	11.380000	0.195416
	11.400000	0.242655
	11.420000	0.304143
	11.440000	0.397008
	11.460000	0.508464
	11.480000	0.666678
	11.500000	0.926470
	11.520000	1.347757
	11.540000	2.041627
	11.560000	2.876316
	11.580000	3.731122
	11.600000	4.554831
	11.620000	5.298421
	11.640000	5.917205
	11.660000	6.550875
	11.680000	7.161095
	11.700000	7.699108
	11.720000	8.236072
	11.740000	8.655341
	11.760000	9.010901
	11.780000	9.293870
	11.800000	9.498223
	11.820000	9.627451
	11.840000	9.713275
	11.860000	9.830248
	11.880000	9.938422
	11.900000	10.040130
	11.920000	10.152114
	11.940000	10.275507
	11.960000	10.362145
	11.980000	10.441653
	12.000000	10.487863
	12.020000	10.495769
	12.040000	10.487277
	12.060000	10.471687
	12.080000	10.442812
	12.100000	10.381005
	12.120000	10.286630
	12.140000	10.168811
	12.160000	10.095470
	12.180000	10.015442
	12.200000	9.904656
	12.220000	9.813394
	12.240000	9.699443
	12.260000	9.403724
	12.280000	8.905846
	12.300000	8.384707
	12.320000	7.966304
	12.340000	7.711168
	12.360000	7.625689
	12.380000	7.512188
	12.400000	6.864197
	12.420000	5.893924
	12.440000	5.256515
	12.460000	4.781098
	12.480000	3.835740
	12.500000	1.887756
	12.520000	0.629819
	12.540000	0.250971
	12.560000	0.148280
	12.580000	0.116670
	12.600000	0.106029
	12.620000	0.103737
	12.640000	0.110249
	12.660000	0.117810
	12.680000	0.124309
	12.700000	0.130587
	12.720000	0.140791
	12.740000	0.148098
	12.760000	0.158003
	12.780000	0.165056
	12.800000	0.170578
	12.820000	0.177650
	12.840000	0.185752
	12.860000	0.193215
	12.880000	0.202989
	12.900000	0.213813
	12.920000	0.226804
	12.940000	0.235349
	12.960000	0.249597
	12.980000	0.267512
	13.000000	0.279801
	13.020000	0.297573
	13.040000	0.310766
	13.060000	0.320580
	13.080000	0.343191
	13.100000	0.371128
	13.120000	0.399827
	13.140000	0.436335
	13.160000	0.483008
	13.180000	0.535887
	13.200000	0.607450
	13.220000	0.694485
	13.240000	0.805551
	13.260000	0.937221
	13.280000	1.096608
	13.300000	1.287064
	13.320000	1.527944
	13.340000	1.828971
	13.360000	2.171461
	13.380000	2.639754
	13.400000	3.279604
	13.420000	4.115804
	13.440000	5.276951
	13.460000	7.049997
	13.480000	9.291616
	13.500000	10.401844
	13.520000	10.595452
	13.540000	10.639285
	13.560000	10.658190
	13.580000	10.665373
	13.600000	10.665373
	13.620000	10.665373
	13.640000	10.665373
	13.660000	10.665373
	13.680000	10.665373
	13.700000	10.665373
	13.720000	10.665373
	13.740000	10.665373
	13.760000	10.665373
	13.780000	10.665373
	13.800000	10.665373
	13.820000	10.665373
	13.840000	10.665373
	13.860000	10.665373
	13.880000	10.665373
	13.900000	10.665373
	13.920000	10.665373
	13.940000	10.665373
	13.960000	10.665373
	13.980000	10.665373
	14.000000	10.665373
	14.020000	10.665373
	14.040000	10.665373
	14.060000	10.665373
	14.080000	10.665373
	14.100000	10.665373
	14.120000	10.665373
	14.140000	10.665373
	14.160000	10.665373
	14.180000	10.665373
	14.200000	10.665373
	14.220000	10.665373
	14.240000	10.665373
	14.260000	10.665373
	14.280000	10.665373
	14.300000	10.665373
	14.320000	10.665373
	14.340000	10.665373
	14.360000	10.665373
	14.380000	10.665373
	14.400000	10.665373
	14.420000	10.665373
	14.440000	10.665373
	14.460000	10.665373
	14.480000	10.656829
	14.500000	9.307135
	14.520000	4.206422
	14.540000	2.123244
	14.560000	1.347360
	14.580000	0.985548
	14.600000	0.794995
	14.620000	0.703316
	14.640000	0.664601
	14.660000	0.636800
	14.680000	0.624427
	14.700000	0.626687
	14.720000	0.635875
	14.740000	0.643631
	14.760000	0.645227
	14.780000	0.643332
	14.800000	0.633915
	14.820000	0.627944
	14.840000	0.628875
	14.860000	0.650619
	14.880000	0.649505
	14.900000	0.640141
	14.920000	0.626198
	14.940000	0.624186
	14.960000	0.607931
	14.980000	0.568943
	15.000000	0.535587
	15.020000	0.524438
	15.040000	0.525467
	15.060000	0.531048
	15.080000	0.539755
	15.100000	0.553118
	15.120000	0.566722
	15.140000	0.589437
	15.160000	0.614340
	15.180000	0.639705
	15.200000	0.674838
	15.220000	0.718997
	15.240000	0.766960
	15.260000	0.815521
	15.280000	0.884577
	15.300000	0.981784
	15.320000	1.099219
	15.340000	1.241576
	15.360000	1.436838
	15.380000	1.674716
	15.400000	1.980275
	15.420000	2.470892
	15.440000	3.182820
	15.460000	4.213937
	15.480000	5.898013
	15.500000	8.526692
	15.520000	10.268024
	15.540000	10.572678
	15.560000	10.625206
	15.580000	10.641858
	15.600000	10.651203
	15.620000	10.658496
	15.640000	10.664012
	15.660000	10.665373
	15.680000	10.665373
	15.700000	10.665373
	15.720000	10.665373
	15.740000	10.665373
	15.760000	10.665373
	15.780000	10.665373
	15.800000	10.665373
	15.820000	10.665373
	15.840000	10.665373
	15.860000	10.665373
	15.880000	10.665373
	15.900000	10.665373
	15.920000	10.665373
	15.940000	10.665373
	15.960000	10.665373
	15.980000	10.665373
	16.000000	10.665373
	16.020000	10.665373
	16.040000	10.665373
	16.060000	10.665373
	16.080000	10.665373
	16.100000	10.665373
	16.120000	10.665373
	16.140000	10.665373
	16.160000	10.665373
	16.180000	10.665373
	16.200000	10.665373
	16.220000	10.665373
	16.240000	10.665373
	16.260000	10.665373
	16.280000	10.665373
	16.300000	10.665373
	16.320000	10.665373
	16.340000	10.665373
	16.360000	10.665373
	16.380000	10.665373
	16.400000	10.665360
	16.420000	10.662651
	16.440000	10.653391
	16.460000	10.368202
	16.480000	5.618933
	16.500000	2.455784
	16.520000	1.751039
	16.540000	1.738438
	16.560000	1.894731
	16.580000	2.133540
	16.600000	2.391437
	16.620000	2.659160
	16.640000	2.930706
	16.660000	3.201132
	16.680000	3.460813
	16.700000	3.667615
	16.720000	3.864720
	16.740000	4.055332
	16.760000	4.192909
	16.780000	4.356782
	16.800000	4.469599
	16.820000	4.578822
	16.840000	4.664920
	16.860000	4.750829
	16.880000	4.826306
	16.900000	4.917197
	16.920000	5.011917
	16.940000	5.087061
	16.960000	5.136371
	16.980000	5.191028
	17.000000	5.234888
	17.020000	5.215716
	17.040000	5.190065
	17.060000	5.164289
	17.080000	5.112485
	17.100000	5.036845
	17.120000	4.994783
	17.140000	4.943656
	17.160000	4.898324
	17.180000	4.885925
	17.200000	4.895609
	17.220000	4.863790
	17.240000	4.774820
	17.260000	4.572238
	17.280000	4.245339
	17.300000	3.992203
	17.320000	3.916322
	17.340000	3.999607
	17.360000	3.848706
	17.380000	3.445457
	17.400000	3.167054
	17.420000	2.996343
	17.440000	2.812457
	17.460000	2.383759
	17.480000	1.977280
	17.500000	2.369145
	17.520000	3.370378
	17.540000	4.501867
	17.560000	5.620404
	17.580000	6.712170
	17.600000	7.800991
	17.620000	8.880787
	17.640000	9.843962
	17.660000	10.384287
	17.680000	10.540469
	17.700000	10.574834
	17.720000	10.588243
	17.740000	10.596611
	17.760000	10.603331
	17.780000	10.608606
	17.800000	10.612546
	17.820000	10.615718
	17.840000	10.618537
	17.860000	10.620706
	17.880000	10.622451
	17.900000	10.624548
	17.920000	10.626352
	17.940000	10.628169
	17.960000	10.629706
	17.980000	10.631197
	18.000000	10.632018
	18.020000	10.631927
	18.040000	10.632252
	18.060000	10.632213
	18.080000	10.631549
	18.100000	10.630767
	18.120000	10.630253
	18.140000	10.629654
	18.160000	10.628599
	18.180000	10.628143
	18.200000	10.628052
	18.220000	10.627485
	18.240000	10.626274
	18.260000	10.621924
	18.280000	10.613907
	18.300000	10.604067
	18.320000	10.599463
	18.340000	10.601684
	18.360000	10.592782
	18.380000	10.545731
	18.400000	10.286252
	18.420000	9.112459
	18.440000	7.676341
	18.460000	5.308626
	18.480000	2.131808
	18.500000	0.687771
	18.520000	0.239966
	18.540000	0.122564
	18.560000	0.078658
	18.580000	0.057363
	18.600000	0.045609
	18.620000	0.039605
	18.640000	0.037195
	18.660000	0.034519
	18.680000	0.035039
	18.700000	0.035189
	18.720000	0.035723
	18.740000	0.037963
	18.760000	0.038940
	18.780000	0.041187
	18.800000	0.041246
	18.820000	0.042294
	18.840000	0.043466
	18.860000	0.045387
	18.880000	0.049008
	18.900000	0.049848
	18.920000	0.051554
	18.940000	0.053782
	18.960000	0.054303
	18.980000	0.053801
	19.000000	0.057826
	19.020000	0.059669
	19.040000	0.061349
	19.060000	0.064735
	19.080000	0.067125
	19.100000	0.070049
	19.120000	0.075793
	19.140000	0.081485
	19.160000	0.088485
	19.180000	0.099784
	19.200000	0.113258
	19.220000	0.122394
	19.240000	0.137900
	19.260000	0.158674
	19.280000	0.182795
	19.300000	0.213897
	19.320000	0.255654
	19.340000	0.313619
	19.360000	0.390241
	19.380000	0.486778
	19.400000	0.633720
	19.420000	0.843165
	19.440000	1.177457
	19.460000	1.768739
	19.480000	2.719964
	19.500000	3.851181
	19.520000	4.866382
	19.540000	5.838746
	19.560000	6.756544
	19.580000	7.651679
	19.600000	8.606519
	19.620000	9.571648
	19.640000	10.176801
	19.660000	10.477366
	19.680000	10.550817
	19.700000	10.571851
	19.720000	10.581242
	19.740000	10.589597
	19.760000	10.595224
	19.780000	10.599711
	19.800000	10.603683
	19.820000	10.606711
	19.840000	10.609446
	19.860000	10.612025
	19.880000	10.614142
	19.900000	10.615659
	19.920000	10.617424
	19.940000	10.619384
	19.960000	10.620452
	19.980000	10.620856
	20.000000	10.621181
	20.020000	10.621234
	20.040000	10.620830
	20.060000	10.619840
	20.080000	10.618961
	20.100000	10.618590
	20.120000	10.618355
	20.140000	10.618069
	20.160000	10.617808
	20.180000	10.617463
	20.200000	10.615438
	20.220000	10.610247
	20.240000	10.599867
	20.260000	10.586693
	20.280000	10.580741
	20.300000	10.584492
	20.320000	10.564903
	20.340000	10.323059
	20.360000	9.084079
	20.380000	7.972542
	20.400000	6.831291
	20.420000	4.680139
	20.440000	1.950501
	20.460000	0.672194
	20.480000	0.229982
	20.500000	0.107123
	20.520000	0.061928
	20.540000	0.038817
	20.560000	0.027713
	20.580000	0.019912
	20.600000	0.016024
	20.620000	0.012989
	20.640000	0.010241
	20.660000	0.008873
	20.680000	0.008164
	20.700000	0.008509
	20.720000	0.008359
	20.740000	0.007656
	20.760000	0.007545
	20.780000	0.007337
	20.800000	0.006835
	20.820000	0.006516
	20.840000	0.006457
	20.860000	0.007454
	20.880000	0.008125
	20.900000	0.008066
	20.920000	0.007740
	20.940000	0.007460
	20.960000	0.006933
	20.980000	0.007350
	21.000000	0.008470
	21.020000	0.009401
	21.040000	0.009844
	21.060000	0.009681
	21.080000	0.009127
	21.100000	0.009707
	21.120000	0.010599
	21.140000	0.011302
	21.160000	0.012794
	21.180000	0.013302
	21.200000	0.014708
	21.220000	0.015242
	21.240000	0.015490
	21.260000	0.019098
	21.280000	0.021618
	21.300000	0.025525
	21.320000	0.030487
	21.340000	0.036459
	21.360000	0.042646
	21.380000	0.052479
	21.400000	0.068675
	21.420000	0.092712
	21.440000	0.130743
	21.460000	0.187881
	21.480000	0.276753
	21.500000	0.404490
	21.520000	0.515087
	21.540000	0.622766
	21.560000	0.722592
	21.580000	0.815723
	21.600000	0.920003
	21.620000	1.011539
	21.640000	1.110804
	21.660000	1.195776
	21.680000	1.273518
	21.700000	1.344365
	21.720000	1.415094
	21.740000	1.478444
	21.760000	1.525931
	21.780000	1.572220
	21.800000	1.618646
	21.820000	1.668959
	21.840000	1.708970
	21.860000	1.751267
	21.880000	1.786283
	21.900000	1.815158
	21.920000	1.836505
	21.940000	1.867314
	21.960000	1.893077
	21.980000	1.895402
	22.000000	1.882019
	22.020000	1.886858
	22.040000	1.879095
	22.060000	1.863746
	22.080000	1.845622
	22.100000	1.838824
	22.120000	1.836355
	22.140000	1.835815
	22.160000	1.841761
	22.180000	1.839677
	22.200000	1.792092
	22.220000	1.711178
	22.240000	1.591470
	22.260000	1.493292
	22.280000	1.446860
	22.300000	1.464775
	22.320000	1.406530
	22.340000	1.211887
	22.360000	1.044158
	22.380000	0.922862
	22.400000	0.807824
	22.420000	0.598984
	22.440000	0.292825
	22.460000	0.126751
	22.480000	0.061583
	22.500000	0.042984
	22.520000	0.037716
	22.540000	0.033568
	22.560000	0.033125
	22.580000	0.031966
	22.600000	0.031386
	22.620000	0.030331
	22.640000	0.031145
	22.660000	0.029986
	22.680000	0.030207
	22.700000	0.031126
	22.720000	0.030650
	22.740000	0.028534
	22.760000	0.027088
	22.780000	0.026261
	22.800000	0.027277
	22.820000	0.027238
	22.840000	0.025362
	22.860000	0.024255
	22.880000	0.023200
	22.900000	0.021865
	22.920000	0.019124
	22.940000	0.015027
	22.960000	0.013484
	22.980000	0.012520
	23.000000	0.012852
	23.020000	0.012735
	23.040000	0.013093
	23.060000	0.013009
	23.080000	0.012201
	23.100000	0.011504
	23.120000	0.012390
	23.140000	0.014005
	23.160000	0.013686
	23.180000	0.012227
	23.200000	0.012110
	23.220000	0.011628
	23.240000	0.010866
	23.260000	0.010619
	23.280000	0.010886
	23.300000	0.010358
	23.320000	0.010143
	23.340000	0.008743
	23.360000	0.009036
	23.380000	0.008040
	23.400000	0.008470
	23.420000	0.008450
	23.440000	0.007011
	23.460000	0.006164
	23.480000	0.006711
	23.500000	0.006926
	23.520000	0.007499
	23.540000	0.008033
	23.560000	0.009740
	23.580000	0.009850
	23.600000	0.009889
	23.620000	0.010254
	23.640000	0.011355
	23.660000	0.011954
	23.680000	0.013165
	23.700000	0.013647
	23.720000	0.014617
	23.740000	0.015008
	23.760000	0.014506
	23.780000	0.014852
	23.800000	0.015093
	23.820000	0.015835
	23.840000	0.016122
	23.860000	0.017176
	23.880000	0.016428
	23.900000	0.015770
	23.920000	0.015666
	23.940000	0.016089
	23.960000	0.017137
	23.980000	0.017684
	24.000000	0.016779
	24.020000	0.016603
	24.040000	0.016519
	24.060000	0.016050
	24.080000	0.016108
	24.100000	0.016135
	24.120000	0.016284
	24.140000	0.016434
	24.160000	0.016128
	24.180000	0.016030
	24.200000	0.014767
	24.220000	0.015027
	24.240000	0.014708
	24.260000	0.015405
	24.280000	0.015249
	24.300000	0.014813
	24.320000	0.013705
	24.340000	0.012410
	24.360000	0.012130
	24.380000	0.011771
	24.400000	0.010306
	24.420000	0.009166
	24.440000	0.008326
	24.460000	0.007382
	24.480000	0.007512
	24.500000	0.009433
	24.520000	0.011628
	24.540000	0.012279
	24.560000	0.014135
	24.580000	0.014409
	24.600000	0.014982
	24.620000	0.016753
	24.640000	0.017711
	24.660000	0.018642
	24.680000	0.020127
	24.700000	0.020758
	24.720000	0.021514
	24.740000	0.021644
	24.760000	0.022543
	24.780000	0.022953
	24.800000	0.024965
	24.820000	0.025896
	24.840000	0.026749
	24.860000	0.026932
	24.880000	0.027479
	24.900000	0.028794
	24.920000	0.031230
	24.940000	0.029758
	24.960000	0.030709
	24.980000	0.031464
	25.000000	0.030227
	25.020000	0.030025
	25.040000	0.029914
	25.060000	0.030748
	25.080000	0.030312
	25.100000	0.032604
	25.120000	0.031139
	25.140000	0.031021
	25.160000	0.030911
	25.180000	0.031549
	25.200000	0.029765
	25.220000	0.030129
	25.240000	0.027785
	25.260000	0.027616
	25.280000	0.026802
	25.300000	0.024692
	25.320000	0.024112
	25.340000	0.021637
	25.360000	0.020648
	25.380000	0.019951
	25.400000	0.018108
	25.420000	0.016688
	25.440000	0.013803
	25.460000	0.015542
	25.480000	0.018609
	25.500000	0.025304
	25.520000	0.032695
	25.540000	0.038322
	25.560000	0.044293
	25.580000	0.049751
	25.600000	0.055299
	25.620000	0.061342
	25.640000	0.067158
	25.660000	0.073943
	25.680000	0.080195
	25.700000	0.085457
	25.720000	0.091468
	25.740000	0.096645
	25.760000	0.102252
	25.780000	0.107332
	25.800000	0.112659
	25.820000	0.114775
	25.840000	0.121131
	25.860000	0.121593
	25.880000	0.126210
	25.900000	0.130600
	25.920000	0.133530
	25.940000	0.138649
	25.960000	0.138636
	25.980000	0.138466
	26.000000	0.140980
	26.020000	0.139795
	26.040000	0.142888
	26.060000	0.144484
	26.080000	0.141963
	26.100000	0.141403
	26.120000	0.142094
	26.140000	0.141722
	26.160000	0.144842
	26.180000	0.144093
	26.200000	0.140563
	26.220000	0.136109
	26.240000	0.132071
	26.260000	0.124472
	26.280000	0.122290
	26.300000	0.122642
	26.320000	0.124270
	26.340000	0.113492
	26.360000	0.102245
	26.380000	0.095486
	26.400000	0.089781
	26.420000	0.082253
	26.440000	0.072224
	26.460000	0.067216
	26.480000	0.071163
	26.500000	0.082683
	26.520000	0.096814
	26.540000	0.113153
	26.560000	0.131199
	26.580000	0.145324
	26.600000	0.162340
	26.620000	0.179057
	26.640000	0.197714
	26.660000	0.219237
	26.680000	0.240793
	26.700000	0.266184
	26.720000	0.290344
	26.740000	0.316660
	26.760000	0.346499
	26.780000	0.376077
	26.800000	0.409850
	26.820000	0.449991
	26.840000	0.484395
	26.860000	0.525292
	26.880000	0.573241
	26.900000	0.613272
	26.920000	0.666880
	26.940000	0.719212
	26.960000	0.767129
	26.980000	0.833912
	27.000000	0.909414
	27.020000	0.996665
	27.040000	1.104220
	27.060000	1.223811
	27.080000	1.371872
	27.100000	1.545077
	27.120000	1.756320
	27.140000	2.012035
	27.160000	2.360972
	27.180000	2.781316
	27.200000	3.242940
	27.220000	3.825308
	27.240000	4.548514
	27.260000	5.451139
	27.280000	6.540833
	27.300000	7.819851
	27.320000	9.377297
	27.340000	10.366893
	27.360000	10.568009
	27.380000	10.613054
	27.400000	10.634877
	27.420000	10.652095
	27.440000	10.664794
	27.460000	10.665373
	27.480000	10.665373
	27.500000	10.665373
	27.520000	10.665373
	27.540000	10.665373
	27.560000	10.665373
	27.580000	10.665373
	27.600000	10.665373
	27.620000	10.665373
	27.640000	10.665373
	27.660000	10.665373
	27.680000	10.665373
	27.700000	10.665373
	27.720000	10.665373
	27.740000	10.665373
	27.760000	10.665373
	27.780000	10.665373
	27.800000	10.665373
	27.820000	10.665373
	27.840000	10.665373
	27.860000	10.665373
	27.880000	10.665373
	27.900000	10.665373
	27.920000	10.665373
	27.940000	10.665373
	27.960000	10.665373
	27.980000	10.665373
	28.000000	10.665373
	28.020000	10.665373
	28.040000	10.665373
	28.060000	10.665373
	28.080000	10.665373
	28.100000	10.665373
	28.120000	10.665373
	28.140000	10.665373
	28.160000	10.665373
	28.180000	10.665373
	28.200000	10.665373
	28.220000	10.665373
	28.240000	10.665373
	28.260000	10.665373
	28.280000	10.665373
	28.300000	10.665373
	28.320000	10.665373
	28.340000	10.665373
	28.360000	10.665373
	28.380000	10.665373
	28.400000	10.665373
	28.420000	10.665373
	28.440000	10.665373
	28.460000	10.652368
	28.480000	9.708821
	28.500000	5.949460
	28.520000	4.267291
	28.540000	3.530376
	28.560000	3.198892
	28.580000	3.062832
	28.600000	3.097705
	28.620000	3.222433
	28.640000	3.373035
	28.660000	3.550616
	28.680000	3.772259
	28.700000	4.005214
	28.720000	4.238273
	28.740000	4.471071
	28.760000	4.717962
	28.780000	4.950266
	28.800000	5.179580
	28.820000	5.413889
	28.840000	5.677543
	28.860000	5.912203
	28.880000	6.141550
	28.900000	6.329981
	28.920000	6.511555
	28.940000	6.634043
	28.960000	6.712456
	28.980000	6.742035
	29.000000	6.776015
	29.020000	6.799082
	29.040000	6.751419
	29.060000	6.702558
	29.080000	6.664090
	29.100000	6.621969
	29.120000	6.594279
	29.140000	6.632069
	29.160000	6.640542
	29.180000	6.532205
	29.200000	6.279251
	29.220000	5.864456
	29.240000	5.397856
	29.260000	5.166132
	29.280000	5.185402
	29.300000	4.974914
	29.320000	4.216340
	29.340000	3.482453
	29.360000	2.995170
	29.380000	2.410446
	29.400000	1.972031
	29.420000	1.136619
	29.440000	0.487684
	29.460000	0.206050
	29.480000	0.098293
	29.500000	0.061642
	29.520000	0.054127
	29.540000	0.053150
	29.560000	0.054140
	29.580000	0.057103
	29.600000	0.061687
	29.620000	0.068551
	29.640000	0.072120
	29.660000	0.078176
	29.680000	0.083288
	29.700000	0.089638
	29.720000	0.097439
	29.740000	0.103633
	29.760000	0.109721
	29.780000	0.118090
	29.800000	0.123632
	29.820000	0.129200
	29.840000	0.137464
	29.860000	0.142419
	29.880000	0.147505
	29.900000	0.153464
	29.920000	0.157085
	29.940000	0.160862
	29.960000	0.164509
	29.980000	0.164294
	30.000000	0.164997
	30.020000	0.167231
	30.040000	0.168885
	30.060000	0.168566
	30.080000	0.166593
	30.100000	0.165648
	30.120000	0.166619
	30.140000	0.168898
	30.160000	0.164001
	30.180000	0.163180
	30.200000	0.156883
	30.220000	0.148593
	30.240000	0.136773
	30.260000	0.134097
	30.280000	0.132351
	30.300000	0.120551
	30.320000	0.102187
	30.340000	0.087827
	30.360000	0.074009
	30.380000	0.061720
	30.400000	0.048188
	30.420000	0.032122
	30.440000	0.023239
	30.460000	0.019365
	30.480000	0.019091
	30.500000	0.019130
	30.520000	0.020700
	30.540000	0.022126
	30.560000	0.023604
	30.580000	0.025082
	30.600000	0.029615
	30.620000	0.032116
	30.640000	0.035144
	30.660000	0.036589
	30.680000	0.040568
	30.700000	0.044704
	30.720000	0.047986
	30.740000	0.049978
	30.760000	0.056315
	30.780000	0.063381
	30.800000	0.068708
	30.820000	0.075767
	30.840000	0.083412
	30.860000	0.091826
	30.880000	0.099471
	30.900000	0.106921
	30.920000	0.117608
	30.940000	0.129252
	30.960000	0.143253
	30.980000	0.154578
	31.000000	0.173496
	31.020000	0.192804
	31.040000	0.217095
	31.060000	0.243085
	31.080000	0.276649
	31.100000	0.324006
	31.120000	0.375875
	31.140000	0.438425
	31.160000	0.505507
	31.180000	0.599355
	31.200000	0.702176
	31.220000	0.842840
	31.240000	1.011005
	31.260000	1.209327
	31.280000	1.452617
	31.300000	1.761237
	31.320000	2.151117
	31.340000	2.621239
	31.360000	3.289353
	31.380000	4.184039
	31.400000	5.417419
	31.420000	7.151001
	31.440000	9.443637
	31.460000	10.444336
	31.480000	10.609271
	31.500000	10.648389
	31.520000	10.664129
	31.540000	10.665373
	31.560000	10.665373
	31.580000	10.665373
	31.600000	10.665373
	31.620000	10.665373
	31.640000	10.665373
	31.660000	10.665373
	31.680000	10.665373
	31.700000	10.665373
	31.720000	10.665373
	31.740000	10.665373
	31.760000	10.665373
	31.780000	10.665373
	31.800000	10.665373
	31.820000	10.665373
	31.840000	10.665373
	31.860000	10.665373
	31.880000	10.665373
	31.900000	10.665373
	31.920000	10.665373
	31.940000	10.665373
	31.960000	10.665373
	31.980000	10.665373
	32.000000	10.665373
	32.020000	10.665373
	32.040000	10.665373
	32.060000	10.665373
	32.080000	10.665373
	32.100000	10.665373
	32.120000	10.665373
	32.140000	10.665373
	32.160000	10.665373
	32.180000	10.665373
	32.200000	10.665373
	32.220000	10.665373
	32.240000	10.665373
	32.260000	10.665373
	32.280000	10.665373
	32.300000	10.665373
	32.320000	10.665373
	32.340000	10.665373
	32.360000	10.665373
	32.380000	10.665373
	32.400000	10.665334
	32.420000	10.585045
	32.440000	6.842394
	32.460000	3.051156
	32.480000	1.262128
	32.500000	0.667609
	32.520000	0.439343
	32.540000	0.314185
	32.560000	0.232939
	32.580000	0.184032
	32.600000	0.154011
	32.620000	0.136461
	32.640000	0.123130
	32.660000	0.114703
	32.680000	0.111297
	32.700000	0.110392
	32.720000	0.115075
	32.740000	0.116696
	32.760000	0.119438
	32.780000	0.120883
	32.800000	0.126321
	32.820000	0.132684
	32.840000	0.137841
	32.860000	0.139860
	32.880000	0.143071
	32.900000	0.149602
	32.920000	0.153093
	32.940000	0.158309
	32.960000	0.157743
	32.980000	0.160380
	33.000000	0.164795
	33.020000	0.161526
	33.040000	0.160960
	33.060000	0.158530
	33.080000	0.157541
	33.100000	0.157430
	33.120000	0.161735
	33.140000	0.161435
	33.160000	0.164489
	33.180000	0.159787
	33.200000	0.151588
	33.220000	0.143565
	33.240000	0.136044
	33.260000	0.132006
	33.280000	0.130912
	33.300000	0.118194
	33.320000	0.097036
	33.340000	0.085424
	33.360000	0.073644
	33.380000	0.065295
	33.400000	0.059955
	33.420000	0.047185
	33.440000	0.043290
	33.460000	0.050447
	33.480000	0.069613
	33.500000	0.099855
	33.520000	0.140277
	33.540000	0.179135
	33.560000	0.210381
	33.580000	0.238292
	33.600000	0.262915
	33.620000	0.297683
	33.640000	0.325328
	33.660000	0.357257
	33.680000	0.387741
	33.700000	0.408241
	33.720000	0.435931
	33.740000	0.467743
	33.760000	0.497432
	33.780000	0.523175
	33.800000	0.562144
	33.820000	0.593025
	33.840000	0.623027
	33.860000	0.654403
	33.880000	0.680718
	33.900000	0.708695
	33.920000	0.737531
	33.940000	0.753369
	33.960000	0.771909
	33.980000	0.780772
	34.000000	0.785910
	34.020000	0.796141
	34.040000	0.787473
	34.060000	0.790866
	34.080000	0.791439
	34.100000	0.789544
	34.120000	0.790488
	34.140000	0.796545
	34.160000	0.791856
	34.180000	0.767038
	34.200000	0.729775
	34.220000	0.677482
	34.240000	0.633231
	34.260000	0.622669
	34.280000	0.615544
	34.300000	0.536512
	34.320000	0.423356
	34.340000	0.350986
	34.360000	0.283825
	34.380000	0.237992
	34.400000	0.178738
	34.420000	0.095486
	34.440000	0.045329
	34.460000	0.022067
	34.480000	0.012872
	34.500000	0.008177
	34.520000	0.007284
	34.540000	0.007766
	34.560000	0.007441
	34.580000	0.007180
	34.600000	0.006327
	34.620000	0.006340
	34.640000	0.006047
	34.660000	0.006510
	34.680000	0.006542
	34.700000	0.007200
	34.720000	0.006562
	34.740000	0.005806
	34.760000	0.006021
	34.780000	0.005910
	34.800000	0.006640
	34.820000	0.006666
	34.840000	0.006308
	34.860000	0.006536
	34.880000	0.006510
	34.900000	0.006106
	34.920000	0.006705
	34.940000	0.007584
	34.960000	0.007135
	34.980000	0.006744
	35.000000	0.006301
	35.020000	0.005826
	35.040000	0.006295
	35.060000	0.007271
	35.080000	0.008098
	35.100000	0.007884
	35.120000	0.008216
	35.140000	0.007382
	35.160000	0.007884
	35.180000	0.008444
	35.200000	0.008392
	35.220000	0.008098
	35.240000	0.009362
	35.260000	0.008639
	35.280000	0.008144
	35.300000	0.008652
	35.320000	0.008997
	35.340000	0.009837
	35.360000	0.011355
	35.380000	0.012214
	35.400000	0.013119
	35.420000	0.014467
	35.440000	0.020250
	35.460000	0.024835
	35.480000	0.034525
	35.500000	0.052095
	35.520000	0.064761
	35.540000	0.076438
	35.560000	0.086160
	35.580000	0.097029
	35.600000	0.107735
	35.620000	0.117178
	35.640000	0.126823
	35.660000	0.136487
	35.680000	0.154871
	35.700000	0.162392
	35.720000	0.168527
	35.740000	0.178920
	35.760000	0.189958
	35.780000	0.202781
	35.800000	0.214392
	35.820000	0.228511
	35.840000	0.242037
	35.860000	0.252495
	35.880000	0.261352
	35.900000	0.272156
	35.920000	0.278772
	35.940000	0.285818
	35.960000	0.293685
	35.980000	0.296824
	36.000000	0.299077
	36.020000	0.299715
	36.040000	0.300060
	36.060000	0.291946
	36.080000	0.295287
	36.100000	0.302776
	36.120000	0.298491
	36.140000	0.293704
	36.160000	0.284828
	36.180000	0.275607
	36.200000	0.254026
	36.220000	0.241092
	36.240000	0.236273
	36.260000	0.231982
	36.280000	0.196347
	36.300000	0.155470
	36.320000	0.128229
	36.340000	0.099022
	36.360000	0.084610
	36.380000	0.061153
	36.400000	0.034655
	36.420000	0.017483
	36.440000	0.010261
	36.460000	0.006998
	36.480000	0.006998
	36.500000	0.006399
	36.520000	0.006809
	36.540000	0.006887
	36.560000	0.007102
	36.580000	0.007617
	36.600000	0.008287
	36.620000	0.008893
	36.640000	0.009004
	36.660000	0.008287
	36.680000	0.008737
	36.700000	0.009961
	36.720000	0.011433
	36.740000	0.012208
	36.760000	0.012344
	36.780000	0.012123
	36.800000	0.011908
	36.820000	0.012904
	36.840000	0.013732
	36.860000	0.014239
	36.880000	0.014897
	36.900000	0.015197
	36.920000	0.014415
	36.940000	0.014148
	36.960000	0.014402
	36.980000	0.015301
	37.000000	0.016577
	37.020000	0.016454
	37.040000	0.015040
	37.060000	0.015646
	37.080000	0.015542
	37.100000	0.015653
	37.120000	0.016766
	37.140000	0.016167
	37.160000	0.016304
	37.180000	0.014760
	37.200000	0.014760
	37.220000	0.015607
	37.240000	0.015334
	37.260000	0.014910
	37.280000	0.014689
	37.300000	0.013106
	37.320000	0.012989
	37.340000	0.011146
	37.360000	0.012071
	37.380000	0.011062
	37.400000	0.011101
	37.420000	0.010306
	37.440000	0.009349
	37.460000	0.009219
	37.480000	0.011654
	37.500000	0.014357
	37.520000	0.017847
	37.540000	0.019964
	37.560000	0.021872
	37.580000	0.023936
	37.600000	0.027336
	37.620000	0.029739
	37.640000	0.032005
	37.660000	0.033216
	37.680000	0.036635
	37.700000	0.037976
	37.720000	0.038882
	37.740000	0.041304
	37.760000	0.046475
	37.780000	0.048852
	37.800000	0.049783
	37.820000	0.053417
	37.840000	0.056048
	37.860000	0.060144
	37.880000	0.062378
	37.900000	0.066428
	37.920000	0.067470
	37.940000	0.069730
	37.960000	0.070844
	37.980000	0.071912
	38.000000	0.073077
	38.020000	0.073435
	38.040000	0.072595
	38.060000	0.074328
	38.080000	0.074302
	38.100000	0.075565
	38.120000	0.076405
	38.140000	0.075891
	38.160000	0.073416
	38.180000	0.070896
	38.200000	0.068395
	38.220000	0.064364
	38.240000	0.064735
	38.260000	0.062703
	38.280000	0.054172
	38.300000	0.047230
	38.320000	0.040034
	38.340000	0.033457
	38.360000	0.028130
	38.380000	0.024444
	38.400000	0.018837
	38.420000	0.016402
	38.440000	0.014292
	38.460000	0.012351
	38.480000	0.011648
	38.500000	0.013100
	38.520000	0.014995
	38.540000	0.016773
	38.560000	0.019469
	38.580000	0.021357
	38.600000	0.024216
	38.620000	0.029699
	38.640000	0.033529
	38.660000	0.036192
	38.680000	0.039644
	38.700000	0.042926
	38.720000	0.045563
	38.740000	0.049164
	38.760000	0.053248
	38.780000	0.057708
	38.800000	0.063003
	38.820000	0.064729
	38.840000	0.071658
	38.860000	0.078639
	38.880000	0.083412
	38.900000	0.089390
	38.920000	0.095453
	38.940000	0.099953
	38.960000	0.105358
	38.980000	0.114554
	39.000000	0.123820
	39.020000	0.133224
	39.040000	0.139743
	39.060000	0.147929
	39.080000	0.163004
	39.100000	0.180359
	39.120000	0.196132
	39.140000	0.221165
	39.160000	0.241366
	39.180000	0.273302
	39.200000	0.308565
	39.220000	0.348114
	39.240000	0.388496
	39.260000	0.445172
	39.280000	0.514501
	39.300000	0.599427
	39.320000	0.708252
	39.340000	0.850368
	39.360000	1.036897
	39.380000	1.277816
	39.400000	1.611756
	39.420000	2.040923
	39.440000	2.683060
	39.460000	3.669080
	39.480000	5.232635
	39.500000	7.758128
	39.520000	10.021212
	39.540000	10.530571
	39.560000	10.605819
	39.580000	10.623070
	39.600000	10.632291
	39.620000	10.638973
	39.640000	10.644801
	39.660000	10.650356
	39.680000	10.654570
	39.700000	10.658503
	39.720000	10.662514
	39.740000	10.665158
	39.760000	10.665373
	39.780000	10.665373
	39.800000	10.665373
	39.820000	10.665373
	39.840000	10.665373
	39.860000	10.665373
	39.880000	10.665373
	39.900000	10.665373
	39.920000	10.665373
	39.940000	10.665373
	39.960000	10.665373
	39.980000	10.665373
	40.000000	10.665373
	40.020000	10.665373
	40.040000	10.665373
	40.060000	10.665373
	40.080000	10.665373
	40.100000	10.665373
	40.120000	10.665373
	40.140000	10.665373
	40.160000	10.665373
	40.180000	10.665373
	40.200000	10.665373
	40.220000	10.665373
	40.240000	10.665373
	40.260000	10.665373
	40.280000	10.665373
	40.300000	10.665373
	40.320000	10.660411
	40.340000	10.644541
	40.360000	10.628820
	40.380000	10.547639
	40.400000	7.407296
	40.420000	3.641110
	40.440000	1.747327
	40.460000	0.801018
	40.480000	0.345301
	40.500000	0.179982
	40.520000	0.113303
	40.540000	0.080325
	40.560000	0.061310
	40.580000	0.049340
	40.600000	0.044196
	40.620000	0.042183
	40.640000	0.041916
	40.660000	0.039813
	40.680000	0.038699
	40.700000	0.038875
	40.720000	0.040900
	40.740000	0.043590
	40.760000	0.047055
	40.780000	0.049523
	40.800000	0.049510
	40.820000	0.051235
	40.840000	0.053625
	40.860000	0.058347
	40.880000	0.060502
	40.900000	0.065002
	40.920000	0.065386
	40.940000	0.069841
	40.960000	0.073501
	40.980000	0.075357
	41.000000	0.076952
	41.020000	0.080019
	41.040000	0.080859
	41.060000	0.081257
	41.080000	0.082045
	41.100000	0.085711
	41.120000	0.087912
	41.140000	0.085535
	41.160000	0.087261
	41.180000	0.088668
	41.200000	0.087105
	41.220000	0.085464
	41.240000	0.082286
	41.260000	0.080319
	41.280000	0.074595
	41.300000	0.072719
	41.320000	0.069489
	41.340000	0.065920
	41.360000	0.054654
	41.380000	0.043688
	41.400000	0.035424
	41.420000	0.028755
	41.440000	0.024906
	41.460000	0.019039
	41.480000	0.014806
	41.500000	0.011628
	41.520000	0.009746
	41.540000	0.008554
	41.560000	0.009707
	41.580000	0.012006
	41.600000	0.014070
	41.620000	0.016200
	41.640000	0.018173
	41.660000	0.019658
	41.680000	0.020791
	41.700000	0.023057
	41.720000	0.024542
	41.740000	0.025786
	41.760000	0.027179
	41.780000	0.030624
	41.800000	0.030435
	41.820000	0.031809
	41.840000	0.035131
	41.860000	0.036355
	41.880000	0.040210
	41.900000	0.042828
	41.920000	0.043518
	41.940000	0.045524
	41.960000	0.046507
	41.980000	0.048780
	42.000000	0.051340
	42.020000	0.053156
	42.040000	0.054374
	42.060000	0.056185
	42.080000	0.055188
	42.100000	0.058262
	42.120000	0.058991
	42.140000	0.057552
	42.160000	0.057122
	42.180000	0.056881
	42.200000	0.058080
	42.220000	0.056569
	42.240000	0.055097
	42.260000	0.053970
	42.280000	0.053143
	42.300000	0.051183
	42.320000	0.046657
	42.340000	0.042398
	42.360000	0.036602
	42.380000	0.031568
	42.400000	0.026567
	42.420000	0.022367
	42.440000	0.019078
	42.460000	0.017072
	42.480000	0.015913
	42.500000	0.015255
	42.520000	0.015926
	42.540000	0.016740
	42.560000	0.017658
	42.580000	0.020524
	42.600000	0.026326
	42.620000	0.030168
	42.640000	0.033965
	42.660000	0.038003
	42.680000	0.042353
	42.700000	0.045466
	42.720000	0.050467
	42.740000	0.055371
	42.760000	0.059675
	42.780000	0.063635
	42.800000	0.066409
	42.820000	0.074432
	42.840000	0.077909
	42.860000	0.082566
	42.880000	0.091318
	42.900000	0.097466
	42.920000	0.104180
	42.940000	0.110444
	42.960000	0.116462
	42.980000	0.123032
	43.000000	0.127376
	43.020000	0.134409
	43.040000	0.144992
	43.060000	0.158211
	43.080000	0.166254
	43.100000	0.176185
	43.120000	0.187393
	43.140000	0.202853
	43.160000	0.218547
	43.180000	0.237765
	43.200000	0.259092
	43.220000	0.282275
	43.240000	0.309216
	43.260000	0.339342
	43.280000	0.375009
	43.300000	0.421546
	43.320000	0.468049
	43.340000	0.533048
	43.360000	0.615069
	43.380000	0.713162
	43.400000	0.850935
	43.420000	1.025410
	43.440000	1.266049
	43.460000	1.585245
	43.480000	2.035844
	43.500000	2.669065
	43.520000	3.621423
	43.540000	5.112367
	43.560000	7.448616
	43.580000	9.943495
	43.600000	10.516628
	43.620000	10.601801
	43.640000	10.621214
	43.660000	10.630663
	43.680000	10.637762
	43.700000	10.643355
	43.720000	10.648507
	43.740000	10.653280
	43.760000	10.657233
	43.780000	10.661140
	43.800000	10.664286
	43.820000	10.665373
	43.840000	10.665373
	43.860000	10.665373
	43.880000	10.665373
	43.900000	10.665373
	43.920000	10.665373
	43.940000	10.665373
	43.960000	10.665373
	43.980000	10.665373
	44.000000	10.665373
	44.020000	10.665373
	44.040000	10.665373
	44.060000	10.665373
	44.080000	10.665373
	44.100000	10.665373
	44.120000	10.665373
	44.140000	10.665373
	44.160000	10.665373
	44.180000	10.665373
	44.200000	10.665373
	44.220000	10.665373
	44.240000	10.665373
	44.260000	10.665373
	44.280000	10.665373
	44.300000	10.665373
	44.320000	10.665373
	44.340000	10.662540
	44.360000	10.648181
	44.380000	10.629823
	44.400000	10.606067
	44.420000	9.546127
	44.440000	5.259700
	44.460000	2.644071
	44.480000	1.350017
	44.500000	0.659254
	44.520000	0.278694
	44.540000	0.166475
	44.560000	0.158921
	44.580000	0.178777
	44.600000	0.203191
	44.620000	0.229090
	44.640000	0.251837
	44.660000	0.261521
	44.680000	0.285102
	44.700000	0.309034
	44.720000	0.327360
	44.740000	0.346486
	44.760000	0.371532
	44.780000	0.395946
	44.800000	0.420875
	44.820000	0.443980
	44.840000	0.468753
	44.860000	0.505931
	44.880000	0.541891
	44.900000	0.574719
	44.920000	0.603366
	44.940000	0.630014
	44.960000	0.670006
	44.980000	0.696159
	45.000000	0.729260
	45.020000	0.752073
	45.040000	0.773381
	45.060000	0.797600
	45.080000	0.817234
	45.100000	0.825049
	45.120000	0.824495
	45.140000	0.836191
	45.160000	0.833781
	45.180000	0.820366
	45.200000	0.794682
	45.220000	0.756905
	45.240000	0.724891
	45.260000	0.699395
	45.280000	0.693906
	45.300000	0.608934
	45.320000	0.466415
	45.340000	0.369155
	45.360000	0.287765
	45.380000	0.225496
	45.400000	0.182267
	45.420000	0.107410
	45.440000	0.069945
	45.460000	0.042529
	45.480000	0.029836
	45.500000	0.022601
	45.520000	0.019514
	45.540000	0.019729
	45.560000	0.024164
	45.580000	0.033639
	45.600000	0.047400
	45.620000	0.059884
	45.640000	0.071475
	45.660000	0.081348
	45.680000	0.089670
	45.700000	0.096020
	45.720000	0.105671
	45.740000	0.114814
	45.760000	0.122818
	45.780000	0.132208
	45.800000	0.139495
	45.820000	0.148209
	45.840000	0.159403
	45.860000	0.169972
	45.880000	0.181649
	45.900000	0.192205
	45.920000	0.205998
	45.940000	0.214601
	45.960000	0.229162
	45.980000	0.236859
	46.000000	0.246335
	46.020000	0.253745
	46.040000	0.264771
	46.060000	0.271055
	46.080000	0.281077
	46.100000	0.285519
	46.120000	0.290259
	46.140000	0.293535
	46.160000	0.290025
	46.180000	0.289511
	46.200000	0.284073
	46.220000	0.269694
	46.240000	0.261599
	46.260000	0.250867
	46.280000	0.243710
	46.300000	0.227547
	46.320000	0.179708
	46.340000	0.136168
	46.360000	0.104401
	46.380000	0.079993
	46.400000	0.066038
	46.420000	0.047823
	46.440000	0.028527
	46.460000	0.017737
	46.480000	0.012696
	46.500000	0.009837
	46.520000	0.006809
	46.540000	0.005871
	46.560000	0.005637
	46.580000	0.006692
	46.600000	0.007337
	46.620000	0.006965
	46.640000	0.006750
	46.660000	0.006125
	46.680000	0.006659
	46.700000	0.007232
	46.720000	0.007291
	46.740000	0.007871
	46.760000	0.007721
	46.780000	0.006920
	46.800000	0.007721
	46.820000	0.008444
	46.840000	0.008789
	46.860000	0.008789
	46.880000	0.006763
	46.900000	0.007363
	46.920000	0.007636
	46.940000	0.008229
	46.960000	0.008750
	46.980000	0.009206
	47.000000	0.009212
	47.020000	0.009062
	47.040000	0.009004
	47.060000	0.009238
	47.080000	0.010651
	47.100000	0.010729
	47.120000	0.010137
	47.140000	0.009883
	47.160000	0.009004
	47.180000	0.010000
	47.200000	0.010899
	47.220000	0.010319
	47.240000	0.009407
	47.260000	0.008919
	47.280000	0.008632
	47.300000	0.008991
	47.320000	0.008991
	47.340000	0.007936
	47.360000	0.006770
	47.380000	0.006060
	47.400000	0.005748
	47.420000	0.005800
	47.440000	0.006301
	47.460000	0.006229
	47.480000	0.005767
	47.500000	0.004960
	47.520000	0.004133
	47.540000	0.005780
	47.560000	0.006536
	47.580000	0.006809
	47.600000	0.007506
	47.620000	0.008105
	47.640000	0.008398
	47.660000	0.009401
	47.680000	0.010326
	47.700000	0.011433
	47.720000	0.011361
	47.740000	0.010970
	47.760000	0.011322
	47.780000	0.012709
	47.800000	0.013946
	47.820000	0.013158
	47.840000	0.014721
	47.860000	0.014943
	47.880000	0.016187
	47.900000	0.015868
	47.920000	0.016929
	47.940000	0.017053
	47.960000	0.017509
	47.980000	0.018310
	48.000000	0.019475
	48.020000	0.018726
	48.040000	0.018459
	48.060000	0.019566
	48.080000	0.021175
	48.100000	0.021696
	48.120000	0.020973
	48.140000	0.021279
	48.160000	0.020433
	48.180000	0.020263
	48.200000	0.019684
	48.220000	0.019671
	48.240000	0.018935
	48.260000	0.018876
	48.280000	0.017476
	48.300000	0.014129
	48.320000	0.011947
	48.340000	0.009811
	48.360000	0.009433
	48.380000	0.009147
	48.400000	0.008411
	48.420000	0.006555
	48.440000	0.005800
	48.460000	0.005989
	48.480000	0.005507
	48.500000	0.006099
	48.520000	0.006646
	48.540000	0.005989
	48.560000	0.004992
	48.580000	0.004393
	48.600000	0.004810
	48.620000	0.005969
	48.640000	0.005780
	48.660000	0.005663
	48.680000	0.004973
	48.700000	0.005096
	48.720000	0.005774
	48.740000	0.006243
	48.760000	0.006386
	48.780000	0.006021
	48.800000	0.006959
	48.820000	0.005181
	48.840000	0.005689
	48.860000	0.006125
	48.880000	0.007486
	48.900000	0.007415
	48.920000	0.006412
	48.940000	0.005806
	48.960000	0.006809
	48.980000	0.007076
	49.000000	0.007017
	49.020000	0.006594
	49.040000	0.007578
	49.060000	0.008170
	49.080000	0.009075
	49.100000	0.006685
	49.120000	0.007128
	49.140000	0.006972
	49.160000	0.008203
	49.180000	0.008079
	49.200000	0.007929
	49.220000	0.007057
	49.240000	0.007011
	49.260000	0.006829
	49.280000	0.007096
	49.300000	0.006711
	49.320000	0.006269
	49.340000	0.006216
	49.360000	0.006047
	49.380000	0.006510
	49.400000	0.007610
	49.420000	0.006900
	49.440000	0.006190
	49.460000	0.005442
	49.480000	0.005344
	49.500000	0.005910
	49.520000	0.006249
	49.540000	0.006523
	49.560000	0.004738
	49.580000	0.005155
	49.600000	0.005233
	49.620000	0.005878
	49.640000	0.006431
	49.660000	0.006256
	49.680000	0.005617
	49.700000	0.006353
	49.720000	0.007044
	49.740000	0.007643
	49.760000	0.007897
	49.780000	0.007981
	49.800000	0.008352
	49.820000	0.008242
	49.840000	0.008965
	49.860000	0.009447
	49.880000	0.010130
	49.900000	0.009186
	49.920000	0.009661
	49.940000	0.009857
	49.960000	0.011022
	49.980000	0.012012
	50.000000	0.012624
