	0.000000	0.110054
	0.020000	0.110073
	0.040000	0.111337
	0.060000	0.109787
	0.080000	0.111141
	0.100000	0.111096
	0.120000	0.110776
	0.140000	0.111063
	0.160000	0.111245
	0.180000	0.110978
	0.200000	0.111089
	0.220000	0.111284
	0.240000	0.111148
	0.260000	0.110607
	0.280000	0.110926
	0.300000	0.110490
	0.320000	0.110151
	0.340000	0.110177
	0.360000	0.110425
	0.380000	0.109923
	0.400000	0.109943
	0.420000	0.110321
	0.440000	0.110464
	0.460000	0.110099
	0.480000	0.110744
	0.500000	0.110816
	0.520000	0.111076
	0.540000	0.111219
	0.560000	0.111141
	0.580000	0.110939
	0.600000	0.110835
	0.620000	0.110978
	0.640000	0.110848
	0.660000	0.110887
	0.680000	0.110816
	0.700000	0.110829
	0.720000	0.111193
	0.740000	0.111291
	0.760000	0.110698
	0.780000	0.110692
	0.800000	0.110770
	0.820000	0.111115
	0.840000	0.156271
	0.860000	0.202345
	0.880000	0.268261
	0.900000	0.324201
	0.920000	0.398805
	0.940000	0.534721
	0.960000	0.663455
	0.980000	0.880780
	1.000000	1.250354
	1.020000	2.086620
	1.040000	2.766709
	1.060000	3.276068
	1.080000	3.677122
	1.100000	3.829202
	1.120000	3.480389
	1.140000	2.518907
	1.160000	1.655778
	1.180000	1.149324
	1.200000	0.858046
	1.220000	0.665851
	1.240000	0.534376
	1.260000	0.446650
	1.280000	0.392026
	1.300000	0.351663
	1.320000	0.308188
	1.340000	0.261925
	1.360000	0.220761
	1.380000	0.188135
	1.400000	0.160693
	1.420000	0.136884
	1.440000	0.118982
	1.460000	0.106439
	1.480000	0.096404
	1.500000	0.086271
	1.520000	0.076034
	1.540000	0.066533
	1.560000	0.057025
	1.580000	0.048982
	1.600000	0.041682
	1.620000	0.034538
	1.640000	0.027192
	1.660000	0.021221
	1.680000	0.017548
	1.700000	0.015340
	1.720000	0.013732
	1.740000	0.012423
	1.760000	0.011224
	1.780000	0.010443
	1.800000	0.009551
	1.820000	0.009069
	1.840000	0.008385
	1.860000	0.007792
	1.880000	0.007525
	1.900000	0.007115
	1.920000	0.006796
	1.940000	0.006562
	1.960000	0.006262
	1.980000	0.005989
	2.000000	0.005689
	2.020000	0.005494
	2.040000	0.005337
	2.060000	0.005174
	2.080000	0.005057
	2.100000	0.004914
	2.120000	0.004810
	2.140000	0.004738
	2.160000	0.004634
	2.180000	0.004647
	2.200000	0.004608
	2.220000	0.004295
	2.240000	0.004471
	2.260000	0.004295
	2.280000	0.003976
	2.300000	0.003905
	2.320000	0.003631
	2.340000	0.003468
	2.360000	0.003462
	2.380000	0.003162
	2.400000	0.003038
	2.420000	0.002915
	2.440000	0.002791
	2.460000	0.002531
	2.480000	0.002485
	2.500000	0.002192
	2.520000	0.002081
	2.540000	0.001743
	2.560000	0.001502
	2.580000	0.001274
	2.600000	0.000811
	2.620000	-4.829170E-5
	2.640000	-0.000739
	2.660000	-0.000947
	2.680000	-0.001214
	2.700000	-0.001084
	2.720000	-0.001142
	2.740000	-0.001201
	2.760000	-0.001097
	2.780000	-0.001201
	2.800000	-0.001064
	2.820000	-0.001123
	2.840000	-0.001032
	2.860000	-0.001038
	2.880000	-0.001058
	2.900000	-0.001032
	2.920000	-0.000882
	2.940000	-0.000823
	2.960000	-0.000986
	2.980000	-0.000836
	3.000000	-0.000830
	3.020000	-0.000700
	3.040000	-0.000621
	3.060000	-0.000498
	3.080000	-0.000647
	3.100000	-0.000524
	3.120000	-0.000524
	3.140000	-0.000237
	3.160000	-0.000315
	3.180000	-0.000139
	3.200000	4.287922E-5
	3.220000	0.000414
	3.240000	0.000590
	3.260000	0.000850
	3.280000	0.001404
	3.300000	0.001912
	3.320000	0.002635
	3.340000	0.003709
	3.360000	0.005344
	3.380000	0.007610
	3.400000	0.011589
	3.420000	0.017359
	3.440000	0.024327
	3.460000	0.030937
	3.480000	0.036941
	3.500000	0.041350
	3.520000	0.044560
	3.540000	0.046807
	3.560000	0.047960
	3.580000	0.048806
	3.600000	0.049751
	3.620000	0.050636
	3.640000	0.051046
	3.660000	0.052251
	3.680000	0.053495
	3.700000	0.054016
	3.720000	0.054433
	3.740000	0.054804
	3.760000	0.055345
	3.780000	0.055436
	3.800000	0.056146
	3.820000	0.057155
	3.840000	0.058770
	3.860000	0.059558
	3.880000	0.059682
	3.900000	0.059708
	3.920000	0.059877
	3.940000	0.060405
	3.960000	0.061010
	3.980000	0.061635
	4.000000	0.062111
	4.020000	0.062039
	4.040000	0.061446
	4.060000	0.061349
	4.080000	0.060730
	4.100000	0.059949
	4.120000	0.059180
	4.140000	0.059024
	4.160000	0.058790
	4.180000	0.057819
	4.200000	0.056400
	4.220000	0.055195
	4.240000	0.054361
	4.260000	0.053749
	4.280000	0.052531
	4.300000	0.050910
	4.320000	0.049972
	4.340000	0.049418
	4.360000	0.049028
	4.380000	0.047647
	4.400000	0.045726
	4.420000	0.043160
	4.440000	0.041226
	4.460000	0.039963
	4.480000	0.037963
	4.500000	0.035209
	4.520000	0.032122
	4.540000	0.028892
	4.560000	0.024594
	4.580000	0.018101
	4.600000	0.006008
	4.620000	0.000981
	4.640000	-0.000621
	4.660000	-0.001025
	4.680000	-0.001214
	4.700000	-0.001422
	4.720000	-0.001422
	4.740000	-0.001468
	4.760000	-0.001403
	4.780000	-0.001553
	4.800000	-0.001546
	4.820000	-0.001416
	4.840000	-0.001566
	4.860000	-0.001579
	4.880000	-0.001657
	4.900000	-0.001572
	4.920000	-0.001579
	4.940000	-0.001487
	4.960000	-0.001501
	4.980000	-0.001507
	5.000000	-0.001605
	5.020000	-0.001501
	5.040000	-0.001442
	5.060000	-0.001533
	5.080000	-0.001553
	5.100000	-0.001403
	5.120000	-0.001266
	5.140000	-0.001377
	5.160000	-0.001611
	5.180000	-0.001396
	5.200000	-0.001435
	5.220000	-0.001390
	5.240000	-0.001598
	5.260000	-0.001487
	5.280000	-0.001481
	5.300000	-0.001448
	5.320000	-0.001416
	5.340000	-0.001448
	5.360000	-0.001585
	5.380000	-0.001422
	5.400000	-0.001305
	5.420000	-0.001344
	5.440000	-0.001435
	5.460000	-0.001461
	5.480000	-0.001422
	5.500000	-0.001299
	5.520000	-0.001351
	5.540000	-0.001331
	5.560000	-0.001266
	5.580000	-0.001338
	5.600000	-0.001338
	5.620000	-0.001279
	5.640000	-0.001273
	5.660000	-0.001286
	5.680000	-0.001136
	5.700000	-0.001214
	5.720000	-0.001090
	5.740000	-0.001266
	5.760000	-0.001181
	5.780000	-0.001240
	5.800000	-0.001097
	5.820000	-0.001103
	5.840000	-0.001227
	5.860000	-0.001234
	5.880000	-0.001247
	5.900000	-0.001312
	5.920000	-0.001168
	5.940000	-0.001351
	5.960000	-0.001351
	5.980000	-0.001338
	6.000000	-0.001351
	6.020000	-0.001149
	6.040000	-0.001234
	6.060000	-0.001064
	6.080000	-0.001136
	6.100000	-0.001260
	6.120000	-0.000999
	6.140000	-0.001103
	6.160000	-0.001123
	6.180000	-0.000986
	6.200000	-0.001019
	6.220000	-0.001032
	6.240000	-0.001064
	6.260000	-0.000875
	6.280000	-0.000752
	6.300000	-0.000673
	6.320000	-0.000608
	6.340000	-9.387716E-5
	6.360000	0.000290
	6.380000	0.000662
	6.400000	0.001345
	6.420000	0.001638
	6.440000	0.002010
	6.460000	0.002374
	6.480000	0.002726
	6.500000	0.002986
	6.520000	0.003227
	6.540000	0.003540
	6.560000	0.003475
	6.580000	0.003605
	6.600000	0.003983
	6.620000	0.003905
	6.640000	0.004002
	6.660000	0.004237
	6.680000	0.004289
	6.700000	0.004667
	6.720000	0.004621
	6.740000	0.004680
	6.760000	0.004712
	6.780000	0.004855
	6.800000	0.004673
	6.820000	0.004673
	6.840000	0.004614
	6.860000	0.004536
	6.880000	0.004530
	6.900000	0.004393
	6.920000	0.004341
	6.940000	0.004413
	6.960000	0.004439
	6.980000	0.004367
	7.000000	0.004543
	7.020000	0.004634
	7.040000	0.004491
	7.060000	0.004627
	7.080000	0.004927
	7.100000	0.004790
	7.120000	0.004614
	7.140000	0.004334
	7.160000	0.004067
	7.180000	0.004035
	7.200000	0.003892
	7.220000	0.003950
	7.240000	0.004028
	7.260000	0.004224
	7.280000	0.004308
	7.300000	0.004582
	7.320000	0.004458
	7.340000	0.004517
	7.360000	0.004289
	7.380000	0.003996
	7.400000	0.004172
	7.420000	0.004133
	7.440000	0.004419
	7.460000	0.004536
	7.480000	0.004256
	7.500000	0.003813
	7.520000	0.003579
	7.540000	0.003332
	7.560000	0.003038
	7.580000	0.002016
	7.600000	0.001241
	7.620000	0.001156
	7.640000	0.000837
	7.660000	0.001150
	7.680000	0.001176
	7.700000	0.001098
	7.720000	0.001274
	7.740000	0.001124
	7.760000	0.001352
	7.780000	0.001450
	7.800000	0.001209
	7.820000	0.001332
	7.840000	0.001410
	7.860000	0.001300
	7.880000	0.001228
	7.900000	0.001365
	7.920000	0.001326
	7.940000	0.001339
	7.960000	0.001156
	7.980000	0.001254
	8.000000	0.001300
	8.020000	0.001339
	8.040000	0.001450
	8.060000	0.001287
	8.080000	0.001183
	8.100000	0.001183
	8.120000	0.000870
	8.140000	0.000955
	8.160000	0.000922
	8.180000	0.000883
	8.200000	0.000785
	8.220000	0.000818
	8.240000	0.000909
	8.260000	0.000824
	8.280000	0.000785
	8.300000	0.000922
	8.320000	0.000948
	8.340000	0.000818
	8.360000	0.000538
	8.380000	0.000408
	8.400000	0.000382
	8.420000	0.000277
	8.440000	0.000499
	8.460000	0.000349
	8.480000	0.000128
	8.500000	-9.387716E-5
	8.520000	-0.000341
	8.540000	-0.000491
	8.560000	-0.000556
	8.580000	-0.001149
	8.600000	-0.001247
	8.620000	-0.001494
	8.640000	-0.001553
	8.660000	-0.001377
	8.680000	-0.001520
	8.700000	-0.001422
	8.720000	-0.001487
	8.740000	-0.001455
	8.760000	-0.001370
	8.780000	-0.001286
	8.800000	-0.001507
	8.820000	-0.001396
	8.840000	-0.001409
	8.860000	-0.001455
	8.880000	-0.001344
	8.900000	-0.001331
	8.920000	-0.001364
	8.940000	-0.001494
	8.960000	-0.001487
	8.980000	-0.001416
	9.000000	-0.001370
	9.020000	-0.001494
	9.040000	-0.001429
	9.060000	-0.001474
	9.080000	-0.001435
	9.100000	-0.001396
	9.120000	-0.001481
	9.140000	-0.001325
	9.160000	-0.001383
	9.180000	-0.001455
	9.200000	-0.001305
	9.220000	-0.001416
	9.240000	-0.001442
	9.260000	-0.001501
	9.280000	-0.001266
	9.300000	-0.001370
	9.320000	-0.001331
	9.340000	-0.001351
	9.360000	-0.001429
	9.380000	-0.001527
	9.400000	-0.001474
	9.420000	-0.001442
	9.440000	-0.001566
	9.460000	-0.001572
	9.480000	-0.001546
	9.500000	-0.001527
	9.520000	-0.001566
	9.540000	-0.001644
	9.560000	-0.001507
	9.580000	-0.001357
	9.600000	-0.001566
	9.620000	-0.001624
	9.640000	-0.001416
	9.660000	-0.001501
	9.680000	-0.001403
	9.700000	-0.001527
	9.720000	-0.001396
	9.740000	-0.001409
	9.760000	-0.001338
	9.780000	-0.001331
	9.800000	-0.001435
	9.820000	-0.001344
	9.840000	-0.001429
	9.860000	-0.001559
	9.880000	-0.001474
	9.900000	-0.001455
	9.920000	-0.001481
	9.940000	-0.001468
	9.960000	-0.001455
	9.980000	-0.001527
	10.000000	-0.001618
	10.020000	-0.001390
	10.040000	-0.001501
	10.060000	-0.001689
	10.080000	-0.001514
	10.100000	-0.001501
	10.120000	-0.001448
	10.140000	-0.001501
	10.160000	-0.001507
	10.180000	-0.001559
	10.200000	-0.001527
	10.220000	-0.001370
	10.240000	-0.001448
	10.260000	-0.001559
	10.280000	-0.001357
	10.300000	-0.001422
	10.320000	-0.001429
	10.340000	-0.001501
	10.360000	-0.001325
	10.380000	-0.001318
	10.400000	-0.001416
	10.420000	-0.001338
	10.440000	-0.001338
	10.460000	-0.001572
	10.480000	-0.001448
	10.500000	-0.001533
	10.520000	-0.001422
	10.540000	-0.001409
	10.560000	-0.001448
	10.580000	-0.001214
	10.600000	-0.001292
	10.620000	-0.001409
	10.640000	-0.001546
	10.660000	-0.001286
	10.680000	-0.001533
	10.700000	-0.001325
	10.720000	-0.001351
	10.740000	-0.001409
	10.760000	-0.001299
	10.780000	-0.001305
	10.800000	-0.001234
	10.820000	-0.001279
	10.840000	-0.001207
	10.860000	-0.001038
	10.880000	-0.000908
	10.900000	-0.000999
	10.920000	-0.000797
	10.940000	-0.000947
	10.960000	-0.000726
	10.980000	-0.000426
	11.000000	-0.000367
	11.020000	-0.000139
	11.040000	0.000251
	11.060000	0.000981
	11.080000	0.001586
	11.100000	0.002576
	11.120000	0.004054
	11.140000	0.006418
	11.160000	0.010202
	11.180000	0.015001
	11.200000	0.020159
	11.220000	0.025134
	11.240000	0.029895
	11.260000	0.034056
	11.280000	0.038283
	11.300000	0.041715
	11.320000	0.045212
	11.340000	0.048468
	11.360000	0.051457
	11.380000	0.054316
	11.400000	0.057233
	11.420000	0.059675
	11.440000	0.061707
	11.460000	0.063296
	11.480000	0.064598
	11.500000	0.065601
	11.520000	0.066598
	11.540000	0.067080
	11.560000	0.067418
	11.580000	0.068297
	11.600000	0.068812
	11.620000	0.069515
	11.640000	0.070049
	11.660000	0.070290
	11.680000	0.070974
	11.700000	0.072179
	11.720000	0.073221
	11.740000	0.073982
	11.760000	0.074380
	11.780000	0.074634
	11.800000	0.075142
	11.820000	0.075344
	11.840000	0.075265
	11.860000	0.075031
	11.880000	0.074406
	11.900000	0.073637
	11.920000	0.073468
	11.940000	0.072732
	11.960000	0.072700
	11.980000	0.071853
	12.000000	0.071579
	12.020000	0.071527
	12.040000	0.071547
	12.060000	0.072113
	12.080000	0.071742
	12.100000	0.070772
	12.120000	0.069248
	12.140000	0.067555
	12.160000	0.066318
	12.180000	0.064891
	12.200000	0.064103
	12.220000	0.063335
	12.240000	0.062860
	12.260000	0.062716
	12.280000	0.061792
	12.300000	0.060326
	12.320000	0.058405
	12.340000	0.055507
	12.360000	0.051704
	12.380000	0.048787
	12.400000	0.046944
	12.420000	0.046195
	12.440000	0.044814
	12.460000	0.043180
	12.480000	0.039565
	12.500000	0.034668
	12.520000	0.030735
	12.540000	0.027303
	12.560000	0.020608
	12.580000	0.009375
	12.600000	0.003195
	12.620000	0.001586
	12.640000	0.001352
	12.660000	0.001274
	12.680000	0.001397
	12.700000	0.001521
	12.720000	0.001821
	12.740000	0.002244
	12.760000	0.002583
	12.780000	0.002850
	12.800000	0.003579
	12.820000	0.004315
	12.840000	0.005090
	12.860000	0.005995
	12.880000	0.007402
	12.900000	0.009121
	12.920000	0.011459
	12.940000	0.014383
	12.960000	0.017815
	12.980000	0.022803
	13.000000	0.029224
	13.020000	0.038146
	13.040000	0.051320
	13.060000	0.072009
	13.080000	0.108328
	13.100000	0.161975
	13.120000	0.220370
	13.140000	0.273145
	13.160000	0.322013
	13.180000	0.374085
	13.200000	0.424984
	13.220000	0.471084
	13.240000	0.515497
	13.260000	0.558608
	13.280000	0.597720
	13.300000	0.633498
	13.320000	0.665226
	13.340000	0.694655
	13.360000	0.723784
	13.380000	0.753193
	13.400000	0.777308
	13.420000	0.796356
	13.440000	0.812851
	13.460000	0.826051
	13.480000	0.836705
	13.500000	0.844579
	13.520000	0.850980
	13.540000	0.860293
	13.560000	0.873538
	13.580000	0.883678
	13.600000	0.890132
	13.620000	0.894781
	13.640000	0.902101
	13.660000	0.912709
	13.680000	0.927212
	13.700000	0.941630
	13.720000	0.952076
	13.740000	0.960262
	13.760000	0.964052
	13.780000	0.964579
	13.800000	0.965068
	13.820000	0.964892
	13.840000	0.959304
	13.860000	0.950741
	13.880000	0.943369
	13.900000	0.939624
	13.920000	0.935072
	13.940000	0.930286
	13.960000	0.925024
	13.980000	0.919567
	14.000000	0.916434
	14.020000	0.917411
	14.040000	0.919508
	14.060000	0.918388
	14.080000	0.909421
	14.100000	0.893830
	14.120000	0.872496
	14.140000	0.853168
	14.160000	0.838626
	14.180000	0.826690
	14.200000	0.816934
	14.220000	0.808840
	14.240000	0.805414
	14.260000	0.799547
	14.280000	0.782732
	14.300000	0.760695
	14.320000	0.731983
	14.340000	0.693899
	14.360000	0.654168
	14.380000	0.623437
	14.400000	0.603262
	14.420000	0.586676
	14.440000	0.571711
	14.460000	0.551282
	14.480000	0.500363
	14.500000	0.440516
	14.520000	0.390456
	14.540000	0.347990
	14.560000	0.272468
	14.580000	0.131016
	14.600000	0.045915
	14.620000	0.018876
	14.640000	0.011329
	14.660000	0.008522
	14.680000	0.007291
	14.700000	0.006536
	14.720000	0.006366
	14.740000	0.006353
	14.760000	0.006581
	14.780000	0.006926
	14.800000	0.007356
	14.820000	0.008072
	14.840000	0.008932
	14.860000	0.010293
	14.880000	0.012032
	14.900000	0.013543
	14.920000	0.016734
	14.940000	0.020973
	14.960000	0.027707
	14.980000	0.037319
	15.000000	0.052955
	15.020000	0.076066
	15.040000	0.102884
	15.060000	0.128861
	15.080000	0.152839
	15.100000	0.175312
	15.120000	0.197532
	15.140000	0.219752
	15.160000	0.240597
	15.180000	0.258858
	15.200000	0.275913
	15.220000	0.294056
	15.240000	0.311379
	15.260000	0.326298
	15.280000	0.341120
	15.300000	0.355121
	15.320000	0.367032
	15.340000	0.377009
	15.360000	0.385611
	15.380000	0.394194
	15.400000	0.403982
	15.420000	0.411751
	15.440000	0.417801
	15.460000	0.423675
	15.480000	0.428201
	15.500000	0.433098
	15.520000	0.437839
	15.540000	0.440958
	15.560000	0.442658
	15.580000	0.444280
	15.600000	0.448076
	15.620000	0.451391
	15.640000	0.456444
	15.660000	0.462579
	15.680000	0.467541
	15.700000	0.471103
	15.720000	0.474373
	15.740000	0.476470
	15.760000	0.479882
	15.780000	0.480800
	15.800000	0.478391
	15.820000	0.475616
	15.840000	0.472412
	15.860000	0.469410
	15.880000	0.465822
	15.900000	0.462709
	15.920000	0.459167
	15.940000	0.454823
	15.960000	0.453026
	15.980000	0.453390
	16.000000	0.455064
	16.020000	0.457174
	16.040000	0.458007
	16.060000	0.455552
	16.080000	0.450056
	16.100000	0.443453
	16.120000	0.436478
	16.140000	0.430506
	16.160000	0.424593
	16.180000	0.417508
	16.200000	0.412396
	16.220000	0.410442
	16.240000	0.407466
	16.260000	0.401000
	16.280000	0.391628
	16.300000	0.379972
	16.320000	0.363418
	16.340000	0.346375
	16.360000	0.332537
	16.380000	0.320698
	16.400000	0.309457
	16.420000	0.301330
	16.440000	0.296251
	16.460000	0.282653
	16.480000	0.252612
	16.500000	0.223848
	16.520000	0.201270
	16.540000	0.179213
	16.560000	0.131414
	16.580000	0.070837
	16.600000	0.042489
	16.620000	0.034030
	16.640000	0.031582
	16.660000	0.030735
	16.680000	0.030429
	16.700000	0.030644
	16.720000	0.030572
	16.740000	0.030520
	16.760000	0.030657
	16.780000	0.030995
	16.800000	0.031243
	16.820000	0.031451
	16.840000	0.031796
	16.860000	0.032298
	16.880000	0.032943
	16.900000	0.033926
	16.920000	0.035717
	16.940000	0.038777
	16.960000	0.043896
	16.980000	0.049803
	17.000000	0.055371
	17.020000	0.059942
	17.040000	0.064670
	17.060000	0.069645
	17.080000	0.074569
	17.100000	0.079590
	17.120000	0.084129
	17.140000	0.087912
	17.160000	0.092191
	17.180000	0.095733
	17.200000	0.098169
	17.220000	0.100630
	17.240000	0.103033
	17.260000	0.105554
	17.280000	0.108230
	17.300000	0.109982
	17.320000	0.111812
	17.340000	0.113694
	17.360000	0.115289
	17.380000	0.116312
	17.400000	0.116904
	17.420000	0.118077
	17.440000	0.119307
	17.460000	0.120734
	17.480000	0.120903
	17.500000	0.119594
	17.520000	0.118448
	17.540000	0.117269
	17.560000	0.116227
	17.580000	0.112131
	17.600000	0.109826
	17.620000	0.109598
	17.640000	0.110158
	17.660000	0.110757
	17.680000	0.111558
	17.700000	0.111766
	17.720000	0.112307
	17.740000	0.112535
	17.760000	0.113336
	17.780000	0.113564
	17.800000	0.113538
	17.820000	0.113069
	17.840000	0.112652
	17.860000	0.112496
	17.880000	0.112203
	17.900000	0.111662
	17.920000	0.110477
	17.940000	0.109500
	17.960000	0.108224
	17.980000	0.107520
	18.000000	0.106622
	18.020000	0.105463
	18.040000	0.104629
	18.060000	0.103900
	18.080000	0.103242
	18.100000	0.102858
	18.120000	0.102565
	18.140000	0.101275
	18.160000	0.099803
	18.180000	0.098110
	18.200000	0.096593
	18.220000	0.095030
	18.240000	0.093793
	18.260000	0.091845
	18.280000	0.089501
	18.300000	0.087039
	18.320000	0.084187
	18.340000	0.082227
	18.360000	0.080586
	18.380000	0.078450
	18.400000	0.073566
	18.420000	0.068219
	18.440000	0.066155
	18.460000	0.065933
	18.480000	0.062287
	18.500000	0.054641
	18.520000	0.047237
	18.540000	0.040002
	18.560000	0.032819
	18.580000	0.020237
	18.600000	0.007213
	18.620000	0.001918
	18.640000	0.000258
	18.660000	1.683038E-5
	18.680000	8.846468E-5
	18.700000	0.000323
	18.720000	0.000512
	18.740000	0.000909
	18.760000	0.001463
	18.780000	0.002231
	18.800000	0.003416
	18.820000	0.005442
	18.840000	0.008763
	18.860000	0.014376
	18.880000	0.020869
	18.900000	0.027199
	18.920000	0.033613
	18.940000	0.039539
	18.960000	0.045850
	18.980000	0.052180
	19.000000	0.058373
	19.020000	0.064130
	19.040000	0.068577
	19.060000	0.073357
	19.080000	0.077890
	19.100000	0.082136
	19.120000	0.086317
	19.140000	0.089651
	19.160000	0.092809
	19.180000	0.095857
	19.200000	0.098755
	19.220000	0.101549
	19.240000	0.104310
	19.260000	0.107572
	19.280000	0.109695
	19.300000	0.112411
	19.320000	0.115127
	19.340000	0.117451
	19.360000	0.119086
	19.380000	0.120714
	19.400000	0.122538
	19.420000	0.123892
	19.440000	0.125019
	19.460000	0.125878
	19.480000	0.126979
	19.500000	0.127936
	19.520000	0.128796
	19.540000	0.129375
	19.560000	0.129649
	19.580000	0.130554
	19.600000	0.131544
	19.620000	0.131694
	19.640000	0.132410
	19.660000	0.133146
	19.680000	0.133589
	19.700000	0.134188
	19.720000	0.134774
	19.740000	0.135399
	19.760000	0.135354
	19.780000	0.134800
	19.800000	0.134240
	19.820000	0.133856
	19.840000	0.133113
	19.860000	0.132364
	19.880000	0.131648
	19.900000	0.130554
	19.920000	0.129532
	19.940000	0.128594
	19.960000	0.127467
	19.980000	0.126249
	20.000000	0.125273
	20.020000	0.123723
	20.040000	0.122661
	20.060000	0.122700
	20.080000	0.122446
	20.100000	0.121535
	20.120000	0.120284
	20.140000	0.118630
	20.160000	0.116533
	20.180000	0.114768
	20.200000	0.113166
	20.220000	0.111109
	20.240000	0.108810
	20.260000	0.105502
	20.280000	0.102285
	20.300000	0.100403
	20.320000	0.100031
	20.340000	0.098540
	20.360000	0.092484
	20.380000	0.084890
	20.400000	0.081257
	20.420000	0.081081
	20.440000	0.079524
	20.460000	0.072361
	20.480000	0.062990
	20.500000	0.053840
	20.520000	0.044652
	20.540000	0.034838
	20.560000	0.017873
	20.580000	0.005682
	20.600000	0.001033
	20.620000	-0.000524
	20.640000	-0.000967
	20.660000	-0.001097
	20.680000	-0.000960
	20.700000	-0.001071
	20.720000	-0.000908
	20.740000	-0.000999
	20.760000	-0.000686
	20.780000	-0.000491
	20.800000	0.000108
	20.820000	0.000798
	20.840000	0.001430
	20.860000	0.002231
	20.880000	0.003071
	20.900000	0.003403
	20.920000	0.004093
	20.940000	0.004751
	20.960000	0.005533
	20.980000	0.006086
	21.000000	0.006672
	21.020000	0.007193
	21.040000	0.007838
	21.060000	0.008183
	21.080000	0.008496
	21.100000	0.008867
	21.120000	0.009440
	21.140000	0.009596
	21.160000	0.009844
	21.180000	0.010156
	21.200000	0.010469
	21.220000	0.010749
	21.240000	0.011049
	21.260000	0.011283
	21.280000	0.011700
	21.300000	0.011934
	21.320000	0.012097
	21.340000	0.012429
	21.360000	0.012774
	21.380000	0.012950
	21.400000	0.013171
	21.420000	0.013276
	21.440000	0.013211
	21.460000	0.013471
	21.480000	0.013543
	21.500000	0.013686
	21.520000	0.013595
	21.540000	0.013803
	21.560000	0.013907
	21.580000	0.013972
	21.600000	0.014044
	21.620000	0.014122
	21.640000	0.013914
	21.660000	0.013979
	21.680000	0.014155
	21.700000	0.014057
	21.720000	0.014070
	21.740000	0.014129
	21.760000	0.014200
	21.780000	0.014213
	21.800000	0.014272
	21.820000	0.014135
	21.840000	0.014018
	21.860000	0.013979
	21.880000	0.013862
	21.900000	0.013881
	21.920000	0.013738
	21.940000	0.013699
	21.960000	0.013647
	21.980000	0.013419
	22.000000	0.013347
	22.020000	0.013113
	22.040000	0.013165
	22.060000	0.013106
	22.080000	0.012989
	22.100000	0.012846
	22.120000	0.012807
	22.140000	0.012566
	22.160000	0.012553
	22.180000	0.012182
	22.200000	0.012038
	22.220000	0.011817
	22.240000	0.011583
	22.260000	0.011101
	22.280000	0.010723
	22.300000	0.010410
	22.320000	0.010456
	22.340000	0.010521
	22.360000	0.010007
	22.380000	0.009056
	22.400000	0.008352
	22.420000	0.008105
	22.440000	0.008151
	22.460000	0.007779
	22.480000	0.006913
	22.500000	0.005689
	22.520000	0.004595
	22.540000	0.003729
	22.560000	0.002355
	22.580000	0.000531
	22.600000	-0.000530
	22.620000	-0.000953
	22.640000	-0.001090
	22.660000	-0.001084
	22.680000	-0.001110
	22.700000	-0.001253
	22.720000	-0.001168
	22.740000	-0.001181
	22.760000	-0.001286
	22.780000	-0.001299
	22.800000	-0.001312
	22.820000	-0.001344
	22.840000	-0.001299
	22.860000	-0.001175
	22.880000	-0.001396
	22.900000	-0.001286
	22.920000	-0.001383
	22.940000	-0.001175
	22.960000	-0.001286
	22.980000	-0.001084
	23.000000	-0.001103
	23.020000	-0.001292
	23.040000	-0.001084
	23.060000	-0.001266
	23.080000	-0.001110
	23.100000	-0.001175
	23.120000	-0.001344
	23.140000	-0.001325
	23.160000	-0.001181
	23.180000	-0.001207
	23.200000	-0.001279
	23.220000	-0.001364
	23.240000	-0.001207
	23.260000	-0.001253
	23.280000	-0.001338
	23.300000	-0.001266
	23.320000	-0.001422
	23.340000	-0.001383
	23.360000	-0.001286
	23.380000	-0.001377
	23.400000	-0.001299
	23.420000	-0.001442
	23.440000	-0.001383
	23.460000	-0.001299
	23.480000	-0.001455
	23.500000	-0.001331
	23.520000	-0.001286
	23.540000	-0.001155
	23.560000	-0.001279
	23.580000	-0.001279
	23.600000	-0.001305
	23.620000	-0.001253
	23.640000	-0.001253
	23.660000	-0.001331
	23.680000	-0.001155
	23.700000	-0.001364
	23.720000	-0.001234
	23.740000	-0.001240
	23.760000	-0.001253
	23.780000	-0.001377
	23.800000	-0.001194
	23.820000	-0.001142
	23.840000	-0.001227
	23.860000	-0.001253
	23.880000	-0.001266
	23.900000	-0.001292
	23.920000	-0.001325
	23.940000	-0.001383
	23.960000	-0.001220
	23.980000	-0.001312
	24.000000	-0.001227
	24.020000	-0.001181
	24.040000	-0.001123
	24.060000	-0.001162
	24.080000	-0.000986
	24.100000	-0.001142
	24.120000	-0.001116
	24.140000	-0.000999
	24.160000	-0.001142
	24.180000	-0.001116
	24.200000	-0.001097
	24.220000	-0.001025
	24.240000	-0.001097
	24.260000	-0.001214
	24.280000	-0.001116
	24.300000	-0.001214
	24.320000	-0.001253
	24.340000	-0.001181
	24.360000	-0.001149
	24.380000	-0.001234
	24.400000	-0.001162
	24.420000	-0.001299
	24.440000	-0.001032
	24.460000	-0.001129
	24.480000	-0.001260
	24.500000	-0.001084
	24.520000	-0.001103
	24.540000	-0.001194
	24.560000	-0.001181
	24.580000	-0.001045
	24.600000	-0.001032
	24.620000	-0.001110
	24.640000	-0.001247
	24.660000	-0.001012
	24.680000	-0.000986
	24.700000	-0.001051
	24.720000	-0.001025
	24.740000	-0.000908
	24.760000	-0.000836
	24.780000	-0.000817
	24.800000	-0.000693
	24.820000	-0.000888
	24.840000	-0.000843
	24.860000	-0.000758
	24.880000	-0.000726
	24.900000	-0.000641
	24.920000	-0.000732
	24.940000	-0.000589
	24.960000	-0.000654
	24.980000	-0.000335
	25.000000	-0.000543
	25.020000	-0.000354
	25.040000	-0.000270
	25.060000	-0.000419
	25.080000	-0.000335
	25.100000	-0.000205
	25.120000	-0.000218
	25.140000	-0.000218
	25.160000	-0.000113
	25.180000	-0.000113
	25.200000	-0.000126
	25.220000	-3.526728E-5
	25.240000	-3.526728E-5
	25.260000	1.683038E-5
	25.280000	-5.480391E-5
	25.300000	3.805966E-6
	25.320000	4.287922E-5
	25.340000	-9.218451E-6
	25.360000	-0.000139
	25.380000	3.636701E-5
	25.400000	0.000115
	25.420000	-0.000120
	25.440000	-6.131612E-5
	25.460000	4.287922E-5
	25.480000	2.985480E-5
	25.500000	0.000167
	25.520000	6.241584E-5
	25.540000	0.000160
	25.560000	9.497689E-5
	25.580000	0.000199
	25.600000	0.000258
	25.620000	0.000232
	25.640000	0.000277
	25.660000	0.000395
	25.680000	0.000473
	25.700000	0.000583
	25.720000	0.000720
	25.740000	0.001007
	25.760000	0.001020
	25.780000	0.001306
	25.800000	0.001209
	25.820000	0.001365
	25.840000	0.001684
	25.860000	0.001834
	25.880000	0.001827
	25.900000	0.002049
	25.920000	0.002205
	25.940000	0.002381
	25.960000	0.002596
	25.980000	0.002791
	26.000000	0.003136
	26.020000	0.003468
	26.040000	0.003866
	26.060000	0.004067
	26.080000	0.004400
	26.100000	0.004921
	26.120000	0.005155
	26.140000	0.005813
	26.160000	0.006510
	26.180000	0.007128
	26.200000	0.007942
	26.220000	0.008815
	26.240000	0.009922
	26.260000	0.011055
	26.280000	0.012468
	26.300000	0.014031
	26.320000	0.016447
	26.340000	0.019169
	26.360000	0.022744
	26.380000	0.027062
	26.400000	0.032129
	26.420000	0.038869
	26.440000	0.047413
	26.460000	0.057214
	26.480000	0.070244
	26.500000	0.087710
	26.520000	0.113883
	26.540000	0.149225
	26.560000	0.198021
	26.580000	0.268834
	26.600000	0.377328
	26.620000	0.542933
	26.640000	0.813626
	26.660000	1.131233
	26.680000	1.425793
	26.700000	1.704464
	26.720000	1.975827
	26.740000	2.237709
	26.760000	2.504436
	26.780000	2.767588
	26.800000	3.010194
	26.820000	3.271744
	26.840000	3.549281
	26.860000	3.840058
	26.880000	4.131928
	26.900000	4.431308
	26.920000	4.725360
	26.940000	5.003034
	26.960000	5.262917
	26.980000	5.522480
	27.000000	5.797159
	27.020000	6.065097
	27.040000	6.313890
	27.060000	6.524527
	27.080000	6.725246
	27.100000	6.937928
	27.120000	7.122471
	27.140000	7.291782
	27.160000	7.464095
	27.180000	7.608868
	27.200000	7.776922
	27.220000	7.882511
	27.240000	7.986824
	27.260000	8.076673
	27.280000	8.192981
	27.300000	8.321082
	27.320000	8.430807
	27.340000	8.530971
	27.360000	8.636137
	27.380000	8.720619
	27.400000	8.801390
	27.420000	8.886231
	27.440000	8.964267
	27.460000	9.050990
	27.480000	9.131286
	27.500000	9.191478
	27.520000	9.233150
	27.540000	9.258665
	27.560000	9.275499
	27.580000	9.272842
	27.600000	9.268146
	27.620000	9.269481
	27.640000	9.264096
	27.660000	9.265958
	27.680000	9.256216
	27.700000	9.268765
	27.720000	9.308581
	27.740000	9.322393
	27.760000	9.331295
	27.780000	9.344736
	27.800000	9.315347
	27.820000	9.268218
	27.840000	9.221617
	27.860000	9.166374
	27.880000	9.097058
	27.900000	9.052651
	27.920000	9.002728
	27.940000	8.944451
	27.960000	8.911707
	27.980000	8.865477
	28.000000	8.803911
	28.020000	8.764915
	28.040000	8.732693
	28.060000	8.672911
	28.080000	8.612432
	28.100000	8.580008
	28.120000	8.537893
	28.140000	8.450083
	28.160000	8.334862
	28.180000	8.210922
	28.200000	8.062665
	28.220000	7.920360
	28.240000	7.739874
	28.260000	7.456489
	28.280000	7.126587
	28.300000	6.825423
	28.320000	6.655526
	28.340000	6.672699
	28.360000	6.729238
	28.380000	6.453791
	28.400000	5.862932
	28.420000	5.366910
	28.440000	5.137518
	28.460000	5.115845
	28.480000	5.006876
	28.500000	4.547863
	28.520000	3.911581
	28.540000	3.287816
	28.560000	2.540364
	28.580000	2.053166
	28.600000	1.354061
	28.620000	0.609592
	28.640000	0.284705
	28.660000	0.156538
	28.680000	0.106426
	28.700000	0.089462
	28.720000	0.081732
	28.740000	0.077427
	28.760000	0.074621
	28.780000	0.072895
	28.800000	0.071501
	28.820000	0.070733
	28.840000	0.069991
	28.860000	0.069294
	28.880000	0.068532
	28.900000	0.068102
	28.920000	0.067581
	28.940000	0.067334
	28.960000	0.067067
	28.980000	0.066585
	29.000000	0.066383
	29.020000	0.066012
	29.040000	0.065595
	29.060000	0.065445
	29.080000	0.065100
	29.100000	0.064781
	29.120000	0.063863
	29.140000	0.063459
	29.160000	0.062534
	29.180000	0.061473
	29.200000	0.060398
	29.220000	0.059376
	29.240000	0.057552
	29.260000	0.055052
	29.280000	0.052310
	29.300000	0.050363
	29.320000	0.049900
	29.340000	0.050545
	29.360000	0.050272
	29.380000	0.047380
	29.400000	0.042828
	29.420000	0.039683
	29.440000	0.038484
	29.460000	0.038204
	29.480000	0.037299
	29.500000	0.033848
	29.520000	0.029094
	29.540000	0.024151
	29.560000	0.018485
	29.580000	0.015242
	29.600000	0.009981
	29.620000	0.004647
	29.640000	0.002524
	29.660000	0.001567
	29.680000	0.001078
	29.700000	0.001052
	29.720000	0.001033
	29.740000	0.001000
	29.760000	0.001033
	29.780000	0.000857
	29.800000	0.000889
	29.820000	0.001111
	29.840000	0.001137
	29.860000	0.001072
	29.880000	0.001124
	29.900000	0.001235
	29.920000	0.001436
	29.940000	0.001417
	29.960000	0.001554
	29.980000	0.001808
	30.000000	0.001521
	30.020000	0.001782
	30.040000	0.001905
	30.060000	0.001970
	30.080000	0.002211
	30.100000	0.002433
	30.120000	0.002739
	30.140000	0.002863
	30.160000	0.003208
	30.180000	0.003468
	30.200000	0.003872
	30.220000	0.004634
	30.240000	0.005546
	30.260000	0.006288
	30.280000	0.007447
	30.300000	0.009017
	30.320000	0.010931
	30.340000	0.013432
	30.360000	0.016942
	30.380000	0.021299
	30.400000	0.027003
	30.420000	0.035710
	30.440000	0.048109
	30.460000	0.067223
	30.480000	0.096938
	30.500000	0.145382
	30.520000	0.215590
	30.540000	0.284861
	30.560000	0.347105
	30.580000	0.405389
	30.600000	0.462247
	30.620000	0.521554
	30.640000	0.578809
	30.660000	0.632456
	30.680000	0.689367
	30.700000	0.749051
	30.720000	0.806984
	30.740000	0.867502
	30.760000	0.933145
	30.780000	0.998241
	30.800000	1.064607
	30.820000	1.128837
	30.840000	1.190195
	30.860000	1.251683
	30.880000	1.319091
	30.900000	1.385033
	30.920000	1.446541
	30.940000	1.510406
	30.960000	1.571738
	30.980000	1.623120
	31.000000	1.664068
	31.020000	1.710663
	31.040000	1.756066
	31.060000	1.797660
	31.080000	1.836499
	31.100000	1.872166
	31.120000	1.903568
	31.140000	1.928477
	31.160000	1.950287
	31.180000	1.972969
	31.200000	1.997852
	31.220000	2.023340
	31.240000	2.044394
	31.260000	2.065527
	31.280000	2.086502
	31.300000	2.111548
	31.320000	2.135976
	31.340000	2.159439
	31.360000	2.175993
	31.380000	2.196337
	31.400000	2.221344
	31.420000	2.244560
	31.440000	2.257695
	31.460000	2.268200
	31.480000	2.272048
	31.500000	2.274757
	31.520000	2.277668
	31.540000	2.274197
	31.560000	2.274855
	31.580000	2.269450
	31.600000	2.262983
	31.620000	2.261544
	31.640000	2.255103
	31.660000	2.254635
	31.680000	2.259708
	31.700000	2.259252
	31.720000	2.256393
	31.740000	2.258737
	31.760000	2.256373
	31.780000	2.248174
	31.800000	2.243694
	31.820000	2.238654
	31.840000	2.227974
	31.860000	2.214148
	31.880000	2.200759
	31.900000	2.190405
	31.920000	2.183834
	31.940000	2.178500
	31.960000	2.174033
	31.980000	2.168686
	32.000000	2.154972
	32.020000	2.137493
	32.040000	2.121733
	32.060000	2.107133
	32.080000	2.094389
	32.100000	2.081104
	32.120000	2.056872
	32.140000	2.024754
	32.160000	1.990675
	32.180000	1.961090
	32.200000	1.927285
	32.220000	1.878001
	32.240000	1.810287
	32.260000	1.726019
	32.280000	1.641458
	32.300000	1.587276
	32.320000	1.580172
	32.340000	1.600874
	32.360000	1.582360
	32.380000	1.467387
	32.400000	1.332004
	32.420000	1.239271
	32.440000	1.189700
	32.460000	1.184594
	32.480000	1.154338
	32.500000	1.040511
	32.520000	0.896598
	32.540000	0.752984
	32.560000	0.572206
	32.580000	0.456581
	32.600000	0.334152
	32.620000	0.168416
	32.640000	0.067692
	32.660000	0.031087
	32.680000	0.015627
	32.700000	0.009687
	32.720000	0.007369
	32.740000	0.006483
	32.760000	0.006080
	32.780000	0.005917
	32.800000	0.005845
	32.820000	0.005891
	32.840000	0.006093
	32.860000	0.006269
	32.880000	0.006347
	32.900000	0.006607
	32.920000	0.006763
	32.940000	0.006978
	32.960000	0.007284
	32.980000	0.007369
	33.000000	0.007708
	33.020000	0.007773
	33.040000	0.007792
	33.060000	0.008085
	33.080000	0.008157
	33.100000	0.008320
	33.120000	0.008509
	33.140000	0.008281
	33.160000	0.008489
	33.180000	0.008802
	33.200000	0.008730
	33.220000	0.008606
	33.240000	0.008756
	33.260000	0.008678
	33.280000	0.008639
	33.300000	0.008685
	33.320000	0.008776
	33.340000	0.008893
	33.360000	0.009062
	33.380000	0.008847
	33.400000	0.008652
	33.420000	0.008704
	33.440000	0.008802
	33.460000	0.008789
	33.480000	0.008978
	33.500000	0.008899
	33.520000	0.008737
	33.540000	0.008528
	33.560000	0.008385
	33.580000	0.008339
	33.600000	0.008216
	33.620000	0.008131
	33.640000	0.007818
	33.660000	0.007988
	33.680000	0.007994
	33.700000	0.008085
	33.720000	0.008033
	33.740000	0.008072
	33.760000	0.007929
	33.780000	0.008059
	33.800000	0.007955
	33.820000	0.007975
	33.840000	0.008066
	33.860000	0.007805
	33.880000	0.007695
	33.900000	0.007864
	33.920000	0.007578
	33.940000	0.007558
	33.960000	0.007656
	33.980000	0.007721
	34.000000	0.007376
	34.020000	0.007551
	34.040000	0.007434
	34.060000	0.007389
	34.080000	0.007291
	34.100000	0.007226
	34.120000	0.007128
	34.140000	0.007161
	34.160000	0.006803
	34.180000	0.006750
	34.200000	0.006659
	34.220000	0.006418
	34.240000	0.006203
	34.260000	0.005884
	34.280000	0.005474
	34.300000	0.005389
	34.320000	0.005201
	34.340000	0.005350
	34.360000	0.005455
	34.380000	0.005116
	34.400000	0.004536
	34.420000	0.004289
	34.440000	0.004074
	34.460000	0.004035
	34.480000	0.004224
	34.500000	0.004093
	34.520000	0.003475
	34.540000	0.003071
	34.560000	0.002570
	34.580000	0.001918
	34.600000	0.001567
	34.620000	0.001319
	34.640000	0.000701
	34.660000	0.000355
	34.680000	0.000486
	34.700000	0.000492
	34.720000	0.000473
	34.740000	0.000707
	34.760000	0.000662
	34.780000	0.000727
	34.800000	0.000772
	34.820000	0.001091
	34.840000	0.000981
	34.860000	0.001267
	34.880000	0.001189
	34.900000	0.001326
	34.920000	0.001443
	34.940000	0.001456
	34.960000	0.001404
	34.980000	0.001632
	35.000000	0.001599
	35.020000	0.001632
	35.040000	0.001756
	35.060000	0.001853
	35.080000	0.001860
	35.100000	0.001970
	35.120000	0.001977
	35.140000	0.002192
	35.160000	0.002231
	35.180000	0.002107
	35.200000	0.002114
	35.220000	0.002192
	35.240000	0.002211
	35.260000	0.002179
	35.280000	0.002270
	35.300000	0.002322
	35.320000	0.002303
	35.340000	0.002153
	35.360000	0.002205
	35.380000	0.002257
	35.400000	0.002270
	35.420000	0.002576
	35.440000	0.002270
	35.460000	0.002368
	35.480000	0.002400
	35.500000	0.002485
	35.520000	0.002355
	35.540000	0.002557
	35.560000	0.002368
	35.580000	0.002531
	35.600000	0.002478
	35.620000	0.002452
	35.640000	0.002433
	35.660000	0.002524
	35.680000	0.002511
	35.700000	0.002583
	35.720000	0.002478
	35.740000	0.002491
	35.760000	0.002355
	35.780000	0.002426
	35.800000	0.002316
	35.820000	0.002381
	35.840000	0.002635
	35.860000	0.002368
	35.880000	0.002342
	35.900000	0.002316
	35.920000	0.002290
	35.940000	0.002407
	35.960000	0.002335
	35.980000	0.002303
	36.000000	0.002400
	36.020000	0.002218
	36.040000	0.002218
	36.060000	0.002049
	36.080000	0.002146
	36.100000	0.002114
	36.120000	0.002231
	36.140000	0.001905
	36.160000	0.001964
	36.180000	0.002088
	36.200000	0.001977
	36.220000	0.001677
	36.240000	0.001690
	36.260000	0.001528
	36.280000	0.001619
	36.300000	0.001534
	36.320000	0.001495
	36.340000	0.001560
	36.360000	0.001410
	36.380000	0.001293
	36.400000	0.001039
	36.420000	0.000896
	36.440000	0.000902
	36.460000	0.000792
	36.480000	0.000779
	36.500000	0.000733
	36.520000	0.000499
	36.540000	0.000264
	36.560000	-6.782833E-5
	36.580000	-0.000419
	36.600000	-0.000185
	36.620000	-0.000472
	36.640000	-0.000686
	36.660000	-0.000953
	36.680000	-0.000589
	36.700000	-0.000771
	36.720000	-0.000667
	36.740000	-0.000524
	36.760000	-0.000537
	36.780000	-0.000517
	36.800000	-0.000550
	36.820000	-0.000673
	36.840000	-0.000563
	36.860000	-0.000426
	36.880000	-0.000504
	36.900000	-0.000459
	36.920000	-0.000387
	36.940000	-0.000406
	36.960000	-0.000478
	36.980000	-0.000439
	37.000000	-0.000439
	37.020000	-0.000530
	37.040000	-0.000413
	37.060000	-0.000504
	37.080000	-0.000361
	37.100000	-0.000296
	37.120000	-0.000341
	37.140000	-0.000361
	37.160000	-0.000322
	37.180000	-0.000348
	37.200000	-0.000244
	37.220000	-0.000244
	37.240000	-0.000211
	37.260000	-0.000205
	37.280000	-0.000179
	37.300000	-7.434054E-5
	37.320000	-0.000289
	37.340000	-0.000257
	37.360000	-8.736495E-5
	37.380000	-4.829170E-5
	37.400000	-0.000100
	37.420000	-0.000113
	37.440000	-0.000198
	37.460000	-0.000185
	37.480000	-0.000100
	37.500000	-0.000257
	37.520000	4.287922E-5
	37.540000	-2.706242E-6
	37.560000	-0.000126
	37.580000	-4.829170E-5
	37.600000	0.000154
	37.620000	-3.526728E-5
	37.640000	0.000128
	37.660000	0.000160
	37.680000	8.846468E-5
	37.700000	0.000375
	37.720000	0.000414
	37.740000	0.000388
	37.760000	0.000440
	37.780000	0.000382
	37.800000	0.000583
	37.820000	0.000668
	37.840000	0.000701
	37.860000	0.000929
	37.880000	0.000909
	37.900000	0.001091
	37.920000	0.001052
	37.940000	0.001293
	37.960000	0.001508
	37.980000	0.001756
	38.000000	0.002107
	38.020000	0.002283
	38.040000	0.002687
	38.060000	0.003247
	38.080000	0.003937
	38.100000	0.004549
	38.120000	0.005578
	38.140000	0.006920
	38.160000	0.008698
	38.180000	0.011022
	38.200000	0.014357
	38.220000	0.018902
	38.240000	0.025460
	38.260000	0.035743
	38.280000	0.053769
	38.300000	0.080052
	38.320000	0.106960
	38.340000	0.129760
	38.360000	0.149915
	38.380000	0.168644
	38.400000	0.186559
	38.420000	0.205171
	38.440000	0.224056
	38.460000	0.243945
	38.480000	0.264178
	38.500000	0.285089
	38.520000	0.306924
	38.540000	0.330231
	38.560000	0.354984
	38.580000	0.378376
	38.600000	0.405265
	38.620000	0.434876
	38.640000	0.464689
	38.660000	0.496202
	38.680000	0.528326
	38.700000	0.558426
	38.720000	0.587184
	38.740000	0.615303
	38.760000	0.642889
	38.780000	0.669107
	38.800000	0.694264
	38.820000	0.718170
	38.840000	0.740715
	38.860000	0.763104
	38.880000	0.783742
	38.900000	0.801637
	38.920000	0.817944
	38.940000	0.837819
	38.960000	0.855773
	38.980000	0.870510
	39.000000	0.886582
	39.020000	0.903026
	39.040000	0.919189
	39.060000	0.935619
	39.080000	0.948162
	39.100000	0.957110
	39.120000	0.968578
	39.140000	0.979551
	39.160000	0.986525
	39.180000	0.994092
	39.200000	1.001223
	39.220000	1.006778
	39.240000	1.010835
	39.260000	1.017615
	39.280000	1.022831
	39.300000	1.027207
	39.320000	1.033003
	39.340000	1.038955
	39.360000	1.044712
	39.380000	1.048176
	39.400000	1.051152
	39.420000	1.054845
	39.440000	1.057639
	39.460000	1.059872
	39.480000	1.064333
	39.500000	1.067785
	39.520000	1.068188
	39.540000	1.069452
	39.560000	1.068560
	39.580000	1.068162
	39.600000	1.068162
	39.620000	1.068996
	39.640000	1.069120
	39.660000	1.068527
	39.680000	1.069146
	39.700000	1.070943
	39.720000	1.071933
	39.740000	1.074603
	39.760000	1.078191
	39.780000	1.077716
	39.800000	1.074401
	39.820000	1.069940
	39.840000	1.064763
	39.860000	1.058928
	39.880000	1.053477
	39.900000	1.046568
	39.920000	1.043924
	39.940000	1.040511
	39.960000	1.033895
	39.980000	1.027070
	40.000000	1.019529
	40.020000	1.007794
	40.040000	0.996137
	40.060000	0.985288
	40.080000	0.972329
	40.100000	0.956413
	40.120000	0.943154
	40.140000	0.930735
	40.160000	0.914826
	40.180000	0.899939
	40.200000	0.884544
	40.220000	0.859277
	40.240000	0.825465
	40.260000	0.789362
	40.280000	0.754065
	40.300000	0.732393
	40.320000	0.730283
	40.340000	0.735206
	40.360000	0.726968
	40.380000	0.684430
	40.400000	0.629305
	40.420000	0.592133
	40.440000	0.566612
	40.460000	0.539410
	40.480000	0.524732
	40.500000	0.512463
	40.520000	0.473383
	40.540000	0.403546
	40.560000	0.330909
	40.580000	0.255387
	40.600000	0.186513
	40.620000	0.155919
	40.640000	0.109591
	40.660000	0.054882
	40.680000	0.022477
	40.700000	0.010488
	40.720000	0.005331
	40.740000	0.002817
	40.760000	0.001710
	40.780000	0.001196
	40.800000	0.000837
	40.820000	0.000857
	40.840000	0.001039
	40.860000	0.000733
	40.880000	0.000779
	40.900000	0.000694
	40.920000	0.000662
	40.940000	0.000792
	40.960000	0.000844
	40.980000	0.000831
	41.000000	0.000883
	41.020000	0.000688
	41.040000	0.000675
	41.060000	0.000583
	41.080000	0.000707
	41.100000	0.000460
	41.120000	0.000512
	41.140000	0.000662
	41.160000	0.000707
	41.180000	0.000629
	41.200000	0.000649
	41.220000	0.000551
	41.240000	0.000551
	41.260000	0.000616
	41.280000	0.000531
	41.300000	0.000642
	41.320000	0.000583
	41.340000	0.000525
	41.360000	0.000707
	41.380000	0.000837
	41.400000	0.000929
	41.420000	0.000818
	41.440000	0.000870
	41.460000	0.000883
	41.480000	0.000902
	41.500000	0.001156
	41.520000	0.000922
	41.540000	0.000948
	41.560000	0.000961
	41.580000	0.001130
	41.600000	0.001046
	41.620000	0.001033
	41.640000	0.001026
	41.660000	0.000955
	41.680000	0.001007
	41.700000	0.001000
	41.720000	0.001059
	41.740000	0.000968
	41.760000	0.001117
	41.780000	0.001033
	41.800000	0.001430
	41.820000	0.001397
	41.840000	0.001560
	41.860000	0.001938
	41.880000	0.001964
	41.900000	0.002166
	41.920000	0.002602
	41.940000	0.002654
	41.960000	0.003117
	41.980000	0.003579
	42.000000	0.004120
	42.020000	0.004947
	42.040000	0.005806
	42.060000	0.006894
	42.080000	0.008411
	42.100000	0.009981
	42.120000	0.012266
	42.140000	0.015802
	42.160000	0.020745
	42.180000	0.028097
	42.200000	0.040217
	42.220000	0.060424
	42.240000	0.087723
	42.260000	0.113251
	42.280000	0.133771
	42.300000	0.152956
	42.320000	0.171418
	42.340000	0.190258
	42.360000	0.208714
	42.380000	0.227391
	42.400000	0.247103
	42.420000	0.266093
	42.440000	0.283943
	42.460000	0.304352
	42.480000	0.325412
	42.500000	0.347560
	42.520000	0.371343
	42.540000	0.397867
	42.560000	0.426931
	42.580000	0.458398
	42.600000	0.490901
	42.620000	0.523182
	42.640000	0.555997
	42.660000	0.590355
	42.680000	0.625410
	42.700000	0.656760
	42.720000	0.686918
	42.740000	0.717519
	42.760000	0.745215
	42.780000	0.769057
	42.800000	0.793627
	42.820000	0.815306
	42.840000	0.838262
	42.860000	0.859752
	42.880000	0.878064
	42.900000	0.896006
	42.920000	0.916558
	42.940000	0.934161
	42.960000	0.950767
	42.980000	0.965953
	43.000000	0.981517
	43.020000	0.996971
	43.040000	1.013935
	43.060000	1.031388
	43.080000	1.047395
	43.100000	1.059442
	43.120000	1.070051
	43.140000	1.077976
	43.160000	1.086403
	43.180000	1.094804
	43.200000	1.102312
	43.220000	1.108375
	43.240000	1.112328
	43.260000	1.119290
	43.280000	1.124167
	43.300000	1.128049
	43.320000	1.132939
	43.340000	1.137029
	43.360000	1.140910
	43.380000	1.145612
	43.400000	1.148738
	43.420000	1.154071
	43.440000	1.160369
	43.460000	1.164015
	43.480000	1.169544
	43.500000	1.176734
	43.520000	1.181279
	43.540000	1.185688
	43.560000	1.190292
	43.580000	1.192350
	43.600000	1.191875
	43.620000	1.193880
	43.640000	1.193431
	43.660000	1.193210
	43.680000	1.192526
	43.700000	1.193379
	43.720000	1.194375
	43.740000	1.195587
	43.760000	1.197091
	43.780000	1.198810
	43.800000	1.199071
	43.820000	1.195385
	43.840000	1.188755
	43.860000	1.183513
	43.880000	1.178303
	43.900000	1.169479
	43.920000	1.163273
	43.940000	1.160050
	43.960000	1.154416
	43.980000	1.147253
	44.000000	1.142629
	44.020000	1.133669
	44.040000	1.121009
	44.060000	1.107086
	44.080000	1.093886
	44.100000	1.080197
	44.120000	1.066417
	44.140000	1.050592
	44.160000	1.033576
	44.180000	1.017289
	44.200000	1.003294
	44.220000	0.990348
	44.240000	0.974575
	44.260000	0.946547
	44.280000	0.909851
	44.300000	0.870263
	44.320000	0.834706
	44.340000	0.815651
	44.360000	0.817586
	44.380000	0.820939
	44.400000	0.806951
	44.420000	0.762186
	44.440000	0.705706
	44.460000	0.666072
	44.480000	0.644276
	44.500000	0.617023
	44.520000	0.586155
	44.540000	0.569887
	44.560000	0.548188
	44.580000	0.492236
	44.600000	0.404796
	44.620000	0.330316
	44.640000	0.250932
	44.660000	0.188558
	44.680000	0.161975
	44.700000	0.113427
	44.720000	0.064090
	44.740000	0.035912
	44.760000	0.025649
	44.780000	0.021103
	44.800000	0.018857
	44.820000	0.017496
	44.840000	0.016883
	44.860000	0.016812
	44.880000	0.016636
	44.900000	0.016343
	44.920000	0.016317
	44.940000	0.016473
	44.960000	0.016441
	44.980000	0.016362
	45.000000	0.016369
	45.020000	0.016336
	45.040000	0.016271
	45.060000	0.016167
	45.080000	0.015959
	45.100000	0.015965
	45.120000	0.015711
	45.140000	0.015496
	45.160000	0.015340
	45.180000	0.015347
	45.200000	0.015047
	45.220000	0.014936
	45.240000	0.014800
	45.260000	0.014383
	45.280000	0.014292
	45.300000	0.013627
	45.320000	0.013295
	45.340000	0.013015
	45.360000	0.012872
	45.380000	0.012970
	45.400000	0.013230
	45.420000	0.012774
	45.440000	0.012117
	45.460000	0.011641
	45.480000	0.011224
	45.500000	0.011107
	45.520000	0.010892
	45.540000	0.010339
	45.560000	0.010339
	45.580000	0.009948
	45.600000	0.008841
	45.620000	0.008027
	45.640000	0.007141
	45.660000	0.006269
	45.680000	0.005650
	45.700000	0.005331
	45.720000	0.004595
	45.740000	0.004289
	45.760000	0.003944
	45.780000	0.003787
	45.800000	0.003833
	45.820000	0.003833
	45.840000	0.003579
	45.860000	0.003846
	45.880000	0.003735
	45.900000	0.003586
	45.920000	0.003592
	45.940000	0.003696
	45.960000	0.003677
	45.980000	0.003677
	46.000000	0.003696
	46.020000	0.003664
	46.040000	0.003579
	46.060000	0.003638
	46.080000	0.003345
	46.100000	0.003488
	46.120000	0.003462
	46.140000	0.003305
	46.160000	0.003527
	46.180000	0.003266
	46.200000	0.003012
	46.220000	0.002993
	46.240000	0.002830
	46.260000	0.002863
	46.280000	0.002778
	46.300000	0.002589
	46.320000	0.002329
	46.340000	0.002290
	46.360000	0.002231
	46.380000	0.002244
	46.400000	0.002433
	46.420000	0.001944
	46.440000	0.002088
	46.460000	0.001808
	46.480000	0.001749
	46.500000	0.001567
	46.520000	0.001632
	46.540000	0.001313
	46.560000	0.001384
	46.580000	0.001202
	46.600000	0.001033
	46.620000	0.000538
	46.640000	0.000382
	46.660000	7.544026E-5
	46.680000	-0.000419
	46.700000	-0.000472
	46.720000	-0.000647
	46.740000	-0.000758
	46.760000	-0.001058
	46.780000	-0.001097
	46.800000	-0.001097
	46.820000	-0.001038
	46.840000	-0.000999
	46.860000	-0.001025
	46.880000	-0.001019
	46.900000	-0.000947
	46.920000	-0.001084
	46.940000	-0.001136
	46.960000	-0.000993
	46.980000	-0.000999
	47.000000	-0.000797
	47.020000	-0.001019
	47.040000	-0.000901
	47.060000	-0.000843
	47.080000	-0.001136
	47.100000	-0.001006
	47.120000	-0.000999
	47.140000	-0.000967
	47.160000	-0.001032
	47.180000	-0.000849
	47.200000	-0.001012
	47.220000	-0.000908
	47.240000	-0.000843
	47.260000	-0.000953
	47.280000	-0.000856
	47.300000	-0.000999
	47.320000	-0.000934
	47.340000	-0.000901
	47.360000	-0.000967
	47.380000	-0.000843
	47.400000	-0.000726
	47.420000	-0.001064
	47.440000	-0.000823
	47.460000	-0.000947
	47.480000	-0.001051
	47.500000	-0.001038
	47.520000	-0.001038
	47.540000	-0.000960
	47.560000	-0.000986
	47.580000	-0.000960
	47.600000	-0.000921
	47.620000	-0.000980
	47.640000	-0.001006
	47.660000	-0.000797
	47.680000	-0.001045
	47.700000	-0.001032
	47.720000	-0.000875
	47.740000	-0.000901
	47.760000	-0.000804
	47.780000	-0.000862
	47.800000	-0.000752
	47.820000	-0.001045
	47.840000	-0.000888
	47.860000	-0.000927
	47.880000	-0.001019
	47.900000	-0.001012
	47.920000	-0.000960
	47.940000	-0.001090
	47.960000	-0.000934
	47.980000	-0.000980
	48.000000	-0.001168
	48.020000	-0.001084
	48.040000	-0.001038
	48.060000	-0.001032
	48.080000	-0.000993
	48.100000	-0.001090
	48.120000	-0.000993
	48.140000	-0.000791
	48.160000	-0.000934
	48.180000	-0.001058
	48.200000	-0.000869
	48.220000	-0.000947
	48.240000	-0.000869
	48.260000	-0.000817
	48.280000	-0.000986
	48.300000	-0.000901
	48.320000	-0.000973
	48.340000	-0.000830
	48.360000	-0.000797
	48.380000	-0.000869
	48.400000	-0.001136
	48.420000	-0.000914
	48.440000	-0.000993
	48.460000	-0.000967
	48.480000	-0.001090
	48.500000	-0.000940
	48.520000	-0.001071
	48.540000	-0.001077
	48.560000	-0.000999
	48.580000	-0.001084
	48.600000	-0.001064
	48.620000	-0.001090
	48.640000	-0.001370
	48.660000	-0.001175
	48.680000	-0.000940
	48.700000	-0.001084
	48.720000	-0.001090
	48.740000	-0.001058
	48.760000	-0.001032
	48.780000	-0.000967
	48.800000	-0.001019
	48.820000	-0.000921
	48.840000	-0.000967
	48.860000	-0.000953
	48.880000	-0.001038
	48.900000	-0.000869
	48.920000	-0.001006
	48.940000	-0.001103
	48.960000	-0.001045
	48.980000	-0.001064
	49.000000	-0.001129
	49.020000	-0.001058
	49.040000	-0.001142
	49.060000	-0.001097
	49.080000	-0.001025
	49.100000	-0.001175
	49.120000	-0.001181
	49.140000	-0.000967
	49.160000	-0.001110
	49.180000	-0.001110
	49.200000	-0.000869
	49.220000	-0.000836
	49.240000	-0.000901
	49.260000	-0.000980
	49.280000	-0.000908
	49.300000	-0.000849
	49.320000	-0.000914
	49.340000	-0.000856
	49.360000	-0.000980
	49.380000	-0.001064
	49.400000	-0.000953
	49.420000	-0.001032
	49.440000	-0.000927
	49.460000	-0.001051
	49.480000	-0.001090
	49.500000	-0.000967
	49.520000	-0.000947
	49.540000	-0.001090
	49.560000	-0.001071
	49.580000	-0.000953
	49.600000	-0.001051
	49.620000	-0.000908
	49.640000	-0.000817
	49.660000	-0.001019
	49.680000	-0.000953
	49.700000	-0.000817
	49.720000	-0.000901
	49.740000	-0.000908
	49.760000	-0.000921
	49.780000	-0.000960
	49.800000	-0.000901
	49.820000	-0.000823
	49.840000	-0.000797
	49.860000	-0.000973
	49.880000	-0.000914
	49.900000	-0.000791
	49.920000	-0.000921
	49.940000	-0.000934
	49.960000	-0.000953
	49.980000	-0.001032
	50.000000	-0.001097
