	0.000000	0.112339
	0.020000	0.112691
	0.040000	0.113420
	0.060000	0.112535
	0.080000	0.112613
	0.100000	0.112632
	0.120000	0.112926
	0.140000	0.113134
	0.160000	0.113245
	0.180000	0.113010
	0.200000	0.113166
	0.220000	0.113114
	0.240000	0.113232
	0.260000	0.113245
	0.280000	0.113303
	0.300000	0.113349
	0.320000	0.113297
	0.340000	0.113062
	0.360000	0.113186
	0.380000	0.113453
	0.400000	0.113082
	0.420000	0.113134
	0.440000	0.113036
	0.460000	0.112815
	0.480000	0.112385
	0.500000	0.112685
	0.520000	0.112450
	0.540000	0.112157
	0.560000	0.112294
	0.580000	0.112287
	0.600000	0.112418
	0.620000	0.112652
	0.640000	0.112685
	0.660000	0.112847
	0.680000	0.113082
	0.700000	0.112873
	0.720000	0.113004
	0.740000	0.113264
	0.760000	0.113303
	0.780000	0.113023
	0.800000	0.113166
	0.820000	0.114189
	0.840000	0.158023
	0.860000	0.219211
	0.880000	0.279182
	0.900000	0.336945
	0.920000	0.416277
	0.940000	0.552623
	0.960000	0.699656
	0.980000	0.947628
	1.000000	1.378189
	1.020000	2.266005
	1.040000	2.892277
	1.060000	3.342597
	1.080000	3.716183
	1.100000	3.757457
	1.120000	3.231355
	1.140000	2.215776
	1.160000	1.457527
	1.180000	1.024368
	1.200000	0.774136
	1.220000	0.608368
	1.240000	0.496293
	1.260000	0.421995
	1.280000	0.373596
	1.300000	0.332309
	1.320000	0.286046
	1.340000	0.240369
	1.360000	0.202703
	1.380000	0.173509
	1.400000	0.149290
	1.420000	0.129649
	1.440000	0.114339
	1.460000	0.102200
	1.480000	0.091194
	1.500000	0.080853
	1.520000	0.071052
	1.540000	0.061661
	1.560000	0.052701
	1.580000	0.045283
	1.600000	0.038582
	1.620000	0.031822
	1.640000	0.025095
	1.660000	0.019443
	1.680000	0.016219
	1.700000	0.014239
	1.720000	0.012937
	1.740000	0.011687
	1.760000	0.010749
	1.780000	0.009928
	1.800000	0.009023
	1.820000	0.008502
	1.840000	0.007988
	1.860000	0.007428
	1.880000	0.007115
	1.900000	0.006679
	1.920000	0.006470
	1.940000	0.006041
	1.960000	0.005754
	1.980000	0.005376
	2.000000	0.005435
	2.020000	0.005122
	2.040000	0.004927
	2.060000	0.004829
	2.080000	0.004680
	2.100000	0.004640
	2.120000	0.004660
	2.140000	0.004569
	2.160000	0.004471
	2.180000	0.004497
	2.200000	0.004419
	2.220000	0.004256
	2.240000	0.004022
	2.260000	0.004211
	2.280000	0.003989
	2.300000	0.003768
	2.320000	0.003566
	2.340000	0.003423
	2.360000	0.003312
	2.380000	0.003091
	2.400000	0.002869
	2.420000	0.002863
	2.440000	0.002732
	2.460000	0.002583
	2.480000	0.002088
	2.500000	0.002140
	2.520000	0.001970
	2.540000	0.001567
	2.560000	0.001541
	2.580000	0.001143
	2.600000	0.000694
	2.620000	-0.000185
	2.640000	-0.000752
	2.660000	-0.001175
	2.680000	-0.001188
	2.700000	-0.001038
	2.720000	-0.001207
	2.740000	-0.001299
	2.760000	-0.001331
	2.780000	-0.001051
	2.800000	-0.001181
	2.820000	-0.001188
	2.840000	-0.001234
	2.860000	-0.001234
	2.880000	-0.001019
	2.900000	-0.000993
	2.920000	-0.001032
	2.940000	-0.001097
	2.960000	-0.000960
	2.980000	-0.000973
	3.000000	-0.000960
	3.020000	-0.000960
	3.040000	-0.000869
	3.060000	-0.000686
	3.080000	-0.000778
	3.100000	-0.000791
	3.120000	-0.000700
	3.140000	-0.000706
	3.160000	-0.000517
	3.180000	-0.000569
	3.200000	-0.000276
	3.220000	-0.000296
	3.240000	-0.000126
	3.260000	0.000193
	3.280000	0.000310
	3.300000	0.000616
	3.320000	0.000876
	3.340000	0.001541
	3.360000	0.002127
	3.380000	0.003012
	3.400000	0.004165
	3.420000	0.005787
	3.440000	0.008528
	3.460000	0.012872
	3.480000	0.019410
	3.500000	0.026300
	3.520000	0.032591
	3.540000	0.037579
	3.560000	0.040927
	3.580000	0.043317
	3.600000	0.045355
	3.620000	0.046709
	3.640000	0.047875
	3.660000	0.048559
	3.680000	0.049835
	3.700000	0.050669
	3.720000	0.051372
	3.740000	0.051828
	3.760000	0.051971
	3.780000	0.052421
	3.800000	0.053274
	3.820000	0.054583
	3.840000	0.056120
	3.860000	0.056380
	3.880000	0.056321
	3.900000	0.056803
	3.920000	0.057370
	3.940000	0.057826
	3.960000	0.058236
	3.980000	0.058822
	4.000000	0.059128
	4.020000	0.058835
	4.040000	0.058724
	4.060000	0.058444
	4.080000	0.058392
	4.100000	0.058431
	4.120000	0.057865
	4.140000	0.058119
	4.160000	0.057936
	4.180000	0.057051
	4.200000	0.055638
	4.220000	0.054355
	4.240000	0.053573
	4.260000	0.053000
	4.280000	0.051717
	4.300000	0.050317
	4.320000	0.049164
	4.340000	0.048533
	4.360000	0.048370
	4.380000	0.046898
	4.400000	0.044632
	4.420000	0.042099
	4.440000	0.040334
	4.460000	0.038966
	4.480000	0.036355
	4.500000	0.033366
	4.520000	0.030390
	4.540000	0.027082
	4.560000	0.022341
	4.580000	0.013093
	4.600000	0.003253
	4.620000	0.000128
	4.640000	-0.000752
	4.660000	-0.001090
	4.680000	-0.001292
	4.700000	-0.001501
	4.720000	-0.001364
	4.740000	-0.001390
	4.760000	-0.001448
	4.780000	-0.001435
	4.800000	-0.001520
	4.820000	-0.001468
	4.840000	-0.001435
	4.860000	-0.001429
	4.880000	-0.001631
	4.900000	-0.001435
	4.920000	-0.001540
	4.940000	-0.001527
	4.960000	-0.001396
	4.980000	-0.001533
	5.000000	-0.001474
	5.020000	-0.001396
	5.040000	-0.001409
	5.060000	-0.001546
	5.080000	-0.001364
	5.100000	-0.001501
	5.120000	-0.001435
	5.140000	-0.001494
	5.160000	-0.001370
	5.180000	-0.001461
	5.200000	-0.001442
	5.220000	-0.001455
	5.240000	-0.001455
	5.260000	-0.001266
	5.280000	-0.001416
	5.300000	-0.001370
	5.320000	-0.001494
	5.340000	-0.001377
	5.360000	-0.001501
	5.380000	-0.001585
	5.400000	-0.001540
	5.420000	-0.001364
	5.440000	-0.001435
	5.460000	-0.001461
	5.480000	-0.001377
	5.500000	-0.001377
	5.520000	-0.001494
	5.540000	-0.001351
	5.560000	-0.001377
	5.580000	-0.001338
	5.600000	-0.001155
	5.620000	-0.001175
	5.640000	-0.001227
	5.660000	-0.001260
	5.680000	-0.001240
	5.700000	-0.001207
	5.720000	-0.001188
	5.740000	-0.001247
	5.760000	-0.001123
	5.780000	-0.001097
	5.800000	-0.001266
	5.820000	-0.001227
	5.840000	-0.001234
	5.860000	-0.001207
	5.880000	-0.001266
	5.900000	-0.001338
	5.920000	-0.001240
	5.940000	-0.001260
	5.960000	-0.001149
	5.980000	-0.001266
	6.000000	-0.001299
	6.020000	-0.001214
	6.040000	-0.001344
	6.060000	-0.001168
	6.080000	-0.001142
	6.100000	-0.001253
	6.120000	-0.001260
	6.140000	-0.001194
	6.160000	-0.001149
	6.180000	-0.001155
	6.200000	-0.001142
	6.220000	-0.001227
	6.240000	-0.001038
	6.260000	-0.001116
	6.280000	-0.000895
	6.300000	-0.000960
	6.320000	-0.000940
	6.340000	-0.000882
	6.360000	-0.000791
	6.380000	-0.000758
	6.400000	-0.000465
	6.420000	-0.000289
	6.440000	0.000264
	6.460000	0.000642
	6.480000	0.001215
	6.500000	0.001521
	6.520000	0.001775
	6.540000	0.002251
	6.560000	0.002439
	6.580000	0.002576
	6.600000	0.002752
	6.620000	0.002921
	6.640000	0.003188
	6.660000	0.003481
	6.680000	0.003690
	6.700000	0.004093
	6.720000	0.004282
	6.740000	0.004380
	6.760000	0.004426
	6.780000	0.004536
	6.800000	0.004413
	6.820000	0.004562
	6.840000	0.004198
	6.860000	0.004126
	6.880000	0.004041
	6.900000	0.004035
	6.920000	0.004028
	6.940000	0.003944
	6.960000	0.003924
	6.980000	0.004093
	7.000000	0.004080
	7.020000	0.004230
	7.040000	0.004198
	7.060000	0.004478
	7.080000	0.004432
	7.100000	0.004354
	7.120000	0.004204
	7.140000	0.004093
	7.160000	0.003833
	7.180000	0.003722
	7.200000	0.003690
	7.220000	0.003859
	7.240000	0.003859
	7.260000	0.003879
	7.280000	0.004159
	7.300000	0.004015
	7.320000	0.003735
	7.340000	0.003364
	7.360000	0.003091
	7.380000	0.002993
	7.400000	0.003006
	7.420000	0.003501
	7.440000	0.003690
	7.460000	0.003455
	7.480000	0.003195
	7.500000	0.002856
	7.520000	0.002713
	7.540000	0.002674
	7.560000	0.001703
	7.580000	0.000746
	7.600000	0.000759
	7.620000	0.000603
	7.640000	0.000694
	7.660000	0.000818
	7.680000	0.000902
	7.700000	0.000961
	7.720000	0.001059
	7.740000	0.001091
	7.760000	0.001143
	7.780000	0.001117
	7.800000	0.001169
	7.820000	0.001300
	7.840000	0.001098
	7.860000	0.001020
	7.880000	0.000922
	7.900000	0.001046
	7.920000	0.001020
	7.940000	0.000896
	7.960000	0.000883
	7.980000	0.001085
	8.000000	0.001137
	8.020000	0.001235
	8.040000	0.001013
	8.060000	0.001189
	8.080000	0.000968
	8.100000	0.001039
	8.120000	0.000935
	8.140000	0.000863
	8.160000	0.000785
	8.180000	0.000766
	8.200000	0.000896
	8.220000	0.000785
	8.240000	0.000701
	8.260000	0.000824
	8.280000	0.000766
	8.300000	0.000909
	8.320000	0.000662
	8.340000	0.000505
	8.360000	0.000382
	8.380000	0.000264
	8.400000	0.000492
	8.420000	0.000336
	8.440000	0.000251
	8.460000	-1.573066E-5
	8.480000	-0.000152
	8.500000	-0.000406
	8.520000	-0.000380
	8.540000	-0.000621
	8.560000	-0.001103
	8.580000	-0.001227
	8.600000	-0.001448
	8.620000	-0.001507
	8.640000	-0.001507
	8.660000	-0.001455
	8.680000	-0.001364
	8.700000	-0.001455
	8.720000	-0.001416
	8.740000	-0.001514
	8.760000	-0.001331
	8.780000	-0.001338
	8.800000	-0.001455
	8.820000	-0.001318
	8.840000	-0.001461
	8.860000	-0.001331
	8.880000	-0.001318
	8.900000	-0.001220
	8.920000	-0.001396
	8.940000	-0.001487
	8.960000	-0.001364
	8.980000	-0.001520
	9.000000	-0.001442
	9.020000	-0.001455
	9.040000	-0.001409
	9.060000	-0.001403
	9.080000	-0.001442
	9.100000	-0.001553
	9.120000	-0.001572
	9.140000	-0.001546
	9.160000	-0.001442
	9.180000	-0.001559
	9.200000	-0.001546
	9.220000	-0.001579
	9.240000	-0.001448
	9.260000	-0.001292
	9.280000	-0.001494
	9.300000	-0.001383
	9.320000	-0.001227
	9.340000	-0.001429
	9.360000	-0.001377
	9.380000	-0.001605
	9.400000	-0.001396
	9.420000	-0.001351
	9.440000	-0.001377
	9.460000	-0.001292
	9.480000	-0.001227
	9.500000	-0.001435
	9.520000	-0.001390
	9.540000	-0.001533
	9.560000	-0.001383
	9.580000	-0.001487
	9.600000	-0.001501
	9.620000	-0.001448
	9.640000	-0.001442
	9.660000	-0.001514
	9.680000	-0.001338
	9.700000	-0.001683
	9.720000	-0.001481
	9.740000	-0.001553
	9.760000	-0.001644
	9.780000	-0.001540
	9.800000	-0.001442
	9.820000	-0.001390
	9.840000	-0.001494
	9.860000	-0.001344
	9.880000	-0.001461
	9.900000	-0.001351
	9.920000	-0.001409
	9.940000	-0.001448
	9.960000	-0.001383
	9.980000	-0.001318
	10.000000	-0.001644
	10.020000	-0.001364
	10.040000	-0.001409
	10.060000	-0.001416
	10.080000	-0.001305
	10.100000	-0.001468
	10.120000	-0.001448
	10.140000	-0.001455
	10.160000	-0.001572
	10.180000	-0.001494
	10.200000	-0.001540
	10.220000	-0.001566
	10.240000	-0.001448
	10.260000	-0.001377
	10.280000	-0.001318
	10.300000	-0.001461
	10.320000	-0.001461
	10.340000	-0.001474
	10.360000	-0.001435
	10.380000	-0.001312
	10.400000	-0.001494
	10.420000	-0.001331
	10.440000	-0.001390
	10.460000	-0.001338
	10.480000	-0.001312
	10.500000	-0.001422
	10.520000	-0.001598
	10.540000	-0.001435
	10.560000	-0.001403
	10.580000	-0.001409
	10.600000	-0.001507
	10.620000	-0.001553
	10.640000	-0.001338
	10.660000	-0.001416
	10.680000	-0.001461
	10.700000	-0.001377
	10.720000	-0.001507
	10.740000	-0.001429
	10.760000	-0.001461
	10.780000	-0.001370
	10.800000	-0.001357
	10.820000	-0.001390
	10.840000	-0.001370
	10.860000	-0.001240
	10.880000	-0.001253
	10.900000	-0.001214
	10.920000	-0.001136
	10.940000	-0.001162
	10.960000	-0.001168
	10.980000	-0.001051
	11.000000	-0.001051
	11.020000	-0.000960
	11.040000	-0.000914
	11.060000	-0.000804
	11.080000	-0.000836
	11.100000	-0.000582
	11.120000	-0.000419
	11.140000	-0.000237
	11.160000	-3.526728E-5
	11.180000	0.000486
	11.200000	0.001026
	11.220000	0.001795
	11.240000	0.003045
	11.260000	0.005031
	11.280000	0.008346
	11.300000	0.012761
	11.320000	0.017750
	11.340000	0.022536
	11.360000	0.026925
	11.380000	0.031523
	11.400000	0.035795
	11.420000	0.039526
	11.440000	0.043076
	11.460000	0.046358
	11.480000	0.048793
	11.500000	0.050871
	11.520000	0.053222
	11.540000	0.054869
	11.560000	0.056497
	11.580000	0.057936
	11.600000	0.058894
	11.620000	0.059877
	11.640000	0.060873
	11.660000	0.062124
	11.680000	0.063355
	11.700000	0.064012
	11.720000	0.064116
	11.740000	0.065028
	11.760000	0.065888
	11.780000	0.066487
	11.800000	0.067203
	11.820000	0.067249
	11.840000	0.067119
	11.860000	0.067021
	11.880000	0.067164
	11.900000	0.066956
	11.920000	0.066930
	11.940000	0.067067
	11.960000	0.067399
	11.980000	0.067386
	12.000000	0.067275
	12.020000	0.067373
	12.040000	0.067464
	12.060000	0.067073
	12.080000	0.066253
	12.100000	0.065224
	12.120000	0.063400
	12.140000	0.061564
	12.160000	0.060177
	12.180000	0.059265
	12.200000	0.058933
	12.220000	0.058601
	12.240000	0.058412
	12.260000	0.058002
	12.280000	0.057455
	12.300000	0.055455
	12.320000	0.052772
	12.340000	0.049015
	12.360000	0.045720
	12.380000	0.044209
	12.400000	0.044411
	12.420000	0.043473
	12.440000	0.040653
	12.460000	0.036036
	12.480000	0.031783
	12.500000	0.028736
	12.520000	0.025095
	12.540000	0.017176
	12.560000	0.006594
	12.580000	0.001879
	12.600000	0.000551
	12.620000	0.000251
	12.640000	0.000154
	12.660000	9.497689E-5
	12.680000	0.000284
	12.700000	0.000271
	12.720000	0.000225
	12.740000	0.000277
	12.760000	0.000414
	12.780000	0.000609
	12.800000	0.000824
	12.820000	0.000896
	12.840000	0.001046
	12.860000	0.001365
	12.880000	0.001879
	12.900000	0.002133
	12.920000	0.002583
	12.940000	0.003253
	12.960000	0.003885
	12.980000	0.004647
	13.000000	0.005572
	13.020000	0.006855
	13.040000	0.008274
	13.060000	0.010417
	13.080000	0.012787
	13.100000	0.015666
	13.120000	0.019417
	13.140000	0.025082
	13.160000	0.032539
	13.180000	0.043903
	13.200000	0.061674
	13.220000	0.091435
	13.240000	0.138720
	13.260000	0.196145
	13.280000	0.253068
	13.300000	0.304651
	13.320000	0.351819
	13.340000	0.399065
	13.360000	0.444410
	13.380000	0.487625
	13.400000	0.528118
	13.420000	0.566423
	13.440000	0.599498
	13.460000	0.626882
	13.480000	0.650013
	13.500000	0.670208
	13.520000	0.691815
	13.540000	0.711528
	13.560000	0.725321
	13.580000	0.737225
	13.600000	0.751337
	13.620000	0.767370
	13.640000	0.782967
	13.660000	0.795744
	13.680000	0.805466
	13.700000	0.814694
	13.720000	0.826299
	13.740000	0.836868
	13.760000	0.844540
	13.780000	0.850414
	13.800000	0.854295
	13.820000	0.854008
	13.840000	0.854210
	13.860000	0.854126
	13.880000	0.853103
	13.900000	0.852113
	13.920000	0.853448
	13.940000	0.856450
	13.960000	0.858762
	13.980000	0.857727
	14.000000	0.855786
	14.020000	0.854288
	14.040000	0.853005
	14.060000	0.847620
	14.080000	0.836087
	14.100000	0.817123
	14.120000	0.795190
	14.140000	0.777008
	14.160000	0.764348
	14.180000	0.757582
	14.200000	0.755101
	14.220000	0.753694
	14.240000	0.750184
	14.260000	0.739888
	14.280000	0.722130
	14.300000	0.691333
	14.320000	0.649883
	14.340000	0.609280
	14.360000	0.576816
	14.380000	0.565615
	14.400000	0.563714
	14.420000	0.543285
	14.440000	0.505481
	14.460000	0.445732
	14.480000	0.393413
	14.500000	0.355466
	14.520000	0.311333
	14.540000	0.206819
	14.560000	0.081875
	14.580000	0.027948
	14.600000	0.013113
	14.620000	0.008144
	14.640000	0.006216
	14.660000	0.005214
	14.680000	0.004647
	14.700000	0.004380
	14.720000	0.004080
	14.740000	0.004106
	14.760000	0.004028
	14.780000	0.004061
	14.800000	0.004035
	14.820000	0.004224
	14.840000	0.004354
	14.860000	0.004491
	14.880000	0.004360
	14.900000	0.004803
	14.920000	0.005025
	14.940000	0.005507
	14.960000	0.006015
	14.980000	0.006464
	15.000000	0.007232
	15.020000	0.007988
	15.040000	0.009297
	15.060000	0.010834
	15.080000	0.013419
	15.100000	0.017072
	15.120000	0.022451
	15.140000	0.031165
	15.160000	0.045101
	15.180000	0.064813
	15.200000	0.088466
	15.220000	0.112997
	15.240000	0.136376
	15.260000	0.159455
	15.280000	0.181545
	15.300000	0.201889
	15.320000	0.221250
	15.340000	0.240226
	15.360000	0.258962
	15.380000	0.277144
	15.400000	0.292923
	15.420000	0.307445
	15.440000	0.319708
	15.460000	0.329723
	15.480000	0.338762
	15.500000	0.346714
	15.520000	0.351761
	15.540000	0.356619
	15.560000	0.363001
	15.580000	0.368992
	15.600000	0.375081
	15.620000	0.381235
	15.640000	0.387695
	15.660000	0.394136
	15.680000	0.401149
	15.700000	0.407505
	15.720000	0.413301
	15.740000	0.417215
	15.760000	0.419462
	15.780000	0.420276
	15.800000	0.420556
	15.820000	0.420894
	15.840000	0.419331
	15.860000	0.417684
	15.880000	0.417085
	15.900000	0.416030
	15.920000	0.415398
	15.940000	0.416909
	15.960000	0.416290
	15.980000	0.414206
	16.000000	0.414617
	16.020000	0.416030
	16.040000	0.414395
	16.060000	0.409068
	16.080000	0.400433
	16.100000	0.390033
	16.120000	0.381124
	16.140000	0.375556
	16.160000	0.373577
	16.180000	0.371916
	16.200000	0.371877
	16.220000	0.371910
	16.240000	0.368093
	16.260000	0.360845
	16.280000	0.349716
	16.300000	0.331521
	16.320000	0.309451
	16.340000	0.294199
	16.360000	0.288501
	16.380000	0.286821
	16.400000	0.279488
	16.420000	0.266692
	16.440000	0.243639
	16.460000	0.215623
	16.480000	0.192837
	16.500000	0.173014
	16.520000	0.139840
	16.540000	0.080664
	16.560000	0.043082
	16.580000	0.030266
	16.600000	0.026971
	16.620000	0.025903
	16.640000	0.025616
	16.660000	0.025571
	16.680000	0.026066
	16.700000	0.026046
	16.720000	0.026222
	16.740000	0.026502
	16.760000	0.026762
	16.780000	0.026867
	16.800000	0.026971
	16.820000	0.027121
	16.840000	0.026789
	16.860000	0.027095
	16.880000	0.027147
	16.900000	0.027095
	16.920000	0.027127
	16.940000	0.027095
	16.960000	0.026984
	16.980000	0.026958
	17.000000	0.027108
	17.020000	0.027381
	17.040000	0.027655
	17.060000	0.028508
	17.080000	0.029061
	17.100000	0.030338
	17.120000	0.032409
	17.140000	0.036563
	17.160000	0.041597
	17.180000	0.046748
	17.200000	0.051359
	17.220000	0.056002
	17.240000	0.060652
	17.260000	0.065295
	17.280000	0.069645
	17.300000	0.073253
	17.320000	0.076112
	17.340000	0.079010
	17.360000	0.081966
	17.380000	0.085183
	17.400000	0.087665
	17.420000	0.090217
	17.440000	0.092080
	17.460000	0.092829
	17.480000	0.093252
	17.500000	0.093506
	17.520000	0.093402
	17.540000	0.091474
	17.560000	0.089918
	17.580000	0.090042
	17.600000	0.090960
	17.620000	0.092614
	17.640000	0.093838
	17.660000	0.095466
	17.680000	0.096638
	17.700000	0.097589
	17.720000	0.099009
	17.740000	0.099510
	17.760000	0.100005
	17.780000	0.099869
	17.800000	0.100168
	17.820000	0.100774
	17.840000	0.100800
	17.860000	0.100683
	17.880000	0.100826
	17.900000	0.100800
	17.920000	0.100285
	17.940000	0.099875
	17.960000	0.099002
	17.980000	0.098227
	18.000000	0.097355
	18.020000	0.097348
	18.040000	0.097583
	18.060000	0.097479
	18.080000	0.096411
	18.100000	0.094939
	18.120000	0.092679
	18.140000	0.091090
	18.160000	0.090270
	18.180000	0.088902
	18.200000	0.087710
	18.220000	0.086297
	18.240000	0.085034
	18.260000	0.083523
	18.280000	0.081817
	18.300000	0.079095
	18.320000	0.074770
	18.340000	0.070954
	18.360000	0.068056
	18.380000	0.065360
	18.400000	0.062801
	18.420000	0.060444
	18.440000	0.058138
	18.460000	0.052707
	18.480000	0.046117
	18.500000	0.038576
	18.520000	0.031979
	18.540000	0.021364
	18.560000	0.008027
	18.580000	0.001925
	18.600000	-0.000166
	18.620000	-0.000739
	18.640000	-0.000830
	18.660000	-0.000921
	18.680000	-0.001051
	18.700000	-0.001032
	18.720000	-0.001142
	18.740000	-0.000921
	18.760000	-0.000882
	18.780000	-0.000908
	18.800000	-0.000836
	18.820000	-0.000771
	18.840000	-0.000641
	18.860000	-0.000315
	18.880000	-0.000139
	18.900000	2.985480E-5
	18.920000	0.000277
	18.940000	0.000772
	18.960000	0.001384
	18.980000	0.002257
	19.000000	0.003377
	19.020000	0.004803
	19.040000	0.007597
	19.060000	0.012344
	19.080000	0.018564
	19.100000	0.024828
	19.120000	0.030767
	19.140000	0.036244
	19.160000	0.041636
	19.180000	0.047471
	19.200000	0.052577
	19.220000	0.057272
	19.240000	0.062221
	19.260000	0.066995
	19.280000	0.071566
	19.300000	0.075376
	19.320000	0.078997
	19.340000	0.082780
	19.360000	0.086076
	19.380000	0.088987
	19.400000	0.091891
	19.420000	0.094424
	19.440000	0.097107
	19.460000	0.099361
	19.480000	0.101744
	19.500000	0.103607
	19.520000	0.105215
	19.540000	0.107208
	19.560000	0.108478
	19.580000	0.109923
	19.600000	0.111590
	19.620000	0.113596
	19.640000	0.115114
	19.660000	0.116169
	19.680000	0.117250
	19.700000	0.118187
	19.720000	0.119223
	19.740000	0.119587
	19.760000	0.119828
	19.780000	0.119711
	19.800000	0.119438
	19.820000	0.119750
	19.840000	0.120148
	19.860000	0.120115
	19.880000	0.119692
	19.900000	0.118975
	19.920000	0.117699
	19.940000	0.117054
	19.960000	0.116240
	19.980000	0.115758
	20.000000	0.115739
	20.020000	0.115569
	20.040000	0.114508
	20.060000	0.112750
	20.080000	0.110594
	20.100000	0.108836
	20.120000	0.107318
	20.140000	0.106036
	20.160000	0.104180
	20.180000	0.102662
	20.200000	0.101614
	20.220000	0.099875
	20.240000	0.097837
	20.260000	0.094600
	20.280000	0.090641
	20.300000	0.086720
	20.320000	0.083627
	20.340000	0.080097
	20.360000	0.076040
	20.380000	0.073416
	20.400000	0.071944
	20.420000	0.067099
	20.440000	0.058842
	20.460000	0.050434
	20.480000	0.042314
	20.500000	0.032832
	20.520000	0.015158
	20.540000	0.004595
	20.560000	0.000720
	20.580000	-0.000472
	20.600000	-0.000927
	20.620000	-0.001025
	20.640000	-0.001247
	20.660000	-0.001260
	20.680000	-0.001273
	20.700000	-0.001279
	20.720000	-0.001344
	20.740000	-0.001364
	20.760000	-0.001416
	20.780000	-0.001383
	20.800000	-0.001501
	20.820000	-0.001461
	20.840000	-0.001207
	20.860000	-0.001501
	20.880000	-0.001207
	20.900000	-0.001181
	20.920000	-0.001103
	20.940000	-0.001136
	20.960000	-0.001051
	20.980000	-0.000745
	21.000000	-0.000439
	21.020000	7.544026E-5
	21.040000	0.000577
	21.060000	0.001196
	21.080000	0.001873
	21.100000	0.002368
	21.120000	0.003012
	21.140000	0.003618
	21.160000	0.004282
	21.180000	0.004803
	21.200000	0.005363
	21.220000	0.005787
	21.240000	0.006360
	21.260000	0.006744
	21.280000	0.007213
	21.300000	0.007649
	21.320000	0.008027
	21.340000	0.008431
	21.360000	0.008789
	21.380000	0.009140
	21.400000	0.009492
	21.420000	0.009557
	21.440000	0.010020
	21.460000	0.010234
	21.480000	0.010567
	21.500000	0.010768
	21.520000	0.010847
	21.540000	0.010938
	21.560000	0.011316
	21.580000	0.011348
	21.600000	0.011530
	21.620000	0.011745
	21.640000	0.011967
	21.660000	0.012097
	21.680000	0.012130
	21.700000	0.012370
	21.720000	0.012162
	21.740000	0.012351
	21.760000	0.012468
	21.780000	0.012436
	21.800000	0.012338
	21.820000	0.012416
	21.840000	0.012397
	21.860000	0.012514
	21.880000	0.012423
	21.900000	0.012331
	21.920000	0.012234
	21.940000	0.011980
	21.960000	0.012084
	21.980000	0.011934
	22.000000	0.011856
	22.020000	0.012038
	22.040000	0.011889
	22.060000	0.011583
	22.080000	0.011563
	22.100000	0.011381
	22.120000	0.011179
	22.140000	0.011179
	22.160000	0.010860
	22.180000	0.010762
	22.200000	0.010541
	22.220000	0.010541
	22.240000	0.010098
	22.260000	0.009844
	22.280000	0.009479
	22.300000	0.008939
	22.320000	0.008639
	22.340000	0.008483
	22.360000	0.007766
	22.380000	0.007330
	22.400000	0.007083
	22.420000	0.006965
	22.440000	0.006002
	22.460000	0.005168
	22.480000	0.003983
	22.500000	0.003286
	22.520000	0.001827
	22.540000	-7.434054E-5
	22.560000	-0.000830
	22.580000	-0.001077
	22.600000	-0.001129
	22.620000	-0.001051
	22.640000	-0.001234
	22.660000	-0.001168
	22.680000	-0.001325
	22.700000	-0.001227
	22.720000	-0.001136
	22.740000	-0.001429
	22.760000	-0.001168
	22.780000	-0.001253
	22.800000	-0.001318
	22.820000	-0.001442
	22.840000	-0.001292
	22.860000	-0.001357
	22.880000	-0.001266
	22.900000	-0.001468
	22.920000	-0.001396
	22.940000	-0.001312
	22.960000	-0.001357
	22.980000	-0.001461
	23.000000	-0.001188
	23.020000	-0.001286
	23.040000	-0.001461
	23.060000	-0.001455
	23.080000	-0.001318
	23.100000	-0.001240
	23.120000	-0.001266
	23.140000	-0.001305
	23.160000	-0.001481
	23.180000	-0.001325
	23.200000	-0.001214
	23.220000	-0.001247
	23.240000	-0.001299
	23.260000	-0.001201
	23.280000	-0.001409
	23.300000	-0.001260
	23.320000	-0.001175
	23.340000	-0.001194
	23.360000	-0.001331
	23.380000	-0.001312
	23.400000	-0.001305
	23.420000	-0.001338
	23.440000	-0.001318
	23.460000	-0.001214
	23.480000	-0.001390
	23.500000	-0.001279
	23.520000	-0.001383
	23.540000	-0.001448
	23.560000	-0.001253
	23.580000	-0.001364
	23.600000	-0.001546
	23.620000	-0.001344
	23.640000	-0.001299
	23.660000	-0.001286
	23.680000	-0.001207
	23.700000	-0.001299
	23.720000	-0.001318
	23.740000	-0.001253
	23.760000	-0.001279
	23.780000	-0.001240
	23.800000	-0.001253
	23.820000	-0.001422
	23.840000	-0.001286
	23.860000	-0.001279
	23.880000	-0.001325
	23.900000	-0.001364
	23.920000	-0.001247
	23.940000	-0.001299
	23.960000	-0.001474
	23.980000	-0.001305
	24.000000	-0.001429
	24.020000	-0.001422
	24.040000	-0.001364
	24.060000	-0.001253
	24.080000	-0.001292
	24.100000	-0.001292
	24.120000	-0.001331
	24.140000	-0.001240
	24.160000	-0.001318
	24.180000	-0.001103
	24.200000	-0.001227
	24.220000	-0.001071
	24.240000	-0.001175
	24.260000	-0.001110
	24.280000	-0.001214
	24.300000	-0.001103
	24.320000	-0.001129
	24.340000	-0.001168
	24.360000	-0.001064
	24.380000	-0.000986
	24.400000	-0.001227
	24.420000	-0.001240
	24.440000	-0.001142
	24.460000	-0.001188
	24.480000	-0.001012
	24.500000	-0.001266
	24.520000	-0.001273
	24.540000	-0.001227
	24.560000	-0.001188
	24.580000	-0.001260
	24.600000	-0.001299
	24.620000	-0.001325
	24.640000	-0.001116
	24.660000	-0.001110
	24.680000	-0.001286
	24.700000	-0.001175
	24.720000	-0.001077
	24.740000	-0.001155
	24.760000	-0.001253
	24.780000	-0.001084
	24.800000	-0.001155
	24.820000	-0.001168
	24.840000	-0.001071
	24.860000	-0.001188
	24.880000	-0.001416
	24.900000	-0.001181
	24.920000	-0.001051
	24.940000	-0.001116
	24.960000	-0.001097
	24.980000	-0.001038
	25.000000	-0.001077
	25.020000	-0.001025
	25.040000	-0.000927
	25.060000	-0.000908
	25.080000	-0.000817
	25.100000	-0.000836
	25.120000	-0.000908
	25.140000	-0.000914
	25.160000	-0.000778
	25.180000	-0.000719
	25.200000	-0.000628
	25.220000	-0.000752
	25.240000	-0.000673
	25.260000	-0.000576
	25.280000	-0.000459
	25.300000	-0.000433
	25.320000	-0.000413
	25.340000	-0.000459
	25.360000	-0.000348
	25.380000	-0.000296
	25.400000	-0.000341
	25.420000	-0.000491
	25.440000	-0.000224
	25.460000	-0.000472
	25.480000	-0.000263
	25.500000	-0.000426
	25.520000	-0.000374
	25.540000	-0.000361
	25.560000	-0.000367
	25.580000	-0.000302
	25.600000	-0.000309
	25.620000	-0.000361
	25.640000	-0.000478
	25.660000	-0.000315
	25.680000	-0.000179
	25.700000	-0.000107
	25.720000	-0.000302
	25.740000	-0.000218
	25.760000	-0.000107
	25.780000	-4.829170E-5
	25.800000	-2.706242E-6
	25.820000	-0.000152
	25.840000	-0.000198
	25.860000	-2.875508E-5
	25.880000	-3.526728E-5
	25.900000	4.939143E-5
	25.920000	1.683038E-5
	25.940000	4.287922E-5
	25.960000	0.000160
	25.980000	0.000336
	26.000000	0.000297
	26.020000	0.000603
	26.040000	0.000727
	26.060000	0.000772
	26.080000	0.000876
	26.100000	0.000896
	26.120000	0.001013
	26.140000	0.001130
	26.160000	0.001209
	26.180000	0.001586
	26.200000	0.001619
	26.220000	0.001912
	26.240000	0.002062
	26.260000	0.002172
	26.280000	0.002602
	26.300000	0.002602
	26.320000	0.003110
	26.340000	0.003338
	26.360000	0.003625
	26.380000	0.004087
	26.400000	0.004595
	26.420000	0.005103
	26.440000	0.005546
	26.460000	0.006216
	26.480000	0.006972
	26.500000	0.007610
	26.520000	0.008561
	26.540000	0.009407
	26.560000	0.010684
	26.580000	0.012572
	26.600000	0.014305
	26.620000	0.016662
	26.640000	0.019469
	26.660000	0.023246
	26.680000	0.027876
	26.700000	0.033359
	26.720000	0.040699
	26.740000	0.050285
	26.760000	0.063244
	26.780000	0.079531
	26.800000	0.100129
	26.820000	0.129812
	26.840000	0.172506
	26.860000	0.235147
	26.880000	0.331814
	26.900000	0.490777
	26.920000	0.746765
	26.940000	1.048170
	26.960000	1.314506
	26.980000	1.561006
	27.000000	1.809382
	27.020000	2.058363
	27.040000	2.306472
	27.060000	2.554385
	27.080000	2.806036
	27.100000	3.049971
	27.120000	3.287256
	27.140000	3.536895
	27.160000	3.795671
	27.180000	4.044984
	27.200000	4.295593
	27.220000	4.544112
	27.240000	4.795269
	27.260000	5.045468
	27.280000	5.287787
	27.300000	5.507730
	27.320000	5.729946
	27.340000	5.932287
	27.360000	6.131203
	27.380000	6.303047
	27.400000	6.476024
	27.420000	6.649750
	27.440000	6.798873
	27.460000	6.913084
	27.480000	7.009276
	27.500000	7.097276
	27.520000	7.172889
	27.540000	7.261956
	27.560000	7.343632
	27.580000	7.437819
	27.600000	7.541981
	27.620000	7.640394
	27.640000	7.699349
	27.660000	7.771634
	27.680000	7.837818
	27.700000	7.886099
	27.720000	7.953071
	27.740000	8.021358
	27.760000	8.031413
	27.780000	8.031804
	27.800000	8.035431
	27.820000	8.025558
	27.840000	8.012912
	27.860000	7.990419
	27.880000	7.948109
	27.900000	7.894637
	27.920000	7.835988
	27.940000	7.801571
	27.960000	7.772676
	27.980000	7.743984
	28.000000	7.707216
	28.020000	7.656603
	28.040000	7.611043
	28.060000	7.555286
	28.080000	7.484394
	28.100000	7.409269
	28.120000	7.326831
	28.140000	7.210295
	28.160000	7.074561
	28.180000	6.939706
	28.200000	6.805249
	28.220000	6.697784
	28.240000	6.549299
	28.260000	6.324042
	28.280000	6.069493
	28.300000	5.865570
	28.320000	5.770198
	28.340000	5.663450
	28.360000	5.309049
	28.380000	4.862448
	28.400000	4.613519
	28.420000	4.542185
	28.440000	4.303792
	28.460000	3.751472
	28.480000	3.213551
	28.500000	2.501936
	28.520000	2.050985
	28.540000	1.432820
	28.560000	0.664887
	28.580000	0.277717
	28.600000	0.144217
	28.620000	0.093474
	28.640000	0.077173
	28.660000	0.070114
	28.680000	0.066051
	28.700000	0.063810
	28.720000	0.062586
	28.740000	0.061609
	28.760000	0.061095
	28.780000	0.060313
	28.800000	0.060059
	28.820000	0.059591
	28.840000	0.059206
	28.860000	0.058913
	28.880000	0.058360
	28.900000	0.057839
	28.920000	0.057624
	28.940000	0.057122
	28.960000	0.056934
	28.980000	0.056732
	29.000000	0.056595
	29.020000	0.056406
	29.040000	0.056250
	29.060000	0.055800
	29.080000	0.055325
	29.100000	0.054785
	29.120000	0.053925
	29.140000	0.053287
	29.160000	0.052290
	29.180000	0.051170
	29.200000	0.050369
	29.220000	0.049360
	29.240000	0.047517
	29.260000	0.045915
	29.280000	0.043981
	29.300000	0.042984
	29.320000	0.043010
	29.340000	0.041539
	29.360000	0.038061
	29.380000	0.035105
	29.400000	0.033874
	29.420000	0.033587
	29.440000	0.031256
	29.460000	0.027173
	29.480000	0.023018
	29.500000	0.017880
	29.520000	0.014546
	29.540000	0.009700
	29.560000	0.004575
	29.580000	0.002036
	29.600000	0.001111
	29.620000	0.000518
	29.640000	0.000531
	29.660000	0.000460
	29.680000	0.000395
	29.700000	0.000408
	29.720000	0.000609
	29.740000	0.000622
	29.760000	0.000525
	29.780000	0.000453
	29.800000	0.000362
	29.820000	0.000570
	29.840000	0.000642
	29.860000	0.000421
	29.880000	0.000486
	29.900000	0.000401
	29.920000	0.000486
	29.940000	0.000440
	29.960000	0.000375
	29.980000	0.000447
	30.000000	0.000505
	30.020000	0.000525
	30.040000	0.000362
	30.060000	0.000349
	30.080000	0.000629
	30.100000	0.000466
	30.120000	0.000473
	30.140000	0.000408
	30.160000	0.000492
	30.180000	0.000564
	30.200000	0.000518
	30.220000	0.000701
	30.240000	0.000655
	30.260000	0.000740
	30.280000	0.000453
	30.300000	0.000668
	30.320000	0.000583
	30.340000	0.000909
	30.360000	0.000909
	30.380000	0.000968
	30.400000	0.001000
	30.420000	0.001072
	30.440000	0.001293
	30.460000	0.001658
	30.480000	0.001879
	30.500000	0.002016
	30.520000	0.002368
	30.540000	0.002954
	30.560000	0.003429
	30.580000	0.004315
	30.600000	0.005376
	30.620000	0.006881
	30.640000	0.008672
	30.660000	0.010892
	30.680000	0.013829
	30.700000	0.017776
	30.720000	0.023363
	30.740000	0.031093
	30.760000	0.042164
	30.780000	0.059109
	30.800000	0.086460
	30.820000	0.131342
	30.840000	0.192824
	30.860000	0.258402
	30.880000	0.314016
	30.900000	0.365664
	30.920000	0.415515
	30.940000	0.466786
	30.960000	0.518043
	30.980000	0.570200
	31.000000	0.620324
	31.020000	0.672891
	31.040000	0.727365
	31.060000	0.783514
	31.080000	0.841056
	31.100000	0.899099
	31.120000	0.956563
	31.140000	1.013017
	31.160000	1.067094
	31.180000	1.123158
	31.200000	1.181924
	31.220000	1.241915
	31.240000	1.298610
	31.260000	1.356126
	31.280000	1.410522
	31.300000	1.460536
	31.320000	1.505249
	31.340000	1.548353
	31.360000	1.590936
	31.380000	1.631299
	31.400000	1.664635
	31.420000	1.690762
	31.440000	1.714779
	31.460000	1.734251
	31.480000	1.753227
	31.500000	1.771396
	31.520000	1.789161
	31.540000	1.809890
	31.560000	1.825767
	31.580000	1.842672
	31.600000	1.859363
	31.620000	1.872935
	31.640000	1.886089
	31.660000	1.901399
	31.680000	1.911969
	31.700000	1.915557
	31.720000	1.920461
	31.740000	1.927097
	31.760000	1.926237
	31.780000	1.927188
	31.800000	1.921600
	31.820000	1.911721
	31.840000	1.902122
	31.860000	1.893591
	31.880000	1.882501
	31.900000	1.869262
	31.920000	1.859728
	31.940000	1.851047
	31.960000	1.844326
	31.980000	1.836108
	32.000000	1.829557
	32.020000	1.821690
	32.040000	1.811941
	32.060000	1.800870
	32.080000	1.788907
	32.100000	1.767202
	32.120000	1.738581
	32.140000	1.708397
	32.160000	1.673192
	32.180000	1.642689
	32.200000	1.618366
	32.220000	1.573679
	32.240000	1.504363
	32.260000	1.436486
	32.280000	1.394001
	32.300000	1.388498
	32.320000	1.385072
	32.340000	1.304608
	32.360000	1.170964
	32.380000	1.080015
	32.400000	1.057026
	32.420000	1.047577
	32.440000	0.946443
	32.460000	0.804112
	32.480000	0.649232
	32.500000	0.491083
	32.520000	0.411067
	32.540000	0.272045
	32.560000	0.122700
	32.580000	0.048989
	32.600000	0.021305
	32.620000	0.009140
	32.640000	0.004667
	32.660000	0.002908
	32.680000	0.001970
	32.700000	0.001430
	32.720000	0.001183
	32.740000	0.000922
	32.760000	0.000929
	32.780000	0.001000
	32.800000	0.000889
	32.820000	0.001183
	32.840000	0.001508
	32.860000	0.001476
	32.880000	0.001899
	32.900000	0.001938
	32.920000	0.002114
	32.940000	0.002309
	32.960000	0.002322
	32.980000	0.002765
	33.000000	0.002954
	33.020000	0.003006
	33.040000	0.002934
	33.060000	0.003299
	33.080000	0.003709
	33.100000	0.003989
	33.120000	0.004146
	33.140000	0.004295
	33.160000	0.004426
	33.180000	0.004621
	33.200000	0.005051
	33.220000	0.005109
	33.240000	0.005331
	33.260000	0.005572
	33.280000	0.005533
	33.300000	0.005943
	33.320000	0.006015
	33.340000	0.006229
	33.360000	0.006158
	33.380000	0.006171
	33.400000	0.006269
	33.420000	0.006340
	33.440000	0.006503
	33.460000	0.006523
	33.480000	0.006308
	33.500000	0.006399
	33.520000	0.006379
	33.540000	0.006145
	33.560000	0.006321
	33.580000	0.006138
	33.600000	0.006373
	33.620000	0.006197
	33.640000	0.006314
	33.660000	0.006360
	33.680000	0.006490
	33.700000	0.006496
	33.720000	0.006529
	33.740000	0.006588
	33.760000	0.006698
	33.780000	0.006627
	33.800000	0.006483
	33.820000	0.006588
	33.840000	0.006477
	33.860000	0.006470
	33.880000	0.006457
	33.900000	0.006418
	33.920000	0.006425
	33.940000	0.006145
	33.960000	0.006542
	33.980000	0.006262
	34.000000	0.006151
	34.020000	0.005995
	34.040000	0.006164
	34.060000	0.005962
	34.080000	0.006099
	34.100000	0.005709
	34.120000	0.005819
	34.140000	0.005735
	34.160000	0.005539
	34.180000	0.005318
	34.200000	0.005370
	34.220000	0.005012
	34.240000	0.005090
	34.260000	0.004751
	34.280000	0.004452
	34.300000	0.004445
	34.320000	0.004478
	34.340000	0.004458
	34.360000	0.004080
	34.380000	0.003319
	34.400000	0.003038
	34.420000	0.002934
	34.440000	0.002856
	34.460000	0.002420
	34.480000	0.001801
	34.500000	0.001124
	34.520000	0.000570
	34.540000	0.000147
	34.560000	-0.000361
	34.580000	-0.000927
	34.600000	-0.001279
	34.620000	-0.001273
	34.640000	-0.001338
	34.660000	-0.001292
	34.680000	-0.001181
	34.700000	-0.001214
	34.720000	-0.001149
	34.740000	-0.001292
	34.760000	-0.000908
	34.780000	-0.000947
	34.800000	-0.000791
	34.820000	-0.000667
	34.840000	-0.000680
	34.860000	-0.000608
	34.880000	-0.000439
	34.900000	-0.000426
	34.920000	-0.000446
	34.940000	-0.000361
	34.960000	-0.000198
	34.980000	-0.000211
	35.000000	-7.434054E-5
	35.020000	6.892805E-5
	35.040000	6.892805E-5
	35.060000	0.000284
	35.080000	0.000154
	35.100000	0.000336
	35.120000	0.000499
	35.140000	0.000662
	35.160000	0.000525
	35.180000	0.000577
	35.200000	0.000720
	35.220000	0.000831
	35.240000	0.001000
	35.260000	0.001091
	35.280000	0.001104
	35.300000	0.001261
	35.320000	0.001169
	35.340000	0.001280
	35.360000	0.001371
	35.380000	0.001619
	35.400000	0.001423
	35.420000	0.001391
	35.440000	0.001619
	35.460000	0.001703
	35.480000	0.001703
	35.500000	0.001677
	35.520000	0.001593
	35.540000	0.001710
	35.560000	0.001632
	35.580000	0.001677
	35.600000	0.001664
	35.620000	0.001717
	35.640000	0.001638
	35.660000	0.001554
	35.680000	0.001801
	35.700000	0.001677
	35.720000	0.001619
	35.740000	0.001762
	35.760000	0.001645
	35.780000	0.001710
	35.800000	0.001775
	35.820000	0.001703
	35.840000	0.001677
	35.860000	0.001840
	35.880000	0.001743
	35.900000	0.001775
	35.920000	0.001886
	35.940000	0.001762
	35.960000	0.001743
	35.980000	0.001756
	36.000000	0.001756
	36.020000	0.001827
	36.040000	0.001658
	36.060000	0.001638
	36.080000	0.001743
	36.100000	0.001573
	36.120000	0.001430
	36.140000	0.001332
	36.160000	0.001404
	36.180000	0.001319
	36.200000	0.001274
	36.220000	0.001078
	36.240000	0.000994
	36.260000	0.000942
	36.280000	0.000974
	36.300000	0.001085
	36.320000	0.000994
	36.340000	0.000863
	36.360000	0.000544
	36.380000	0.000479
	36.400000	0.000505
	36.420000	0.000414
	36.440000	0.000290
	36.460000	-5.480391E-5
	36.480000	-0.000159
	36.500000	-0.000367
	36.520000	-0.000550
	36.540000	-0.000706
	36.560000	-0.001168
	36.580000	-0.001175
	36.600000	-0.001116
	36.620000	-0.001292
	36.640000	-0.001292
	36.660000	-0.001266
	36.680000	-0.001188
	36.700000	-0.001260
	36.720000	-0.001286
	36.740000	-0.001110
	36.760000	-0.001090
	36.780000	-0.001090
	36.800000	-0.001142
	36.820000	-0.001103
	36.840000	-0.001077
	36.860000	-0.001006
	36.880000	-0.001123
	36.900000	-0.000960
	36.920000	-0.000908
	36.940000	-0.000901
	36.960000	-0.000836
	36.980000	-0.000869
	37.000000	-0.000784
	37.020000	-0.000849
	37.040000	-0.000771
	37.060000	-0.000745
	37.080000	-0.000778
	37.100000	-0.000784
	37.120000	-0.000810
	37.140000	-0.000739
	37.160000	-0.000895
	37.180000	-0.000869
	37.200000	-0.000752
	37.220000	-0.000947
	37.240000	-0.000804
	37.260000	-0.000791
	37.280000	-0.000582
	37.300000	-0.000511
	37.320000	-0.000706
	37.340000	-0.000576
	37.360000	-0.000491
	37.380000	-0.000367
	37.400000	-0.000322
	37.420000	-0.000517
	37.440000	-0.000582
	37.460000	-0.000413
	37.480000	-0.000433
	37.500000	-0.000530
	37.520000	-0.000537
	37.540000	-0.000465
	37.560000	-0.000615
	37.580000	-0.000504
	37.600000	-0.000478
	37.620000	-0.000524
	37.640000	-0.000576
	37.660000	-0.000419
	37.680000	-0.000433
	37.700000	-0.000504
	37.720000	-0.000472
	37.740000	-0.000602
	37.760000	-0.000582
	37.780000	-0.000446
	37.800000	-0.000511
	37.820000	-0.000400
	37.840000	-0.000537
	37.860000	-0.000504
	37.880000	-0.000367
	37.900000	-0.000250
	37.920000	-0.000276
	37.940000	-5.480391E-5
	37.960000	-2.875508E-5
	37.980000	-0.000231
	38.000000	-2.224287E-5
	38.020000	-0.000152
	38.040000	-0.000113
	38.060000	-1.573066E-5
	38.080000	3.805966E-6
	38.100000	-6.782833E-5
	38.120000	5.590363E-5
	38.140000	1.683038E-5
	38.160000	0.000101
	38.180000	8.846468E-5
	38.200000	0.000128
	38.220000	0.000277
	38.240000	0.000336
	38.260000	0.000245
	38.280000	0.000329
	38.300000	0.000414
	38.320000	0.000564
	38.340000	0.000792
	38.360000	0.000922
	38.380000	0.001150
	38.400000	0.001371
	38.420000	0.001606
	38.440000	0.002062
	38.460000	0.002472
	38.480000	0.003019
	38.500000	0.003638
	38.520000	0.004517
	38.540000	0.005767
	38.560000	0.007161
	38.580000	0.009095
	38.600000	0.011583
	38.620000	0.015379
	38.640000	0.021168
	38.660000	0.030194
	38.680000	0.045329
	38.700000	0.068682
	38.720000	0.093018
	38.740000	0.113206
	38.760000	0.131479
	38.780000	0.149622
	38.800000	0.167016
	38.820000	0.184671
	38.840000	0.202599
	38.860000	0.220605
	38.880000	0.239874
	38.900000	0.259405
	38.920000	0.278355
	38.940000	0.299884
	38.960000	0.322085
	38.980000	0.345763
	39.000000	0.369793
	39.020000	0.395848
	39.040000	0.421656
	39.060000	0.447738
	39.080000	0.472881
	39.100000	0.498911
	39.120000	0.525988
	39.140000	0.551601
	39.160000	0.576491
	39.180000	0.601523
	39.200000	0.624212
	39.220000	0.645038
	39.240000	0.663930
	39.260000	0.682620
	39.280000	0.700535
	39.300000	0.717955
	39.320000	0.736111
	39.340000	0.749246
	39.360000	0.762421
	39.380000	0.776318
	39.400000	0.788658
	39.420000	0.798694
	39.440000	0.810937
	39.460000	0.819728
	39.480000	0.827009
	39.500000	0.835852
	39.520000	0.842378
	39.540000	0.847053
	39.560000	0.851762
	39.580000	0.855636
	39.600000	0.859368
	39.620000	0.861953
	39.640000	0.863438
	39.660000	0.866238
	39.680000	0.869429
	39.700000	0.873962
	39.720000	0.877830
	39.740000	0.881223
	39.760000	0.881894
	39.780000	0.879334
	39.800000	0.875460
	39.820000	0.871096
	39.840000	0.867085
	39.860000	0.860950
	39.880000	0.855623
	39.900000	0.852497
	39.920000	0.851977
	39.940000	0.851807
	39.960000	0.852283
	39.980000	0.848024
	40.000000	0.840535
	40.020000	0.831919
	40.040000	0.827621
	40.060000	0.824749
	40.080000	0.820588
	40.100000	0.812447
	40.120000	0.800647
	40.140000	0.785852
	40.160000	0.771023
	40.180000	0.757465
	40.200000	0.740370
	40.220000	0.713227
	40.240000	0.679175
	40.260000	0.648607
	40.280000	0.634423
	40.300000	0.639047
	40.320000	0.642055
	40.340000	0.602279
	40.360000	0.529948
	40.380000	0.476951
	40.400000	0.454074
	40.420000	0.454126
	40.440000	0.439884
	40.460000	0.377979
	40.480000	0.309562
	40.500000	0.241548
	40.520000	0.174687
	40.540000	0.144399
	40.560000	0.094659
	40.580000	0.046182
	40.600000	0.019612
	40.620000	0.009381
	40.640000	0.004354
	40.660000	0.001703
	40.680000	0.000779
	40.700000	0.000303
	40.720000	0.000199
	40.740000	0.000167
	40.760000	5.590363E-5
	40.780000	2.334259E-5
	40.800000	-7.434054E-5
	40.820000	-7.434054E-5
	40.840000	-0.000185
	40.860000	-0.000179
	40.880000	-0.000211
	40.900000	-8.736495E-5
	40.920000	-0.000296
	40.940000	-0.000133
	40.960000	-9.387716E-5
	40.980000	6.241584E-5
	41.000000	-2.706242E-6
	41.020000	5.590363E-5
	41.040000	4.939143E-5
	41.060000	9.497689E-5
	41.080000	-2.224287E-5
	41.100000	0.000160
	41.120000	-9.387716E-5
	41.140000	0.000121
	41.160000	0.000134
	41.180000	0.000167
	41.200000	8.846468E-5
	41.220000	0.000245
	41.240000	-2.706242E-6
	41.260000	3.636701E-5
	41.280000	0.000141
	41.300000	5.590363E-5
	41.320000	7.544026E-5
	41.340000	-4.829170E-5
	41.360000	-6.782833E-5
	41.380000	-9.218451E-6
	41.400000	-8.736495E-5
	41.420000	-0.000185
	41.440000	1.031817E-5
	41.460000	-0.000100
	41.480000	-0.000179
	41.500000	-0.000192
	41.520000	-0.000166
	41.540000	-0.000133
	41.560000	-0.000224
	41.580000	-0.000296
	41.600000	-0.000380
	41.620000	-0.000146
	41.640000	-0.000348
	41.660000	-0.000452
	41.680000	-0.000537
	41.700000	-0.000367
	41.720000	-0.000257
	41.740000	-0.000452
	41.760000	-0.000374
	41.780000	-0.000433
	41.800000	-0.000341
	41.820000	-0.000218
	41.840000	-0.000348
	41.860000	-0.000250
	41.880000	-0.000244
	41.900000	-0.000198
	41.920000	-0.000237
	41.940000	4.939143E-5
	41.960000	-0.000198
	41.980000	-2.875508E-5
	42.000000	0.000101
	42.020000	3.636701E-5
	42.040000	9.497689E-5
	42.060000	0.000336
	42.080000	0.000258
	42.100000	0.000382
	42.120000	0.000629
	42.140000	0.000544
	42.160000	0.000622
	42.180000	0.000792
	42.200000	0.000740
	42.220000	0.000844
	42.240000	0.000961
	42.260000	0.001020
	42.280000	0.001169
	42.300000	0.001098
	42.320000	0.001476
	42.340000	0.001476
	42.360000	0.001847
	42.380000	0.002179
	42.400000	0.002329
	42.420000	0.002863
	42.440000	0.003012
	42.460000	0.003748
	42.480000	0.004517
	42.500000	0.005331
	42.520000	0.006679
	42.540000	0.008268
	42.560000	0.010404
	42.580000	0.013425
	42.600000	0.017170
	42.620000	0.022927
	42.640000	0.031601
	42.660000	0.046983
	42.680000	0.070277
	42.700000	0.095290
	42.720000	0.116761
	42.740000	0.135503
	42.760000	0.152461
	42.780000	0.168624
	42.800000	0.184990
	42.820000	0.202455
	42.840000	0.219954
	42.860000	0.238123
	42.880000	0.256500
	42.900000	0.275047
	42.920000	0.294492
	42.940000	0.315644
	42.960000	0.336281
	42.980000	0.360324
	43.000000	0.386536
	43.020000	0.413874
	43.040000	0.442795
	43.060000	0.472002
	43.080000	0.501190
	43.100000	0.530762
	43.120000	0.557761
	43.140000	0.584800
	43.160000	0.612177
	43.180000	0.637425
	43.200000	0.661169
	43.220000	0.682587
	43.240000	0.705589
	43.260000	0.724780
	43.280000	0.741855
	43.300000	0.761385
	43.320000	0.779776
	43.340000	0.795060
	43.360000	0.811080
	43.380000	0.825622
	43.400000	0.838464
	43.420000	0.853181
	43.440000	0.868374
	43.460000	0.881184
	43.480000	0.891388
	43.500000	0.901215
	43.520000	0.908229
	43.540000	0.912931
	43.560000	0.918850
	43.580000	0.923214
	43.600000	0.926639
	43.620000	0.930436
	43.640000	0.932780
	43.660000	0.933783
	43.680000	0.936108
	43.700000	0.939038
	43.720000	0.944749
	43.740000	0.949809
	43.760000	0.953326
	43.780000	0.954941
	43.800000	0.955429
	43.820000	0.952356
	43.840000	0.948618
	43.860000	0.945485
	43.880000	0.939585
	43.900000	0.934480
	43.920000	0.930605
	43.940000	0.928176
	43.960000	0.929954
	43.980000	0.933001
	44.000000	0.932520
	44.020000	0.928899
	44.040000	0.920120
	44.060000	0.909837
	44.080000	0.903749
	44.100000	0.902772
	44.120000	0.897985
	44.140000	0.888770
	44.160000	0.876410
	44.180000	0.860709
	44.200000	0.842430
	44.220000	0.828005
	44.240000	0.809269
	44.260000	0.775706
	44.280000	0.738071
	44.300000	0.706774
	44.320000	0.693163
	44.340000	0.698881
	44.360000	0.701134
	44.380000	0.657372
	44.400000	0.579942
	44.420000	0.519170
	44.440000	0.488172
	44.460000	0.483216
	44.480000	0.476359
	44.500000	0.420634
	44.520000	0.343464
	44.540000	0.278101
	44.560000	0.200879
	44.580000	0.160790
	44.600000	0.127487
	44.620000	0.078899
	44.640000	0.042053
	44.660000	0.024483
	44.680000	0.017483
	44.700000	0.014018
	44.720000	0.012377
	44.740000	0.011543
	44.760000	0.011309
	44.780000	0.011179
	44.800000	0.011062
	44.820000	0.010977
	44.840000	0.011179
	44.860000	0.011062
	44.880000	0.010912
	44.900000	0.010938
	44.920000	0.011042
	44.940000	0.011094
	44.960000	0.010970
	44.980000	0.011094
	45.000000	0.011179
	45.020000	0.011263
	45.040000	0.011524
	45.060000	0.011394
	45.080000	0.011439
	45.100000	0.011732
	45.120000	0.011517
	45.140000	0.011641
	45.160000	0.011739
	45.180000	0.011609
	45.200000	0.011609
	45.220000	0.011166
	45.240000	0.011309
	45.260000	0.010912
	45.280000	0.010606
	45.300000	0.010345
	45.320000	0.010143
	45.340000	0.010169
	45.360000	0.010267
	45.380000	0.010215
	45.400000	0.009193
	45.420000	0.008346
	45.440000	0.008235
	45.460000	0.007955
	45.480000	0.008118
	45.500000	0.007669
	45.520000	0.006757
	45.540000	0.005956
	45.560000	0.005188
	45.580000	0.004393
	45.600000	0.004347
	45.620000	0.003677
	45.640000	0.003130
	45.660000	0.002732
	45.680000	0.002876
	45.700000	0.002700
	45.720000	0.002778
	45.740000	0.002830
	45.760000	0.002863
	45.780000	0.002706
	45.800000	0.002882
	45.820000	0.002765
	45.840000	0.002791
	45.860000	0.002908
	45.880000	0.002674
	45.900000	0.002765
	45.920000	0.002706
	45.940000	0.002622
	45.960000	0.002622
	45.980000	0.002791
	46.000000	0.002674
	46.020000	0.002765
	46.040000	0.002550
	46.060000	0.002563
	46.080000	0.002589
	46.100000	0.002563
	46.120000	0.002485
	46.140000	0.002693
	46.160000	0.002485
	46.180000	0.002309
	46.200000	0.002433
	46.220000	0.002361
	46.240000	0.002192
	46.260000	0.002120
	46.280000	0.001970
	46.300000	0.001814
	46.320000	0.001977
	46.340000	0.001658
	46.360000	0.001690
	46.380000	0.001827
	46.400000	0.001365
	46.420000	0.001156
	46.440000	0.000870
	46.460000	0.000909
	46.480000	0.000596
	46.500000	0.000753
	46.520000	0.000362
	46.540000	0.000134
	46.560000	-0.000185
	46.580000	-0.000706
	46.600000	-0.000524
	46.620000	-0.000654
	46.640000	-0.000934
	46.660000	-0.001136
	46.680000	-0.001279
	46.700000	-0.001149
	46.720000	-0.001162
	46.740000	-0.001084
	46.760000	-0.001110
	46.780000	-0.001286
	46.800000	-0.001058
	46.820000	-0.001149
	46.840000	-0.001038
	46.860000	-0.000934
	46.880000	-0.001064
	46.900000	-0.001058
	46.920000	-0.000993
	46.940000	-0.001051
	46.960000	-0.000914
	46.980000	-0.001149
	47.000000	-0.001273
	47.020000	-0.001032
	47.040000	-0.000967
	47.060000	-0.001227
	47.080000	-0.001051
	47.100000	-0.001058
	47.120000	-0.001220
	47.140000	-0.001006
	47.160000	-0.001045
	47.180000	-0.001181
	47.200000	-0.001077
	47.220000	-0.001012
	47.240000	-0.001220
	47.260000	-0.000934
	47.280000	-0.000967
	47.300000	-0.001025
	47.320000	-0.001077
	47.340000	-0.000960
	47.360000	-0.000960
	47.380000	-0.000999
	47.400000	-0.000927
	47.420000	-0.000934
	47.440000	-0.000875
	47.460000	-0.000823
	47.480000	-0.000856
	47.500000	-0.000927
	47.520000	-0.001097
	47.540000	-0.000953
	47.560000	-0.001012
	47.580000	-0.001123
	47.600000	-0.000927
	47.620000	-0.001136
	47.640000	-0.000947
	47.660000	-0.001012
	47.680000	-0.001032
	47.700000	-0.000986
	47.720000	-0.001032
	47.740000	-0.001077
	47.760000	-0.000993
	47.780000	-0.001136
	47.800000	-0.001025
	47.820000	-0.001006
	47.840000	-0.001006
	47.860000	-0.000830
	47.880000	-0.001136
	47.900000	-0.001006
	47.920000	-0.000836
	47.940000	-0.000901
	47.960000	-0.000830
	47.980000	-0.000980
	48.000000	-0.000940
	48.020000	-0.000927
	48.040000	-0.000953
	48.060000	-0.000927
	48.080000	-0.001084
	48.100000	-0.001103
	48.120000	-0.001097
	48.140000	-0.000927
	48.160000	-0.001168
	48.180000	-0.001038
	48.200000	-0.001038
	48.220000	-0.000888
	48.240000	-0.001168
	48.260000	-0.001051
	48.280000	-0.001071
	48.300000	-0.001012
	48.320000	-0.001045
	48.340000	-0.001097
	48.360000	-0.001103
	48.380000	-0.001038
	48.400000	-0.001097
	48.420000	-0.000908
	48.440000	-0.000908
	48.460000	-0.001090
	48.480000	-0.001032
	48.500000	-0.000980
	48.520000	-0.001051
	48.540000	-0.001077
	48.560000	-0.001123
	48.580000	-0.001110
	48.600000	-0.001149
	48.620000	-0.001090
	48.640000	-0.001181
	48.660000	-0.001253
	48.680000	-0.001129
	48.700000	-0.001240
	48.720000	-0.001266
	48.740000	-0.001201
	48.760000	-0.001305
	48.780000	-0.001286
	48.800000	-0.001097
	48.820000	-0.001194
	48.840000	-0.001038
	48.860000	-0.001103
	48.880000	-0.001058
	48.900000	-0.001227
	48.920000	-0.001123
	48.940000	-0.001240
	48.960000	-0.000980
	48.980000	-0.001110
	49.000000	-0.001032
	49.020000	-0.001038
	49.040000	-0.000993
	49.060000	-0.001181
	49.080000	-0.001012
	49.100000	-0.001025
	49.120000	-0.001247
	49.140000	-0.000967
	49.160000	-0.001090
	49.180000	-0.001038
	49.200000	-0.001064
	49.220000	-0.001058
	49.240000	-0.001155
	49.260000	-0.001012
	49.280000	-0.001051
	49.300000	-0.001064
	49.320000	-0.001090
	49.340000	-0.001247
	49.360000	-0.001103
	49.380000	-0.000914
	49.400000	-0.001012
	49.420000	-0.001234
	49.440000	-0.001058
	49.460000	-0.001051
	49.480000	-0.001045
	49.500000	-0.000999
	49.520000	-0.001071
	49.540000	-0.001012
	49.560000	-0.000888
	49.580000	-0.001149
	49.600000	-0.000993
	49.620000	-0.001032
	49.640000	-0.001045
	49.660000	-0.001136
	49.680000	-0.000973
	49.700000	-0.001149
	49.720000	-0.001103
	49.740000	-0.001051
	49.760000	-0.001116
	49.780000	-0.001019
	49.800000	-0.000901
	49.820000	-0.001168
	49.840000	-0.001168
	49.860000	-0.001110
	49.880000	-0.001207
	49.900000	-0.001097
	49.920000	-0.000823
	49.940000	-0.001097
	49.960000	-0.001045
	49.980000	-0.000895
	50.000000	-0.000973
