	0.000000	0.223392
	0.020000	0.223040
	0.040000	0.223099
	0.060000	0.222604
	0.080000	0.222435
	0.100000	0.223106
	0.120000	0.223125
	0.140000	0.222637
	0.160000	0.222969
	0.180000	0.222572
	0.200000	0.221894
	0.220000	0.222109
	0.240000	0.221621
	0.260000	0.221451
	0.280000	0.223190
	0.300000	0.222064
	0.320000	0.221718
	0.340000	0.221562
	0.360000	0.221712
	0.380000	0.221758
	0.400000	0.221914
	0.420000	0.222754
	0.440000	0.222422
	0.460000	0.222884
	0.480000	0.223125
	0.500000	0.222786
	0.520000	0.223014
	0.540000	0.223353
	0.560000	0.223333
	0.580000	0.222956
	0.600000	0.223210
	0.620000	0.223255
	0.640000	0.223281
	0.660000	0.223848
	0.680000	0.223001
	0.700000	0.222930
	0.720000	0.223464
	0.740000	0.222415
	0.760000	0.222552
	0.780000	0.222559
	0.800000	0.221920
	0.820000	0.222226
	0.840000	0.304723
	0.860000	0.407844
	0.880000	0.516155
	0.900000	0.683161
	0.920000	0.837083
	0.940000	1.055047
	0.960000	1.376561
	0.980000	2.073165
	1.000000	3.039831
	1.020000	4.511877
	1.040000	5.611639
	1.060000	6.528734
	1.080000	7.395952
	1.100000	7.488777
	1.120000	6.360738
	1.140000	4.309171
	1.160000	2.854077
	1.180000	2.026024
	1.200000	1.541183
	1.220000	1.215468
	1.240000	0.988915
	1.260000	0.839694
	1.280000	0.744818
	1.300000	0.659801
	1.320000	0.566429
	1.340000	0.475721
	1.360000	0.400062
	1.380000	0.342631
	1.400000	0.294128
	1.420000	0.256396
	1.440000	0.226915
	1.460000	0.202892
	1.480000	0.181616
	1.500000	0.161129
	1.520000	0.136363
	1.540000	0.120903
	1.560000	0.104968
	1.580000	0.090152
	1.600000	0.077056
	1.620000	0.063986
	1.640000	0.050734
	1.660000	0.039565
	1.680000	0.033665
	1.700000	0.029686
	1.720000	0.026873
	1.740000	0.024711
	1.760000	0.022797
	1.780000	0.021025
	1.800000	0.019755
	1.820000	0.018368
	1.840000	0.017489
	1.860000	0.016252
	1.880000	0.015685
	1.900000	0.015001
	1.920000	0.014526
	1.940000	0.013933
	1.960000	0.013380
	1.980000	0.012742
	2.000000	0.012442
	2.020000	0.011889
	2.040000	0.011771
	2.060000	0.011426
	2.080000	0.011224
	2.100000	0.011166
	2.120000	0.010996
	2.140000	0.010931
	2.160000	0.010664
	2.180000	0.010599
	2.200000	0.010384
	2.220000	0.010254
	2.240000	0.010007
	2.260000	0.009954
	2.280000	0.009564
	2.300000	0.009199
	2.320000	0.008854
	2.340000	0.008502
	2.360000	0.008190
	2.380000	0.007916
	2.400000	0.007604
	2.420000	0.007389
	2.440000	0.007187
	2.460000	0.006900
	2.480000	0.006536
	2.500000	0.005995
	2.520000	0.005363
	2.540000	0.005005
	2.560000	0.004569
	2.580000	0.003905
	2.600000	0.002960
	2.620000	0.001176
	2.640000	-0.000120
	2.660000	-0.000517
	2.680000	-0.000595
	2.700000	-0.000758
	2.720000	-0.000765
	2.740000	-0.000745
	2.760000	-0.000647
	2.780000	-0.000830
	2.800000	-0.000739
	2.820000	-0.000726
	2.840000	-0.000713
	2.860000	-0.000647
	2.880000	-0.000615
	2.900000	-0.000478
	2.920000	-0.000446
	2.940000	-0.000433
	2.960000	-0.000413
	2.980000	-0.000250
	3.000000	-0.000296
	3.020000	-0.000309
	3.040000	-0.000172
	3.060000	-0.000237
	3.080000	-2.224287E-5
	3.100000	0.000232
	3.120000	0.000232
	3.140000	0.000427
	3.160000	0.000486
	3.180000	0.000811
	3.200000	0.001130
	3.220000	0.001300
	3.240000	0.001814
	3.260000	0.002185
	3.280000	0.002641
	3.300000	0.003423
	3.320000	0.004185
	3.340000	0.005331
	3.360000	0.006835
	3.380000	0.009284
	3.400000	0.012051
	3.420000	0.016636
	3.440000	0.024477
	3.460000	0.036303
	3.480000	0.050206
	3.500000	0.063016
	3.520000	0.073142
	3.540000	0.080150
	3.560000	0.085066
	3.580000	0.088843
	3.600000	0.091552
	3.620000	0.093623
	3.640000	0.095688
	3.660000	0.098078
	3.680000	0.100162
	3.700000	0.101451
	3.720000	0.103177
	3.740000	0.103600
	3.760000	0.104395
	3.780000	0.105182
	3.800000	0.106732
	3.820000	0.109181
	3.840000	0.112033
	3.860000	0.112815
	3.880000	0.112541
	3.900000	0.113336
	3.920000	0.114130
	3.940000	0.115856
	3.960000	0.116423
	3.980000	0.117302
	4.000000	0.118012
	4.020000	0.117901
	4.040000	0.117171
	4.060000	0.117061
	4.080000	0.116729
	4.100000	0.115478
	4.120000	0.114645
	4.140000	0.114599
	4.160000	0.114013
	4.180000	0.112326
	4.200000	0.109565
	4.220000	0.107091
	4.240000	0.105795
	4.260000	0.104668
	4.280000	0.102259
	4.300000	0.099588
	4.320000	0.097264
	4.340000	0.096033
	4.360000	0.095460
	4.380000	0.092568
	4.400000	0.088264
	4.420000	0.083770
	4.440000	0.080410
	4.460000	0.077128
	4.480000	0.072315
	4.500000	0.067334
	4.520000	0.061466
	4.540000	0.054622
	4.560000	0.045303
	4.580000	0.028110
	4.600000	0.008157
	4.620000	0.001944
	4.640000	1.031817E-5
	4.660000	-0.000660
	4.680000	-0.001142
	4.700000	-0.001084
	4.720000	-0.001279
	4.740000	-0.001377
	4.760000	-0.001396
	4.780000	-0.001299
	4.800000	-0.001364
	4.820000	-0.001409
	4.840000	-0.001455
	4.860000	-0.001188
	4.880000	-0.001357
	4.900000	-0.001370
	4.920000	-0.001481
	4.940000	-0.001390
	4.960000	-0.001312
	4.980000	-0.001357
	5.000000	-0.001318
	5.020000	-0.001435
	5.040000	-0.001370
	5.060000	-0.001253
	5.080000	-0.001247
	5.100000	-0.001247
	5.120000	-0.001357
	5.140000	-0.001129
	5.160000	-0.001351
	5.180000	-0.001318
	5.200000	-0.001383
	5.220000	-0.001383
	5.240000	-0.001435
	5.260000	-0.001273
	5.280000	-0.001370
	5.300000	-0.001396
	5.320000	-0.001286
	5.340000	-0.001351
	5.360000	-0.001403
	5.380000	-0.001409
	5.400000	-0.001338
	5.420000	-0.001214
	5.440000	-0.001279
	5.460000	-0.001234
	5.480000	-0.001175
	5.500000	-0.001071
	5.520000	-0.001129
	5.540000	-0.000953
	5.560000	-0.001064
	5.580000	-0.000999
	5.600000	-0.000973
	5.620000	-0.000973
	5.640000	-0.001090
	5.660000	-0.001084
	5.680000	-0.001012
	5.700000	-0.000843
	5.720000	-0.000934
	5.740000	-0.000973
	5.760000	-0.000980
	5.780000	-0.000973
	5.800000	-0.000934
	5.820000	-0.001058
	5.840000	-0.001110
	5.860000	-0.000960
	5.880000	-0.001032
	5.900000	-0.000914
	5.920000	-0.000862
	5.940000	-0.001012
	5.960000	-0.000993
	5.980000	-0.000869
	6.000000	-0.000947
	6.020000	-0.000914
	6.040000	-0.000882
	6.060000	-0.001038
	6.080000	-0.000706
	6.100000	-0.000680
	6.120000	-0.000817
	6.140000	-0.000901
	6.160000	-0.000686
	6.180000	-0.000830
	6.200000	-0.000628
	6.220000	-0.000660
	6.240000	-0.000660
	6.260000	-0.000615
	6.280000	-0.000739
	6.300000	-0.000419
	6.320000	-0.000257
	6.340000	-8.085274E-5
	6.360000	0.000108
	6.380000	0.000538
	6.400000	0.001222
	6.420000	0.001951
	6.440000	0.003182
	6.460000	0.004152
	6.480000	0.004947
	6.500000	0.005682
	6.520000	0.006151
	6.540000	0.006620
	6.560000	0.006920
	6.580000	0.007180
	6.600000	0.007643
	6.620000	0.007858
	6.640000	0.008274
	6.660000	0.008802
	6.680000	0.009075
	6.700000	0.009551
	6.720000	0.009935
	6.740000	0.010111
	6.760000	0.010130
	6.780000	0.010130
	6.800000	0.010078
	6.820000	0.009922
	6.840000	0.009785
	6.860000	0.009648
	6.880000	0.009420
	6.900000	0.009258
	6.920000	0.009284
	6.940000	0.009323
	6.960000	0.009401
	6.980000	0.009420
	7.000000	0.009818
	7.020000	0.009805
	7.040000	0.009915
	7.060000	0.010371
	7.080000	0.010449
	7.100000	0.010352
	7.120000	0.010169
	7.140000	0.009648
	7.160000	0.009297
	7.180000	0.008880
	7.200000	0.008769
	7.220000	0.008802
	7.240000	0.009036
	7.260000	0.009134
	7.280000	0.009127
	7.300000	0.009095
	7.320000	0.008867
	7.340000	0.008313
	7.360000	0.007910
	7.380000	0.007701
	7.400000	0.007994
	7.420000	0.008580
	7.440000	0.008893
	7.460000	0.008893
	7.480000	0.008261
	7.500000	0.007395
	7.520000	0.007167
	7.540000	0.006959
	7.560000	0.005611
	7.580000	0.003866
	7.600000	0.003260
	7.620000	0.003214
	7.640000	0.003208
	7.660000	0.003345
	7.680000	0.003403
	7.700000	0.003488
	7.720000	0.003429
	7.740000	0.003833
	7.760000	0.003800
	7.780000	0.003677
	7.800000	0.003905
	7.820000	0.003735
	7.840000	0.003703
	7.860000	0.003683
	7.880000	0.003664
	7.900000	0.003527
	7.920000	0.003377
	7.940000	0.003481
	7.960000	0.003540
	7.980000	0.003631
	8.000000	0.003670
	8.020000	0.003651
	8.040000	0.003774
	8.060000	0.003924
	8.080000	0.003612
	8.100000	0.003527
	8.120000	0.003384
	8.140000	0.003143
	8.160000	0.003156
	8.180000	0.002986
	8.200000	0.002908
	8.220000	0.002993
	8.240000	0.002902
	8.260000	0.003012
	8.280000	0.002967
	8.300000	0.002967
	8.320000	0.002758
	8.340000	0.002472
	8.360000	0.002270
	8.380000	0.002068
	8.400000	0.001964
	8.420000	0.002127
	8.440000	0.001938
	8.460000	0.001658
	8.480000	0.001319
	8.500000	0.000870
	8.520000	0.000701
	8.540000	0.000492
	8.560000	-0.000166
	8.580000	-0.000947
	8.600000	-0.001286
	8.620000	-0.001201
	8.640000	-0.001253
	8.660000	-0.001396
	8.680000	-0.001325
	8.700000	-0.001292
	8.720000	-0.001396
	8.740000	-0.001253
	8.760000	-0.001260
	8.780000	-0.001370
	8.800000	-0.001299
	8.820000	-0.001377
	8.840000	-0.001370
	8.860000	-0.001286
	8.880000	-0.001299
	8.900000	-0.001240
	8.920000	-0.001331
	8.940000	-0.001318
	8.960000	-0.001338
	8.980000	-0.001331
	9.000000	-0.001396
	9.020000	-0.001396
	9.040000	-0.001370
	9.060000	-0.001396
	9.080000	-0.001416
	9.100000	-0.001435
	9.120000	-0.001357
	9.140000	-0.001377
	9.160000	-0.001318
	9.180000	-0.001344
	9.200000	-0.001390
	9.220000	-0.001403
	9.240000	-0.001253
	9.260000	-0.001364
	9.280000	-0.001305
	9.300000	-0.001344
	9.320000	-0.001286
	9.340000	-0.001429
	9.360000	-0.001292
	9.380000	-0.001455
	9.400000	-0.001383
	9.420000	-0.001266
	9.440000	-0.001305
	9.460000	-0.001318
	9.480000	-0.001273
	9.500000	-0.001305
	9.520000	-0.001357
	9.540000	-0.001390
	9.560000	-0.001338
	9.580000	-0.001344
	9.600000	-0.001357
	9.620000	-0.001338
	9.640000	-0.001533
	9.660000	-0.001540
	9.680000	-0.001318
	9.700000	-0.001383
	9.720000	-0.001422
	9.740000	-0.001344
	9.760000	-0.001312
	9.780000	-0.001403
	9.800000	-0.001273
	9.820000	-0.001149
	9.840000	-0.001305
	9.860000	-0.001357
	9.880000	-0.001286
	9.900000	-0.001312
	9.920000	-0.001351
	9.940000	-0.001227
	9.960000	-0.001318
	9.980000	-0.001403
	10.000000	-0.001474
	10.020000	-0.001305
	10.040000	-0.001461
	10.060000	-0.001435
	10.080000	-0.001396
	10.100000	-0.001299
	10.120000	-0.001409
	10.140000	-0.001351
	10.160000	-0.001305
	10.180000	-0.001338
	10.200000	-0.001390
	10.220000	-0.001286
	10.240000	-0.001501
	10.260000	-0.001260
	10.280000	-0.001507
	10.300000	-0.001253
	10.320000	-0.001448
	10.340000	-0.001201
	10.360000	-0.001266
	10.380000	-0.001338
	10.400000	-0.001286
	10.420000	-0.001299
	10.440000	-0.001279
	10.460000	-0.001422
	10.480000	-0.001396
	10.500000	-0.001331
	10.520000	-0.001227
	10.540000	-0.001253
	10.560000	-0.001299
	10.580000	-0.001351
	10.600000	-0.001279
	10.620000	-0.001416
	10.640000	-0.001279
	10.660000	-0.001390
	10.680000	-0.001260
	10.700000	-0.001383
	10.720000	-0.001286
	10.740000	-0.001299
	10.760000	-0.001162
	10.780000	-0.001299
	10.800000	-0.001136
	10.820000	-0.001045
	10.840000	-0.001071
	10.860000	-0.001077
	10.880000	-0.001032
	10.900000	-0.000882
	10.920000	-0.000901
	10.940000	-0.000680
	10.960000	-0.000582
	10.980000	-0.000641
	11.000000	-0.000348
	11.020000	-0.000374
	11.040000	-6.131612E-5
	11.060000	0.000251
	11.080000	0.000583
	11.100000	0.001222
	11.120000	0.001899
	11.140000	0.002680
	11.160000	0.003839
	11.180000	0.005507
	11.200000	0.008183
	11.220000	0.012279
	11.240000	0.019462
	11.260000	0.029719
	11.280000	0.040139
	11.300000	0.048937
	11.320000	0.057396
	11.340000	0.065745
	11.360000	0.074106
	11.380000	0.081739
	11.400000	0.089071
	11.420000	0.095662
	11.440000	0.101627
	11.460000	0.106784
	11.480000	0.111486
	11.500000	0.115667
	11.520000	0.118383
	11.540000	0.120551
	11.560000	0.122336
	11.580000	0.124218
	11.600000	0.126191
	11.620000	0.128086
	11.640000	0.129467
	11.660000	0.130548
	11.680000	0.132553
	11.700000	0.134103
	11.720000	0.135275
	11.740000	0.136786
	11.760000	0.138479
	11.780000	0.139951
	11.800000	0.140850
	11.820000	0.141006
	11.840000	0.140531
	11.860000	0.140668
	11.880000	0.140518
	11.900000	0.139469
	11.920000	0.139118
	11.940000	0.138707
	11.960000	0.138655
	11.980000	0.138727
	12.000000	0.138388
	12.020000	0.138147
	12.040000	0.137633
	12.060000	0.137854
	12.080000	0.137424
	12.100000	0.134624
	12.120000	0.131296
	12.140000	0.127904
	12.160000	0.124641
	12.180000	0.122791
	12.200000	0.121899
	12.220000	0.121157
	12.240000	0.120655
	12.260000	0.119789
	12.280000	0.118077
	12.300000	0.114938
	12.320000	0.110255
	12.340000	0.103294
	12.360000	0.096150
	12.380000	0.091787
	12.400000	0.091018
	12.420000	0.089605
	12.440000	0.085086
	12.460000	0.078150
	12.480000	0.069157
	12.500000	0.061674
	12.520000	0.054739
	12.540000	0.043330
	12.560000	0.021090
	12.580000	0.007304
	12.600000	0.003716
	12.620000	0.002596
	12.640000	0.002198
	12.660000	0.002192
	12.680000	0.002237
	12.700000	0.002446
	12.720000	0.002635
	12.740000	0.002973
	12.760000	0.003364
	12.780000	0.003826
	12.800000	0.004120
	12.820000	0.004771
	12.840000	0.005142
	12.860000	0.006184
	12.880000	0.007330
	12.900000	0.008405
	12.920000	0.009941
	12.940000	0.011830
	12.960000	0.014025
	12.980000	0.016805
	13.000000	0.020381
	13.020000	0.024503
	13.040000	0.029947
	13.060000	0.038022
	13.080000	0.048240
	13.100000	0.061160
	13.120000	0.080130
	13.140000	0.108152
	13.160000	0.151543
	13.180000	0.225951
	13.200000	0.330199
	13.220000	0.444189
	13.240000	0.556068
	13.260000	0.664132
	13.280000	0.764609
	13.300000	0.855304
	13.320000	0.939637
	13.340000	1.022193
	13.360000	1.103328
	13.380000	1.178570
	13.400000	1.246506
	13.420000	1.307870
	13.440000	1.368193
	13.460000	1.417757
	13.480000	1.451289
	13.500000	1.475976
	13.520000	1.500788
	13.540000	1.530269
	13.560000	1.551075
	13.580000	1.571628
	13.600000	1.594622
	13.620000	1.616073
	13.640000	1.638775
	13.660000	1.664681
	13.680000	1.684894
	13.700000	1.707043
	13.720000	1.735423
	13.740000	1.755311
	13.760000	1.766818
	13.780000	1.776482
	13.800000	1.781327
	13.820000	1.782330
	13.840000	1.778989
	13.860000	1.773278
	13.880000	1.764819
	13.900000	1.760000
	13.920000	1.756600
	13.940000	1.757506
	13.960000	1.755233
	13.980000	1.747008
	14.000000	1.741232
	14.020000	1.739551
	14.040000	1.741896
	14.060000	1.736953
	14.080000	1.717091
	14.100000	1.678923
	14.120000	1.636672
	14.140000	1.594883
	14.160000	1.567069
	14.180000	1.554012
	14.200000	1.544576
	14.220000	1.534788
	14.240000	1.531962
	14.260000	1.515056
	14.280000	1.476569
	14.300000	1.422322
	14.320000	1.352505
	14.340000	1.269702
	14.360000	1.195098
	14.380000	1.157262
	14.400000	1.144928
	14.420000	1.111944
	14.440000	1.063011
	14.460000	0.970518
	14.480000	0.849424
	14.500000	0.758871
	14.520000	0.680237
	14.540000	0.538062
	14.560000	0.266229
	14.580000	0.092633
	14.600000	0.037377
	14.620000	0.021976
	14.640000	0.016024
	14.660000	0.013308
	14.680000	0.011973
	14.700000	0.011185
	14.720000	0.010827
	14.740000	0.010742
	14.760000	0.010905
	14.780000	0.010840
	14.800000	0.011140
	14.820000	0.011511
	14.840000	0.011719
	14.860000	0.012175
	14.880000	0.012677
	14.900000	0.013836
	14.920000	0.015067
	14.940000	0.016714
	14.960000	0.019052
	14.980000	0.021787
	15.000000	0.024718
	15.020000	0.029517
	15.040000	0.036368
	15.060000	0.046169
	15.080000	0.061772
	15.100000	0.087222
	15.120000	0.128652
	15.140000	0.180079
	15.160000	0.229045
	15.180000	0.271569
	15.200000	0.314439
	15.220000	0.358553
	15.240000	0.400824
	15.260000	0.442990
	15.280000	0.484551
	15.300000	0.522478
	15.320000	0.556693
	15.340000	0.587972
	15.360000	0.618442
	15.380000	0.649890
	15.400000	0.677671
	15.420000	0.699382
	15.440000	0.717258
	15.460000	0.730420
	15.480000	0.742904
	15.500000	0.754411
	15.520000	0.763645
	15.540000	0.773316
	15.560000	0.782921
	15.580000	0.791198
	15.600000	0.798954
	15.620000	0.809081
	15.640000	0.821382
	15.660000	0.833912
	15.680000	0.847991
	15.700000	0.859101
	15.720000	0.869839
	15.740000	0.873740
	15.760000	0.874659
	15.780000	0.879751
	15.800000	0.882232
	15.820000	0.878865
	15.840000	0.875206
	15.860000	0.868915
	15.880000	0.863210
	15.900000	0.861816
	15.920000	0.858801
	15.940000	0.854640
	15.960000	0.850752
	15.980000	0.848317
	16.000000	0.848395
	16.020000	0.852185
	16.040000	0.852784
	16.060000	0.842684
	16.080000	0.826891
	16.100000	0.810617
	16.120000	0.795718
	16.140000	0.783761
	16.160000	0.777750
	16.180000	0.771981
	16.200000	0.767533
	16.220000	0.767917
	16.240000	0.761607
	16.260000	0.745515
	16.280000	0.725197
	16.300000	0.694121
	16.320000	0.653738
	16.340000	0.620279
	16.360000	0.601224
	16.380000	0.589893
	16.400000	0.576119
	16.420000	0.558836
	16.440000	0.530462
	16.460000	0.474841
	16.480000	0.421539
	16.500000	0.378878
	16.520000	0.335044
	16.540000	0.236573
	16.560000	0.126009
	16.580000	0.076620
	16.600000	0.062716
	16.620000	0.058431
	16.640000	0.057285
	16.660000	0.057077
	16.680000	0.057272
	16.700000	0.057533
	16.720000	0.057962
	16.740000	0.057975
	16.760000	0.058093
	16.780000	0.058542
	16.800000	0.058829
	16.820000	0.058718
	16.840000	0.058829
	16.860000	0.058887
	16.880000	0.059174
	16.900000	0.059161
	16.920000	0.059200
	16.940000	0.059734
	16.960000	0.059988
	16.980000	0.060567
	17.000000	0.062143
	17.020000	0.063810
	17.040000	0.066936
	17.060000	0.072608
	17.080000	0.081921
	17.100000	0.092979
	17.120000	0.103489
	17.140000	0.113316
	17.160000	0.122739
	17.180000	0.131642
	17.200000	0.139945
	17.220000	0.149140
	17.240000	0.157808
	17.260000	0.165857
	17.280000	0.173483
	17.300000	0.180633
	17.320000	0.185322
	17.340000	0.190128
	17.360000	0.195507
	17.380000	0.199258
	17.400000	0.202592
	17.420000	0.207086
	17.440000	0.210693
	17.460000	0.212334
	17.480000	0.212067
	17.500000	0.211638
	17.520000	0.211260
	17.540000	0.209534
	17.560000	0.203562
	17.580000	0.200873
	17.600000	0.201277
	17.620000	0.202885
	17.640000	0.205314
	17.660000	0.208095
	17.680000	0.210088
	17.700000	0.212048
	17.720000	0.213428
	17.740000	0.214288
	17.760000	0.214822
	17.780000	0.215506
	17.800000	0.215395
	17.820000	0.215102
	17.840000	0.214978
	17.860000	0.215050
	17.880000	0.214920
	17.900000	0.214080
	17.920000	0.213220
	17.940000	0.211286
	17.960000	0.209072
	17.980000	0.207196
	18.000000	0.205777
	18.020000	0.205106
	18.040000	0.205028
	18.060000	0.204214
	18.080000	0.202638
	18.100000	0.199753
	18.120000	0.196731
	18.140000	0.194146
	18.160000	0.191398
	18.180000	0.188122
	18.200000	0.185354
	18.220000	0.182541
	18.240000	0.180105
	18.260000	0.176133
	18.280000	0.171249
	18.300000	0.166690
	18.320000	0.159839
	18.340000	0.153503
	18.360000	0.148756
	18.380000	0.142237
	18.400000	0.134474
	18.420000	0.128978
	18.440000	0.127168
	18.460000	0.119692
	18.480000	0.105391
	18.500000	0.090426
	18.520000	0.076099
	18.540000	0.060502
	18.560000	0.031269
	18.580000	0.010651
	18.600000	0.002954
	18.620000	0.000779
	18.640000	0.000323
	18.660000	-9.387716E-5
	18.680000	-0.000113
	18.700000	-4.177949E-5
	18.720000	2.334259E-5
	18.740000	0.000101
	18.760000	0.000375
	18.780000	0.000701
	18.800000	0.000968
	18.820000	0.001345
	18.840000	0.001814
	18.860000	0.002355
	18.880000	0.003449
	18.900000	0.004712
	18.920000	0.006653
	18.940000	0.009368
	18.960000	0.014051
	18.980000	0.021611
	19.000000	0.033848
	19.020000	0.046267
	19.040000	0.058015
	19.060000	0.069619
	19.080000	0.081042
	19.100000	0.092347
	19.120000	0.103476
	19.140000	0.113687
	19.160000	0.123710
	19.180000	0.133289
	19.200000	0.142537
	19.220000	0.150579
	19.240000	0.158283
	19.260000	0.166000
	19.280000	0.173300
	19.300000	0.179956
	19.320000	0.186422
	19.340000	0.191899
	19.360000	0.197858
	19.380000	0.202696
	19.400000	0.206747
	19.420000	0.211475
	19.440000	0.216294
	19.460000	0.220716
	19.480000	0.223926
	19.500000	0.226668
	19.520000	0.229110
	19.540000	0.231083
	19.560000	0.233584
	19.580000	0.235446
	19.600000	0.238429
	19.620000	0.241281
	19.640000	0.243893
	19.660000	0.245768
	19.680000	0.247565
	19.700000	0.248073
	19.720000	0.250737
	19.740000	0.252033
	19.760000	0.251434
	19.780000	0.251004
	19.800000	0.250600
	19.820000	0.250379
	19.840000	0.249317
	19.860000	0.249193
	19.880000	0.248178
	19.900000	0.245722
	19.920000	0.243339
	19.940000	0.241516
	19.960000	0.240389
	19.980000	0.238058
	20.000000	0.236534
	20.020000	0.235485
	20.040000	0.233226
	20.060000	0.231884
	20.080000	0.229559
	20.100000	0.226166
	20.120000	0.223171
	20.140000	0.219035
	20.160000	0.215043
	20.180000	0.211859
	20.200000	0.209365
	20.220000	0.206525
	20.240000	0.202338
	20.260000	0.196731
	20.280000	0.189880
	20.300000	0.183922
	20.320000	0.180340
	20.340000	0.172669
	20.360000	0.161389
	20.380000	0.153978
	20.400000	0.152500
	20.420000	0.149107
	20.440000	0.134461
	20.460000	0.116787
	20.480000	0.099230
	20.500000	0.083074
	20.520000	0.056302
	20.540000	0.022784
	20.560000	0.007734
	20.580000	0.001703
	20.600000	0.000264
	20.620000	-0.000478
	20.640000	-0.000836
	20.660000	-0.001051
	20.680000	-0.001012
	20.700000	-0.001162
	20.720000	-0.001025
	20.740000	-0.001181
	20.760000	-0.001194
	20.780000	-0.001058
	20.800000	-0.001071
	20.820000	-0.000901
	20.840000	-0.000771
	20.860000	-0.000660
	20.880000	-0.000387
	20.900000	-0.000146
	20.920000	0.000245
	20.940000	0.001345
	20.960000	0.002687
	20.980000	0.004093
	21.000000	0.005455
	21.020000	0.006829
	21.040000	0.007962
	21.060000	0.009101
	21.080000	0.010117
	21.100000	0.011374
	21.120000	0.012423
	21.140000	0.013380
	21.160000	0.014500
	21.180000	0.015399
	21.200000	0.016141
	21.220000	0.017079
	21.240000	0.017919
	21.260000	0.018557
	21.280000	0.019560
	21.300000	0.020140
	21.320000	0.020856
	21.340000	0.021624
	21.360000	0.022334
	21.380000	0.022458
	21.400000	0.022855
	21.420000	0.023624
	21.440000	0.024158
	21.460000	0.024581
	21.480000	0.024809
	21.500000	0.025128
	21.520000	0.025304
	21.540000	0.025707
	21.560000	0.025870
	21.580000	0.026066
	21.600000	0.026326
	21.620000	0.026632
	21.640000	0.027010
	21.660000	0.027179
	21.680000	0.027147
	21.700000	0.027381
	21.720000	0.027635
	21.740000	0.027583
	21.760000	0.027870
	21.780000	0.028039
	21.800000	0.027752
	21.820000	0.027576
	21.840000	0.027655
	21.860000	0.027550
	21.880000	0.027544
	21.900000	0.026997
	21.920000	0.026977
	21.940000	0.026723
	21.960000	0.026697
	21.980000	0.026678
	22.000000	0.026294
	22.020000	0.026150
	22.040000	0.025825
	22.060000	0.025812
	22.080000	0.025525
	22.100000	0.025239
	22.120000	0.025063
	22.140000	0.024535
	22.160000	0.024307
	22.180000	0.023793
	22.200000	0.023207
	22.220000	0.023024
	22.240000	0.022582
	22.260000	0.021911
	22.280000	0.021260
	22.300000	0.020687
	22.320000	0.020374
	22.340000	0.019749
	22.360000	0.018661
	22.380000	0.017209
	22.400000	0.016629
	22.420000	0.016844
	22.440000	0.015835
	22.460000	0.013692
	22.480000	0.011530
	22.500000	0.009420
	22.520000	0.007851
	22.540000	0.004334
	22.560000	0.000994
	22.580000	-0.000126
	22.600000	-0.000472
	22.620000	-0.000582
	22.640000	-0.000869
	22.660000	-0.000927
	22.680000	-0.000849
	22.700000	-0.000843
	22.720000	-0.000940
	22.740000	-0.000960
	22.760000	-0.000993
	22.780000	-0.000993
	22.800000	-0.000784
	22.820000	-0.000986
	22.840000	-0.000967
	22.860000	-0.001071
	22.880000	-0.001090
	22.900000	-0.000993
	22.920000	-0.000999
	22.940000	-0.001012
	22.960000	-0.000999
	22.980000	-0.001006
	23.000000	-0.001116
	23.020000	-0.000986
	23.040000	-0.000973
	23.060000	-0.001110
	23.080000	-0.001051
	23.100000	-0.001201
	23.120000	-0.001149
	23.140000	-0.001097
	23.160000	-0.001025
	23.180000	-0.000980
	23.200000	-0.001058
	23.220000	-0.000973
	23.240000	-0.001194
	23.260000	-0.000934
	23.280000	-0.001142
	23.300000	-0.001175
	23.320000	-0.001123
	23.340000	-0.001110
	23.360000	-0.001286
	23.380000	-0.001234
	23.400000	-0.001077
	23.420000	-0.001071
	23.440000	-0.001090
	23.460000	-0.001090
	23.480000	-0.001194
	23.500000	-0.001019
	23.520000	-0.001006
	23.540000	-0.001051
	23.560000	-0.001103
	23.580000	-0.000960
	23.600000	-0.001071
	23.620000	-0.001032
	23.640000	-0.001045
	23.660000	-0.001110
	23.680000	-0.000980
	23.700000	-0.001006
	23.720000	-0.001045
	23.740000	-0.001084
	23.760000	-0.001032
	23.780000	-0.001201
	23.800000	-0.001207
	23.820000	-0.000986
	23.840000	-0.001045
	23.860000	-0.001155
	23.880000	-0.001006
	23.900000	-0.001090
	23.920000	-0.001207
	23.940000	-0.001077
	23.960000	-0.001194
	23.980000	-0.001019
	24.000000	-0.001058
	24.020000	-0.001019
	24.040000	-0.000999
	24.060000	-0.000980
	24.080000	-0.000940
	24.100000	-0.000914
	24.120000	-0.000817
	24.140000	-0.000914
	24.160000	-0.000752
	24.180000	-0.000947
	24.200000	-0.000836
	24.220000	-0.000719
	24.240000	-0.000810
	24.260000	-0.000771
	24.280000	-0.000804
	24.300000	-0.000830
	24.320000	-0.000895
	24.340000	-0.000875
	24.360000	-0.000784
	24.380000	-0.000647
	24.400000	-0.000836
	24.420000	-0.001032
	24.440000	-0.000895
	24.460000	-0.000823
	24.480000	-0.000804
	24.500000	-0.001058
	24.520000	-0.000973
	24.540000	-0.000973
	24.560000	-0.001045
	24.580000	-0.000810
	24.600000	-0.000927
	24.620000	-0.000914
	24.640000	-0.000804
	24.660000	-0.000869
	24.680000	-0.000869
	24.700000	-0.000673
	24.720000	-0.000869
	24.740000	-0.000849
	24.760000	-0.000817
	24.780000	-0.000856
	24.800000	-0.000686
	24.820000	-0.000589
	24.840000	-0.000673
	24.860000	-0.000765
	24.880000	-0.000732
	24.900000	-0.000732
	24.920000	-0.000400
	24.940000	-0.000400
	24.960000	-0.000309
	24.980000	-0.000270
	25.000000	-0.000185
	25.020000	-0.000146
	25.040000	-5.480391E-5
	25.060000	0.000147
	25.080000	0.000128
	25.100000	0.000264
	25.120000	0.000238
	25.140000	0.000316
	25.160000	0.000395
	25.180000	0.000460
	25.200000	0.000655
	25.220000	0.000759
	25.240000	0.000805
	25.260000	0.000902
	25.280000	0.000831
	25.300000	0.000850
	25.320000	0.001039
	25.340000	0.000981
	25.360000	0.001065
	25.380000	0.001130
	25.400000	0.000987
	25.420000	0.001189
	25.440000	0.001228
	25.460000	0.001091
	25.480000	0.001274
	25.500000	0.001143
	25.520000	0.001209
	25.540000	0.001202
	25.560000	0.001150
	25.580000	0.001176
	25.600000	0.001189
	25.620000	0.001124
	25.640000	0.001430
	25.660000	0.001378
	25.680000	0.001423
	25.700000	0.001586
	25.720000	0.001508
	25.740000	0.001632
	25.760000	0.001769
	25.780000	0.001593
	25.800000	0.001736
	25.820000	0.001957
	25.840000	0.002140
	25.860000	0.002088
	25.880000	0.002335
	25.900000	0.002511
	25.920000	0.002908
	25.940000	0.003032
	25.960000	0.002999
	25.980000	0.003559
	26.000000	0.003657
	26.020000	0.003976
	26.040000	0.004393
	26.060000	0.004601
	26.080000	0.004901
	26.100000	0.005396
	26.120000	0.005761
	26.140000	0.005787
	26.160000	0.006431
	26.180000	0.006777
	26.200000	0.007291
	26.220000	0.007949
	26.240000	0.008287
	26.260000	0.008919
	26.280000	0.009570
	26.300000	0.010475
	26.320000	0.011485
	26.340000	0.012787
	26.360000	0.013999
	26.380000	0.015672
	26.400000	0.017476
	26.420000	0.019807
	26.440000	0.021983
	26.460000	0.024346
	26.480000	0.027681
	26.500000	0.031855
	26.520000	0.037319
	26.540000	0.042737
	26.560000	0.049992
	26.580000	0.059473
	26.600000	0.071228
	26.620000	0.084259
	26.640000	0.102083
	26.660000	0.126940
	26.680000	0.159846
	26.700000	0.202820
	26.720000	0.261046
	26.740000	0.346551
	26.760000	0.472549
	26.780000	0.661097
	26.800000	0.944906
	26.820000	1.430059
	26.840000	2.054215
	26.860000	2.659876
	26.880000	3.215120
	26.900000	3.747786
	26.920000	4.278160
	26.940000	4.798811
	26.960000	5.287989
	26.980000	5.796762
	27.000000	6.319965
	27.020000	6.873529
	27.040000	7.425432
	27.060000	7.957336
	27.080000	8.522121
	27.100000	9.059196
	27.120000	9.552619
	27.140000	10.059803
	27.160000	10.552914
	27.180000	10.664663
	27.200000	10.665373
	27.220000	10.665373
	27.240000	10.665373
	27.260000	10.665373
	27.280000	10.665373
	27.300000	10.665373
	27.320000	10.665373
	27.340000	10.665373
	27.360000	10.665373
	27.380000	10.665373
	27.400000	10.665373
	27.420000	10.665373
	27.440000	10.665373
	27.460000	10.665373
	27.480000	10.665373
	27.500000	10.665373
	27.520000	10.665373
	27.540000	10.665373
	27.560000	10.665373
	27.580000	10.665373
	27.600000	10.665373
	27.620000	10.665373
	27.640000	10.665373
	27.660000	10.665373
	27.680000	10.665373
	27.700000	10.665373
	27.720000	10.665373
	27.740000	10.665373
	27.760000	10.665373
	27.780000	10.665373
	27.800000	10.665373
	27.820000	10.665373
	27.840000	10.665373
	27.860000	10.665373
	27.880000	10.665373
	27.900000	10.665373
	27.920000	10.665373
	27.940000	10.665373
	27.960000	10.665373
	27.980000	10.665373
	28.000000	10.665373
	28.020000	10.665373
	28.040000	10.665373
	28.060000	10.665373
	28.080000	10.665373
	28.100000	10.665373
	28.120000	10.665373
	28.140000	10.665373
	28.160000	10.665373
	28.180000	10.665373
	28.200000	10.665373
	28.220000	10.665373
	28.240000	10.665373
	28.260000	10.665373
	28.280000	10.665373
	28.300000	10.665373
	28.320000	10.665373
	28.340000	10.665373
	28.360000	10.665373
	28.380000	10.551748
	28.400000	9.949369
	28.420000	9.716922
	28.440000	9.641823
	28.460000	8.934083
	28.480000	7.762081
	28.500000	6.566986
	28.520000	5.153479
	28.540000	4.146672
	28.560000	2.741168
	28.580000	1.226910
	28.600000	0.541006
	28.620000	0.284431
	28.640000	0.196692
	28.660000	0.165570
	28.680000	0.151237
	28.700000	0.143481
	28.720000	0.138577
	28.740000	0.135106
	28.760000	0.133686
	28.780000	0.132579
	28.800000	0.131329
	28.820000	0.129838
	28.840000	0.128542
	28.860000	0.127663
	28.880000	0.126640
	28.900000	0.125598
	28.920000	0.125097
	28.940000	0.123879
	28.960000	0.123378
	28.980000	0.122713
	29.000000	0.121964
	29.020000	0.121483
	29.040000	0.121385
	29.060000	0.120649
	29.080000	0.120408
	29.100000	0.119835
	29.120000	0.118181
	29.140000	0.116475
	29.160000	0.114677
	29.180000	0.112704
	29.200000	0.110998
	29.220000	0.109012
	29.240000	0.104968
	29.260000	0.099953
	29.280000	0.095981
	29.300000	0.094314
	29.320000	0.094906
	29.340000	0.094522
	29.360000	0.088628
	29.380000	0.079590
	29.400000	0.074705
	29.420000	0.073917
	29.440000	0.073416
	29.460000	0.066760
	29.480000	0.058203
	29.500000	0.049477
	29.520000	0.039071
	29.540000	0.031503
	29.560000	0.021240
	29.580000	0.010488
	29.600000	0.005689
	29.620000	0.003807
	29.640000	0.003084
	29.660000	0.002811
	29.680000	0.002863
	29.700000	0.002817
	29.720000	0.002687
	29.740000	0.002557
	29.760000	0.002648
	29.780000	0.002648
	29.800000	0.002758
	29.820000	0.002752
	29.840000	0.002700
	29.860000	0.002706
	29.880000	0.002889
	29.900000	0.003025
	29.920000	0.002817
	29.940000	0.002876
	29.960000	0.002908
	29.980000	0.003130
	30.000000	0.002895
	30.020000	0.003065
	30.040000	0.002915
	30.060000	0.003045
	30.080000	0.003117
	30.100000	0.003143
	30.120000	0.003201
	30.140000	0.003292
	30.160000	0.003384
	30.180000	0.003390
	30.200000	0.003599
	30.220000	0.003755
	30.240000	0.003664
	30.260000	0.003820
	30.280000	0.004087
	30.300000	0.004478
	30.320000	0.004934
	30.340000	0.005539
	30.360000	0.005878
	30.380000	0.006470
	30.400000	0.007291
	30.420000	0.008359
	30.440000	0.009792
	30.460000	0.011381
	30.480000	0.013171
	30.500000	0.015653
	30.520000	0.018772
	30.540000	0.022777
	30.560000	0.028325
	30.580000	0.035547
	30.600000	0.045641
	30.620000	0.059910
	30.640000	0.078645
	30.660000	0.104798
	30.680000	0.146261
	30.700000	0.217368
	30.720000	0.336952
	30.740000	0.480878
	30.760000	0.612653
	30.780000	0.728583
	30.800000	0.838600
	30.820000	0.947504
	30.840000	1.049362
	30.860000	1.153329
	30.880000	1.262487
	30.900000	1.374783
	30.920000	1.489554
	30.940000	1.613403
	30.960000	1.740105
	30.980000	1.864553
	31.000000	1.985726
	31.020000	2.114121
	31.040000	2.241806
	31.060000	2.366651
	31.080000	2.488827
	31.100000	2.603800
	31.120000	2.719229
	31.140000	2.829109
	31.160000	2.923048
	31.180000	3.016648
	31.200000	3.111895
	31.220000	3.198097
	31.240000	3.269302
	31.260000	3.350027
	31.280000	3.427933
	31.300000	3.502133
	31.320000	3.570146
	31.340000	3.637489
	31.360000	3.698704
	31.380000	3.756506
	31.400000	3.815520
	31.420000	3.864589
	31.440000	3.901201
	31.460000	3.944950
	31.480000	3.979816
	31.500000	4.008359
	31.520000	4.035978
	31.540000	4.056667
	31.560000	4.070922
	31.580000	4.081413
	31.600000	4.094210
	31.620000	4.107592
	31.640000	4.117374
	31.660000	4.124869
	31.680000	4.130020
	31.700000	4.135738
	31.720000	4.140492
	31.740000	4.143488
	31.760000	4.140134
	31.780000	4.136513
	31.800000	4.121789
	31.820000	4.093213
	31.840000	4.071137
	31.860000	4.049074
	31.880000	4.023162
	31.900000	3.999594
	31.920000	3.982323
	31.940000	3.968511
	31.960000	3.949834
	31.980000	3.932010
	32.000000	3.913867
	32.020000	3.893836
	32.040000	3.876350
	32.060000	3.870483
	32.080000	3.851350
	32.100000	3.817037
	32.120000	3.764822
	32.140000	3.701817
	32.160000	3.639065
	32.180000	3.578925
	32.200000	3.513653
	32.220000	3.420346
	32.240000	3.269347
	32.260000	3.092840
	32.280000	2.977392
	32.300000	2.964693
	32.320000	3.001604
	32.340000	2.939589
	32.360000	2.675278
	32.380000	2.399596
	32.400000	2.256738
	32.420000	2.241298
	32.440000	2.208951
	32.460000	1.965792
	32.480000	1.661314
	32.500000	1.371911
	32.520000	1.055183
	32.540000	0.861608
	32.560000	0.565700
	32.580000	0.255686
	32.600000	0.102122
	32.620000	0.045290
	32.640000	0.020296
	32.660000	0.011602
	32.680000	0.008626
	32.700000	0.007532
	32.720000	0.006822
	32.740000	0.006379
	32.760000	0.006366
	32.780000	0.006483
	32.800000	0.006425
	32.820000	0.006881
	32.840000	0.007030
	32.860000	0.007369
	32.880000	0.007858
	32.900000	0.008105
	32.920000	0.008574
	32.940000	0.009121
	32.960000	0.009694
	32.980000	0.010221
	33.000000	0.010560
	33.020000	0.011166
	33.040000	0.011524
	33.060000	0.012136
	33.080000	0.012611
	33.100000	0.013048
	33.120000	0.013497
	33.140000	0.013959
	33.160000	0.014051
	33.180000	0.014435
	33.200000	0.014936
	33.220000	0.014936
	33.240000	0.015093
	33.260000	0.015216
	33.280000	0.015288
	33.300000	0.015581
	33.320000	0.015972
	33.340000	0.016317
	33.360000	0.016122
	33.380000	0.016284
	33.400000	0.016252
	33.420000	0.016043
	33.440000	0.016642
	33.460000	0.016701
	33.480000	0.016649
	33.500000	0.016825
	33.520000	0.016454
	33.540000	0.016174
	33.560000	0.016089
	33.580000	0.016017
	33.600000	0.015529
	33.620000	0.015802
	33.640000	0.015705
	33.660000	0.015503
	33.680000	0.015770
	33.700000	0.015646
	33.720000	0.015750
	33.740000	0.015789
	33.760000	0.015783
	33.780000	0.015750
	33.800000	0.015731
	33.820000	0.015574
	33.840000	0.015347
	33.860000	0.015399
	33.880000	0.015334
	33.900000	0.015158
	33.920000	0.015080
	33.940000	0.015099
	33.960000	0.015112
	33.980000	0.015086
	34.000000	0.015040
	34.020000	0.014858
	34.040000	0.014949
	34.060000	0.014604
	34.080000	0.014695
	34.100000	0.014839
	34.120000	0.014376
	34.140000	0.014181
	34.160000	0.013855
	34.180000	0.013627
	34.200000	0.013321
	34.220000	0.012911
	34.240000	0.012488
	34.260000	0.011745
	34.280000	0.011211
	34.300000	0.011055
	34.320000	0.011088
	34.340000	0.011055
	34.360000	0.010300
	34.380000	0.008919
	34.400000	0.008203
	34.420000	0.007786
	34.440000	0.007818
	34.460000	0.007486
	34.480000	0.006405
	34.500000	0.005233
	34.520000	0.004015
	34.540000	0.002921
	34.560000	0.002120
	34.580000	0.000987
	34.600000	7.544026E-5
	34.620000	-0.000374
	34.640000	-0.000348
	34.660000	-0.000257
	34.680000	-9.387716E-5
	34.700000	0.000115
	34.720000	-9.218451E-6
	34.740000	0.000290
	34.760000	0.000375
	34.780000	0.000649
	34.800000	0.000733
	34.820000	0.000863
	34.840000	0.001020
	34.860000	0.001254
	34.880000	0.001267
	34.900000	0.001463
	34.920000	0.001534
	34.940000	0.001951
	34.960000	0.002192
	34.980000	0.002439
	35.000000	0.002667
	35.020000	0.002902
	35.040000	0.002954
	35.060000	0.003175
	35.080000	0.003507
	35.100000	0.003644
	35.120000	0.003820
	35.140000	0.004035
	35.160000	0.004015
	35.180000	0.004185
	35.200000	0.004204
	35.220000	0.004308
	35.240000	0.004380
	35.260000	0.004530
	35.280000	0.004673
	35.300000	0.004725
	35.320000	0.004868
	35.340000	0.005005
	35.360000	0.004921
	35.380000	0.005174
	35.400000	0.005012
	35.420000	0.005174
	35.440000	0.005259
	35.460000	0.005409
	35.480000	0.005220
	35.500000	0.005500
	35.520000	0.005272
	35.540000	0.005494
	35.560000	0.005487
	35.580000	0.005402
	35.600000	0.005455
	35.620000	0.005637
	35.640000	0.005598
	35.660000	0.005526
	35.680000	0.005526
	35.700000	0.005682
	35.720000	0.005461
	35.740000	0.005709
	35.760000	0.005656
	35.780000	0.005415
	35.800000	0.005565
	35.820000	0.005598
	35.840000	0.005376
	35.860000	0.005415
	35.880000	0.005415
	35.900000	0.005409
	35.920000	0.005396
	35.940000	0.005389
	35.960000	0.005259
	35.980000	0.005428
	36.000000	0.005240
	36.020000	0.005201
	36.040000	0.005305
	36.060000	0.005266
	36.080000	0.005285
	36.100000	0.005194
	36.120000	0.005025
	36.140000	0.005051
	36.160000	0.005038
	36.180000	0.004823
	36.200000	0.004680
	36.220000	0.004354
	36.240000	0.003983
	36.260000	0.003970
	36.280000	0.003690
	36.300000	0.003781
	36.320000	0.003866
	36.340000	0.003520
	36.360000	0.002915
	36.380000	0.002661
	36.400000	0.002596
	36.420000	0.002563
	36.440000	0.002531
	36.460000	0.002010
	36.480000	0.001560
	36.500000	0.001137
	36.520000	0.000642
	36.540000	0.000382
	36.560000	3.636701E-5
	36.580000	-0.000446
	36.600000	-0.000745
	36.620000	-0.000686
	36.640000	-0.000459
	36.660000	-0.000524
	36.680000	-0.000673
	36.700000	-0.000615
	36.720000	-0.000634
	36.740000	-0.000517
	36.760000	-0.000576
	36.780000	-0.000589
	36.800000	-0.000413
	36.820000	-0.000511
	36.840000	-0.000341
	36.860000	-0.000524
	36.880000	-0.000244
	36.900000	-0.000419
	36.920000	-0.000224
	36.940000	-0.000126
	36.960000	-0.000166
	36.980000	-0.000107
	37.000000	2.985480E-5
	37.020000	-2.706242E-6
	37.040000	2.334259E-5
	37.060000	0.000193
	37.080000	0.000121
	37.100000	0.000128
	37.120000	0.000258
	37.140000	0.000349
	37.160000	0.000453
	37.180000	0.000395
	37.200000	0.000590
	37.220000	0.000551
	37.240000	0.000479
	37.260000	0.000577
	37.280000	0.000564
	37.300000	0.000486
	37.320000	0.000570
	37.340000	0.000368
	37.360000	0.000570
	37.380000	0.000557
	37.400000	0.000557
	37.420000	0.000564
	37.440000	0.000616
	37.460000	0.000596
	37.480000	0.000577
	37.500000	0.000505
	37.520000	0.000564
	37.540000	0.000727
	37.560000	0.000727
	37.580000	0.000701
	37.600000	0.000772
	37.620000	0.000740
	37.640000	0.000766
	37.660000	0.000916
	37.680000	0.000929
	37.700000	0.000857
	37.720000	0.000981
	37.740000	0.001143
	37.760000	0.001078
	37.780000	0.001098
	37.800000	0.001176
	37.820000	0.001065
	37.840000	0.001261
	37.860000	0.001384
	37.880000	0.001280
	37.900000	0.001404
	37.920000	0.001352
	37.940000	0.001423
	37.960000	0.001599
	37.980000	0.001782
	38.000000	0.001625
	38.020000	0.001866
	38.040000	0.001964
	38.060000	0.002101
	38.080000	0.002146
	38.100000	0.002387
	38.120000	0.002518
	38.140000	0.002798
	38.160000	0.003078
	38.180000	0.003292
	38.200000	0.003592
	38.220000	0.003866
	38.240000	0.004159
	38.260000	0.004478
	38.280000	0.005109
	38.300000	0.006203
	38.320000	0.006952
	38.340000	0.008112
	38.360000	0.009544
	38.380000	0.011257
	38.400000	0.013608
	38.420000	0.016883
	38.440000	0.021012
	38.460000	0.026554
	38.480000	0.034512
	38.500000	0.046742
	38.520000	0.065562
	38.540000	0.096788
	38.560000	0.144998
	38.580000	0.194803
	38.600000	0.238891
	38.620000	0.277782
	38.640000	0.314602
	38.660000	0.353187
	38.680000	0.391277
	38.700000	0.429158
	38.720000	0.466649
	38.740000	0.503580
	38.760000	0.541904
	38.780000	0.583752
	38.800000	0.627748
	38.820000	0.676166
	38.840000	0.726161
	38.860000	0.779391
	38.880000	0.835885
	38.900000	0.893427
	38.920000	0.951392
	38.940000	1.012470
	38.960000	1.074049
	38.980000	1.134326
	39.000000	1.194369
	39.020000	1.251878
	39.040000	1.302511
	39.060000	1.347503
	39.080000	1.391070
	39.100000	1.432266
	39.120000	1.470246
	39.140000	1.504949
	39.160000	1.536833
	39.180000	1.568775
	39.200000	1.600138
	39.220000	1.626747
	39.240000	1.653942
	39.260000	1.680245
	39.280000	1.705434
	39.300000	1.732688
	39.320000	1.757681
	39.340000	1.780344
	39.360000	1.803423
	39.380000	1.825167
	39.400000	1.842575
	39.420000	1.859441
	39.440000	1.876913
	39.460000	1.887059
	39.480000	1.892888
	39.500000	1.898990
	39.520000	1.905046
	39.540000	1.905815
	39.560000	1.909194
	39.580000	1.909618
	39.600000	1.905372
	39.620000	1.903444
	39.640000	1.904356
	39.660000	1.903327
	39.680000	1.909715
	39.700000	1.915993
	39.720000	1.917615
	39.740000	1.921796
	39.760000	1.925065
	39.780000	1.924290
	39.800000	1.925358
	39.820000	1.919047
	39.840000	1.906850
	39.860000	1.895994
	39.880000	1.885633
	39.900000	1.881342
	39.920000	1.884064
	39.940000	1.885588
	39.960000	1.885718
	39.980000	1.878919
	40.000000	1.863016
	40.020000	1.846912
	40.040000	1.826776
	40.060000	1.813973
	40.080000	1.804856
	40.100000	1.786485
	40.120000	1.762989
	40.140000	1.731704
	40.160000	1.700315
	40.180000	1.672476
	40.200000	1.637759
	40.220000	1.575867
	40.240000	1.503217
	40.260000	1.428965
	40.280000	1.374256
	40.300000	1.367581
	40.320000	1.384135
	40.340000	1.365620
	40.360000	1.252061
	40.380000	1.113774
	40.400000	1.024811
	40.420000	0.981791
	40.440000	0.976483
	40.460000	0.948898
	40.480000	0.835312
	40.500000	0.691262
	40.520000	0.562847
	40.540000	0.407453
	40.560000	0.329645
	40.580000	0.239881
	40.600000	0.131896
	40.620000	0.056836
	40.640000	0.026430
	40.660000	0.013679
	40.680000	0.006933
	40.700000	0.004106
	40.720000	0.003110
	40.740000	0.002400
	40.760000	0.002153
	40.780000	0.002068
	40.800000	0.002010
	40.820000	0.001860
	40.840000	0.001997
	40.860000	0.001899
	40.880000	0.001710
	40.900000	0.001756
	40.920000	0.001931
	40.940000	0.001730
	40.960000	0.001736
	40.980000	0.001710
	41.000000	0.001860
	41.020000	0.002003
	41.040000	0.001977
	41.060000	0.001892
	41.080000	0.002010
	41.100000	0.002166
	41.120000	0.001997
	41.140000	0.002185
	41.160000	0.001997
	41.180000	0.001912
	41.200000	0.002244
	41.220000	0.001918
	41.240000	0.002010
	41.260000	0.002081
	41.280000	0.002042
	41.300000	0.002172
	41.320000	0.002107
	41.340000	0.001964
	41.360000	0.001860
	41.380000	0.002068
	41.400000	0.001951
	41.420000	0.002042
	41.440000	0.001912
	41.460000	0.001743
	41.480000	0.001489
	41.500000	0.001632
	41.520000	0.001619
	41.540000	0.001651
	41.560000	0.001645
	41.580000	0.001410
	41.600000	0.001345
	41.620000	0.001371
	41.640000	0.001196
	41.660000	0.001352
	41.680000	0.001228
	41.700000	0.001091
	41.720000	0.001326
	41.740000	0.001371
	41.760000	0.001463
	41.780000	0.001534
	41.800000	0.001651
	41.820000	0.001554
	41.840000	0.001827
	41.860000	0.002010
	41.880000	0.002075
	41.900000	0.002224
	41.920000	0.002237
	41.940000	0.002264
	41.960000	0.002583
	41.980000	0.002719
	42.000000	0.002869
	42.020000	0.002967
	42.040000	0.003175
	42.060000	0.003247
	42.080000	0.003664
	42.100000	0.003826
	42.120000	0.004080
	42.140000	0.004380
	42.160000	0.004640
	42.180000	0.004979
	42.200000	0.005409
	42.220000	0.005962
	42.240000	0.006549
	42.260000	0.007297
	42.280000	0.008196
	42.300000	0.009147
	42.320000	0.010554
	42.340000	0.012553
	42.360000	0.014995
	42.380000	0.018134
	42.400000	0.022634
	42.420000	0.028039
	42.440000	0.035306
	42.460000	0.046136
	42.480000	0.062847
	42.500000	0.090817
	42.520000	0.135712
	42.540000	0.189822
	42.560000	0.238637
	42.580000	0.278401
	42.600000	0.313970
	42.620000	0.348166
	42.640000	0.384686
	42.660000	0.420784
	42.680000	0.458958
	42.700000	0.497823
	42.720000	0.535652
	42.740000	0.575670
	42.760000	0.614808
	42.780000	0.652879
	42.800000	0.696100
	42.820000	0.744382
	42.840000	0.797118
	42.860000	0.855643
	42.880000	0.917861
	42.900000	0.983009
	42.920000	1.049804
	42.940000	1.116717
	42.960000	1.178030
	42.980000	1.239564
	43.000000	1.303142
	43.020000	1.363582
	43.040000	1.418382
	43.060000	1.470089
	43.080000	1.519615
	43.100000	1.563930
	43.120000	1.602189
	43.140000	1.639172
	43.160000	1.674201
	43.180000	1.706834
	43.200000	1.739161
	43.220000	1.769957
	43.240000	1.798533
	43.260000	1.827603
	43.280000	1.851724
	43.300000	1.877955
	43.320000	1.901373
	43.340000	1.925247
	43.360000	1.951257
	43.380000	1.970833
	43.400000	1.991007
	43.420000	2.012419
	43.440000	2.028029
	43.460000	2.044668
	43.480000	2.057679
	43.500000	2.068164
	43.520000	2.078173
	43.540000	2.086222
	43.560000	2.086594
	43.580000	2.088730
	43.600000	2.089999
	43.620000	2.084243
	43.640000	2.080830
	43.660000	2.080830
	43.680000	2.082510
	43.700000	2.086222
	43.720000	2.092728
	43.740000	2.100217
	43.760000	2.103577
	43.780000	2.111913
	43.800000	2.117950
	43.820000	2.120796
	43.840000	2.123218
	43.860000	2.116895
	43.880000	2.106553
	43.900000	2.096727
	43.920000	2.087609
	43.940000	2.089700
	43.960000	2.094818
	43.980000	2.097319
	44.000000	2.096297
	44.020000	2.084093
	44.040000	2.061476
	44.060000	2.040409
	44.080000	2.019114
	44.100000	1.999682
	44.120000	1.981011
	44.140000	1.963760
	44.160000	1.935452
	44.180000	1.897889
	44.200000	1.860503
	44.220000	1.828319
	44.240000	1.790562
	44.260000	1.725882
	44.280000	1.648348
	44.300000	1.569446
	44.320000	1.511338
	44.340000	1.502194
	44.360000	1.520070
	44.380000	1.502370
	44.400000	1.380892
	44.420000	1.233540
	44.440000	1.133323
	44.460000	1.074453
	44.480000	1.050951
	44.500000	1.038278
	44.520000	0.951665
	44.540000	0.797730
	44.560000	0.654110
	44.580000	0.501131
	44.600000	0.374508
	44.620000	0.313970
	44.640000	0.221894
	44.660000	0.123280
	44.680000	0.066839
	44.700000	0.045661
	44.720000	0.035899
	44.740000	0.030989
	44.760000	0.028853
	44.780000	0.027902
	44.800000	0.027505
	44.820000	0.027603
	44.840000	0.027752
	44.860000	0.027778
	44.880000	0.027765
	44.900000	0.027720
	44.920000	0.028084
	44.940000	0.028299
	44.960000	0.028501
	44.980000	0.028872
	45.000000	0.028944
	45.020000	0.028938
	45.040000	0.029211
	45.060000	0.029094
	45.080000	0.029055
	45.100000	0.028938
	45.120000	0.028957
	45.140000	0.028840
	45.160000	0.028729
	45.180000	0.028371
	45.200000	0.027863
	45.220000	0.027661
	45.240000	0.027355
	45.260000	0.026834
	45.280000	0.026326
	45.300000	0.025291
	45.320000	0.024555
	45.340000	0.024177
	45.360000	0.024587
	45.380000	0.024522
	45.400000	0.023695
	45.420000	0.021969
	45.440000	0.020778
	45.460000	0.020042
	45.480000	0.019514
	45.500000	0.019593
	45.520000	0.019352
	45.540000	0.017541
	45.560000	0.015874
	45.580000	0.014318
	45.600000	0.012390
	45.620000	0.011465
	45.640000	0.010658
	45.660000	0.009557
	45.680000	0.008359
	45.700000	0.008059
	45.720000	0.007949
	45.740000	0.007727
	45.760000	0.007714
	45.780000	0.007695
	45.800000	0.007662
	45.820000	0.007786
	45.840000	0.007831
	45.860000	0.007708
	45.880000	0.007727
	45.900000	0.007623
	45.920000	0.007656
	45.940000	0.007799
	45.960000	0.007636
	45.980000	0.007695
	46.000000	0.007747
	46.020000	0.007636
	46.040000	0.007831
	46.060000	0.007630
	46.080000	0.007415
	46.100000	0.007525
	46.120000	0.007389
	46.140000	0.007278
	46.160000	0.007122
	46.180000	0.006848
	46.200000	0.006946
	46.220000	0.006588
	46.240000	0.006431
	46.260000	0.006190
	46.280000	0.006021
	46.300000	0.005663
	46.320000	0.005227
	46.340000	0.005109
	46.360000	0.005194
	46.380000	0.005220
	46.400000	0.004979
	46.420000	0.004269
	46.440000	0.003742
	46.460000	0.003546
	46.480000	0.003364
	46.500000	0.003358
	46.520000	0.003195
	46.540000	0.002719
	46.560000	0.002094
	46.580000	0.001677
	46.600000	0.000994
	46.620000	0.000479
	46.640000	0.000206
	46.660000	-8.736495E-5
	46.680000	-0.000595
	46.700000	-0.000700
	46.720000	-0.000680
	46.740000	-0.000856
	46.760000	-0.001006
	46.780000	-0.000843
	46.800000	-0.000875
	46.820000	-0.000739
	46.840000	-0.000934
	46.860000	-0.000732
	46.880000	-0.000732
	46.900000	-0.000830
	46.920000	-0.000771
	46.940000	-0.000797
	46.960000	-0.000804
	46.980000	-0.000758
	47.000000	-0.000602
	47.020000	-0.000673
	47.040000	-0.000498
	47.060000	-0.000563
	47.080000	-0.000752
	47.100000	-0.000686
	47.120000	-0.000465
	47.140000	-0.000433
	47.160000	-0.000719
	47.180000	-0.000433
	47.200000	-0.000478
	47.220000	-0.000700
	47.240000	-0.000472
	47.260000	-0.000706
	47.280000	-0.000660
	47.300000	-0.000647
	47.320000	-0.000550
	47.340000	-0.000634
	47.360000	-0.000556
	47.380000	-0.000713
	47.400000	-0.000654
	47.420000	-0.000628
	47.440000	-0.000875
	47.460000	-0.000713
	47.480000	-0.000498
	47.500000	-0.000615
	47.520000	-0.000791
	47.540000	-0.000530
	47.560000	-0.000576
	47.580000	-0.000569
	47.600000	-0.000426
	47.620000	-0.000602
	47.640000	-0.000550
	47.660000	-0.000530
	47.680000	-0.000641
	47.700000	-0.000472
	47.720000	-0.000530
	47.740000	-0.000537
	47.760000	-0.000713
	47.780000	-0.000569
	47.800000	-0.000602
	47.820000	-0.000654
	47.840000	-0.000654
	47.860000	-0.000628
	47.880000	-0.000641
	47.900000	-0.000667
	47.920000	-0.000739
	47.940000	-0.000686
	47.960000	-0.000680
	47.980000	-0.000784
	48.000000	-0.000576
	48.020000	-0.000485
	48.040000	-0.000634
	48.060000	-0.000745
	48.080000	-0.000576
	48.100000	-0.000556
	48.120000	-0.000706
	48.140000	-0.000517
	48.160000	-0.000700
	48.180000	-0.000498
	48.200000	-0.000387
	48.220000	-0.000680
	48.240000	-0.000693
	48.260000	-0.000667
	48.280000	-0.000765
	48.300000	-0.000628
	48.320000	-0.000660
	48.340000	-0.000765
	48.360000	-0.000791
	48.380000	-0.000563
	48.400000	-0.000765
	48.420000	-0.000797
	48.440000	-0.000810
	48.460000	-0.000869
	48.480000	-0.000830
	48.500000	-0.000602
	48.520000	-0.000817
	48.540000	-0.000849
	48.560000	-0.000993
	48.580000	-0.000752
	48.600000	-0.000901
	48.620000	-0.000830
	48.640000	-0.000836
	48.660000	-0.000914
	48.680000	-0.000804
	48.700000	-0.000836
	48.720000	-0.000914
	48.740000	-0.000999
	48.760000	-0.000817
	48.780000	-0.000888
	48.800000	-0.000980
	48.820000	-0.000908
	48.840000	-0.000752
	48.860000	-0.001012
	48.880000	-0.000986
	48.900000	-0.000934
	48.920000	-0.000810
	48.940000	-0.000999
	48.960000	-0.000967
	48.980000	-0.000986
	49.000000	-0.000895
	49.020000	-0.000888
	49.040000	-0.000771
	49.060000	-0.000849
	49.080000	-0.000934
	49.100000	-0.000700
	49.120000	-0.000739
	49.140000	-0.000719
	49.160000	-0.000804
	49.180000	-0.000856
	49.200000	-0.000752
	49.220000	-0.000673
	49.240000	-0.000686
	49.260000	-0.000778
	49.280000	-0.000693
	49.300000	-0.000511
	49.320000	-0.000817
	49.340000	-0.000706
	49.360000	-0.000726
	49.380000	-0.000921
	49.400000	-0.000830
	49.420000	-0.000836
	49.440000	-0.000784
	49.460000	-0.000797
	49.480000	-0.000810
	49.500000	-0.000888
	49.520000	-0.000752
	49.540000	-0.000713
	49.560000	-0.000745
	49.580000	-0.000901
	49.600000	-0.000686
	49.620000	-0.000739
	49.640000	-0.000862
	49.660000	-0.000797
	49.680000	-0.000628
	49.700000	-0.000719
	49.720000	-0.000700
	49.740000	-0.000641
	49.760000	-0.000654
	49.780000	-0.000700
	49.800000	-0.000634
	49.820000	-0.000713
	49.840000	-0.000804
	49.860000	-0.000615
	49.880000	-0.000706
	49.900000	-0.000713
	49.920000	-0.000582
	49.940000	-0.000713
	49.960000	-0.000654
	49.980000	-0.000765
	50.000000	-0.000784
