	0.000000	0.230575
	0.020000	0.230471
	0.040000	0.230575
	0.060000	0.230419
	0.080000	0.230484
	0.100000	0.230360
	0.120000	0.230302
	0.140000	0.230158
	0.160000	0.229982
	0.180000	0.230158
	0.200000	0.230295
	0.220000	0.230126
	0.240000	0.230178
	0.260000	0.230054
	0.280000	0.230217
	0.300000	0.230373
	0.320000	0.230139
	0.340000	0.230425
	0.360000	0.230373
	0.380000	0.230458
	0.400000	0.230393
	0.420000	0.230464
	0.440000	0.230471
	0.460000	0.230380
	0.480000	0.230503
	0.500000	0.230406
	0.520000	0.230197
	0.540000	0.230113
	0.560000	0.230113
	0.580000	0.230106
	0.600000	0.230002
	0.620000	0.230158
	0.640000	0.229943
	0.660000	0.229852
	0.680000	0.229963
	0.700000	0.229982
	0.720000	0.230191
	0.740000	0.230119
	0.760000	0.230165
	0.780000	0.230249
	0.800000	0.230334
	0.820000	0.230158
	0.840000	0.236586
	0.860000	0.245618
	0.880000	0.254931
	0.900000	0.263175
	0.920000	0.277176
	0.940000	0.286756
	0.960000	0.298276
	0.980000	0.311274
	1.000000	0.325451
	1.020000	0.345151
	1.040000	0.359908
	1.060000	0.374313
	1.080000	0.391394
	1.100000	0.409993
	1.120000	0.429953
	1.140000	0.451489
	1.160000	0.479908
	1.180000	0.499620
	1.200000	0.521905
	1.220000	0.546404
	1.240000	0.572818
	1.260000	0.601074
	1.280000	0.630132
	1.300000	0.661475
	1.320000	0.693834
	1.340000	0.726727
	1.360000	0.760233
	1.380000	0.792865
	1.400000	0.827933
	1.420000	0.865405
	1.440000	0.903501
	1.460000	0.942841
	1.480000	0.983751
	1.500000	1.024869
	1.520000	1.077546
	1.540000	1.109521
	1.560000	1.145755
	1.580000	1.186098
	1.600000	1.243158
	1.620000	1.275980
	1.640000	1.312722
	1.660000	1.352147
	1.680000	1.392822
	1.700000	1.430026
	1.720000	1.466351
	1.740000	1.504506
	1.760000	1.540590
	1.780000	1.577046
	1.800000	1.613885
	1.820000	1.648928
	1.840000	1.683462
	1.860000	1.716895
	1.880000	1.747659
	1.900000	1.779842
	1.920000	1.811687
	1.940000	1.842939
	1.960000	1.874953
	1.980000	1.904825
	2.000000	1.933231
	2.020000	1.963383
	2.040000	1.989594
	2.060000	2.017330
	2.080000	2.047826
	2.100000	2.076011
	2.120000	2.104535
	2.140000	2.145405
	2.160000	2.169338
	2.180000	2.196318
	2.200000	2.224437
	2.220000	2.251183
	2.240000	2.277310
	2.260000	2.304583
	2.280000	2.331218
	2.300000	2.356062
	2.320000	2.380470
	2.340000	2.405216
	2.360000	2.428159
	2.380000	2.451596
	2.400000	2.475190
	2.420000	2.498888
	2.440000	2.524559
	2.460000	2.550523
	2.480000	2.576781
	2.500000	2.605382
	2.520000	2.633417
	2.540000	2.662130
	2.560000	2.691584
	2.580000	2.719795
	2.600000	2.748716
	2.620000	2.781446
	2.640000	2.811415
	2.660000	2.839288
	2.680000	2.869061
	2.700000	2.899994
	2.720000	2.925464
	2.740000	2.950627
	2.760000	2.981156
	2.780000	3.009224
	2.800000	3.033586
	2.820000	3.064708
	2.840000	3.095927
	2.860000	3.123376
	2.880000	3.155631
	2.900000	3.189475
	2.920000	3.221893
	2.940000	3.259332
	2.960000	3.299304
	2.980000	3.337315
	3.000000	3.377326
	3.020000	3.419395
	3.040000	3.461946
	3.060000	3.499847
	3.080000	3.540223
	3.100000	3.583418
	3.120000	3.624328
	3.140000	3.663616
	3.160000	3.707254
	3.180000	3.748073
	3.200000	3.785896
	3.220000	3.823894
	3.240000	3.860135
	3.260000	3.898075
	3.280000	3.936269
	3.300000	3.968049
	3.320000	4.000909
	3.340000	4.035854
	3.360000	4.065634
	3.380000	4.094659
	3.400000	4.123183
	3.420000	4.148619
	3.440000	4.175489
	3.460000	4.203276
	3.480000	4.228667
	3.500000	4.252391
	3.520000	4.280244
	3.540000	4.304717
	3.560000	4.326012
	3.580000	4.350446
	3.600000	4.377556
	3.620000	4.402055
	3.640000	4.426769
	3.660000	4.455572
	3.680000	4.485704
	3.700000	4.513668
	3.720000	4.544881
	3.740000	4.574785
	3.760000	4.600775
	3.780000	4.632730
	3.800000	4.665135
	3.820000	4.693834
	3.840000	4.723647
	3.860000	4.754925
	3.880000	4.784159
	3.900000	4.807485
	3.920000	4.834010
	3.940000	4.862162
	3.960000	4.886413
	3.980000	4.908874
	4.000000	4.935366
	4.020000	4.961688
	4.040000	4.985086
	4.060000	5.009019
	4.080000	5.034566
	4.100000	5.059762
	4.120000	5.084078
	4.140000	5.110192
	4.160000	5.137322
	4.180000	5.163677
	4.200000	5.189987
	4.220000	5.216908
	4.240000	5.237903
	4.260000	5.261966
	4.280000	5.288458
	4.300000	5.310072
	4.320000	5.332246
	4.340000	5.356276
	4.360000	5.381322
	4.380000	5.403633
	4.400000	5.425058
	4.420000	5.449133
	4.440000	5.471008
	4.460000	5.489945
	4.480000	5.512875
	4.500000	5.533857
	4.520000	5.549916
	4.540000	5.573204
	4.560000	5.594154
	4.580000	5.607015
	4.600000	5.624794
	4.620000	5.643744
	4.640000	5.655336
	4.660000	5.667390
	4.680000	5.680857
	4.700000	5.693185
	4.720000	5.705447
	4.740000	5.713620
	4.760000	5.715789
	4.780000	5.727400
	4.800000	5.734603
	4.820000	5.729126
	4.840000	5.731770
	4.860000	5.739591
	4.880000	5.731750
	4.900000	5.729119
	4.920000	5.732356
	4.940000	5.724027
	4.960000	5.714571
	4.980000	5.713334
	5.000000	5.706092
	5.020000	5.693406
	5.040000	5.689206
	5.060000	5.685937
	5.080000	5.672639
	5.100000	5.664590
	5.120000	5.662923
	5.140000	5.648752
	5.160000	5.635200
	5.180000	5.638098
	5.200000	5.627047
	5.220000	5.616347
	5.240000	5.617213
	5.260000	5.613703
	5.280000	5.602939
	5.300000	5.601102
	5.320000	5.601708
	5.340000	5.594466
	5.360000	5.590272
	5.380000	5.594238
	5.400000	5.592929
	5.420000	5.592181
	5.440000	5.597840
	5.460000	5.597560
	5.480000	5.597605
	5.500000	5.602737
	5.520000	5.609776
	5.540000	5.616087
	5.560000	5.624019
	5.580000	5.629001
	5.600000	5.635506
	5.620000	5.647840
	5.640000	5.651839
	5.660000	5.660168
	5.680000	5.675693
	5.700000	5.680519
	5.720000	5.686145
	5.740000	5.707134
	5.760000	5.715222
	5.780000	5.718778
	5.800000	5.736432
	5.820000	5.743355
	5.840000	5.743205
	5.860000	5.759023
	5.880000	5.773565
	5.900000	5.779315
	5.920000	5.788719
	5.940000	5.801170
	5.960000	5.812169
	5.980000	5.816689
	6.000000	5.825858
	6.020000	5.839293
	6.040000	5.847596
	6.060000	5.857371
	6.080000	5.870968
	6.100000	5.879167
	6.120000	5.887509
	6.140000	5.900586
	6.160000	5.911800
	6.180000	5.923528
	6.200000	5.936468
	6.220000	5.946451
	6.240000	5.960036
	6.260000	5.970559
	6.280000	5.979162
	6.300000	5.996999
	6.320000	6.008278
	6.340000	6.015500
	6.360000	6.033129
	6.380000	6.050379
	6.400000	6.059353
	6.420000	6.073478
	6.440000	6.090436
	6.460000	6.100745
	6.480000	6.113698
	6.500000	6.132297
	6.520000	6.146754
	6.540000	6.158430
	6.560000	6.180292
	6.580000	6.199301
	6.600000	6.205813
	6.620000	6.226216
	6.640000	6.250259
	6.660000	6.258301
	6.680000	6.272693
	6.700000	6.295825
	6.720000	6.309591
	6.740000	6.321457
	6.760000	6.338382
	6.780000	6.355333
	6.800000	6.365629
	6.820000	6.380874
	6.840000	6.397474
	6.860000	6.409261
	6.880000	6.422995
	6.900000	6.437159
	6.920000	6.448809
	6.940000	6.457510
	6.960000	6.468945
	6.980000	6.477743
	7.000000	6.485467
	7.020000	6.491627
	7.040000	6.498178
	7.060000	6.505479
	7.080000	6.513384
	7.100000	6.519402
	7.120000	6.524742
	7.140000	6.531834
	7.160000	6.532289
	7.180000	6.534868
	7.200000	6.541042
	7.220000	6.541895
	7.240000	6.543471
	7.260000	6.544858
	7.280000	6.544168
	7.300000	6.540495
	7.320000	6.542253
	7.340000	6.543295
	7.360000	6.537089
	7.380000	6.529952
	7.400000	6.532329
	7.420000	6.527366
	7.440000	6.519278
	7.460000	6.523817
	7.480000	6.519773
	7.500000	6.505948
	7.520000	6.507986
	7.540000	6.503362
	7.560000	6.489237
	7.580000	6.487433
	7.600000	6.488019
	7.620000	6.477952
	7.640000	6.472494
	7.660000	6.471426
	7.680000	6.461417
	7.700000	6.455817
	7.720000	6.454469
	7.740000	6.447689
	7.760000	6.443593
	7.780000	6.442655
	7.800000	6.435993
	7.820000	6.429221
	7.840000	6.430634
	7.860000	6.424467
	7.880000	6.417362
	7.900000	6.417499
	7.920000	6.414601
	7.940000	6.406128
	7.960000	6.409971
	7.980000	6.409222
	8.000000	6.398646
	8.020000	6.400886
	8.040000	6.406832
	8.060000	6.397630
	8.080000	6.393169
	8.100000	6.403250
	8.120000	6.400984
	8.140000	6.395220
	8.160000	6.404872
	8.180000	6.408798
	8.200000	6.401837
	8.220000	6.409215
	8.240000	6.418306
	8.260000	6.411377
	8.280000	6.417564
	8.300000	6.429683
	8.320000	6.427078
	8.340000	6.428928
	8.360000	6.441522
	8.380000	6.444270
	8.400000	6.445091
	8.420000	6.454267
	8.440000	6.464445
	8.460000	6.468379
	8.480000	6.476004
	8.500000	6.488326
	8.520000	6.494577
	8.540000	6.497514
	8.560000	6.508455
	8.580000	6.517070
	8.600000	6.522267
	8.620000	6.529463
	8.640000	6.542891
	8.660000	6.551644
	8.680000	6.559960
	8.700000	6.572007
	8.720000	6.581613
	8.740000	6.592560
	8.760000	6.603826
	8.780000	6.612142
	8.800000	6.625675
	8.820000	6.633463
	8.840000	6.639337
	8.860000	6.654491
	8.880000	6.662950
	8.900000	6.666513
	8.920000	6.678378
	8.940000	6.687313
	8.960000	6.696931
	8.980000	6.705299
	9.000000	6.712775
	9.020000	6.726295
	9.040000	6.736506
	9.060000	6.740680
	9.080000	6.754434
	9.100000	6.757736
	9.120000	6.761819
	9.140000	6.771808
	9.160000	6.777135
	9.180000	6.782931
	9.200000	6.791580
	9.220000	6.795747
	9.240000	6.798157
	9.260000	6.801003
	9.280000	6.805021
	9.300000	6.809390
	9.320000	6.815694
	9.340000	6.823073
	9.360000	6.826192
	9.380000	6.828093
	9.400000	6.829826
	9.420000	6.828250
	9.440000	6.828536
	9.460000	6.828686
	9.480000	6.828224
	9.500000	6.825202
	9.520000	6.827481
	9.540000	6.831480
	9.560000	6.830223
	9.580000	6.829884
	9.600000	6.828439
	9.620000	6.829643
	9.640000	6.824994
	9.660000	6.819432
	9.680000	6.818716
	9.700000	6.815167
	9.720000	6.809397
	9.740000	6.806193
	9.760000	6.804825
	9.780000	6.799095
	9.800000	6.793696
	9.820000	6.795949
	9.840000	6.792426
	9.860000	6.782677
	9.880000	6.780886
	9.900000	6.779141
	9.920000	6.773059
	9.940000	6.763284
	9.960000	6.761910
	9.980000	6.758765
	10.000000	6.749817
	10.020000	6.747225
	10.040000	6.741872
	10.060000	6.734904
	10.080000	6.731303
	10.100000	6.727858
	10.120000	6.719535
	10.140000	6.716442
	10.160000	6.716832
	10.180000	6.709337
	10.200000	6.701685
	10.220000	6.700545
	10.240000	6.697856
	10.260000	6.693786
	10.280000	6.687182
	10.300000	6.686993
	10.320000	6.686010
	10.340000	6.683679
	10.360000	6.683816
	10.380000	6.684910
	10.400000	6.681712
	10.420000	6.678541
	10.440000	6.678951
	10.460000	6.675402
	10.480000	6.669456
	10.500000	6.675363
	10.520000	6.673337
	10.540000	6.661277
	10.560000	6.671957
	10.580000	6.678326
	10.600000	6.665555
	10.620000	6.672237
	10.640000	6.682324
	10.660000	6.673585
	10.680000	6.675460
	10.700000	6.684727
	10.720000	6.676854
	10.740000	6.676795
	10.760000	6.684636
	10.780000	6.685450
	10.800000	6.684962
	10.820000	6.694456
	10.840000	6.701164
	10.860000	6.700571
	10.880000	6.703873
	10.900000	6.712144
	10.920000	6.712026
	10.940000	6.715191
	10.960000	6.723612
	10.980000	6.723950
	11.000000	6.729082
	11.020000	6.739365
	11.040000	6.736454
	11.060000	6.739319
	11.080000	6.752031
	11.100000	6.751100
	11.120000	6.754636
	11.140000	6.768663
	11.160000	6.769041
	11.180000	6.768657
	11.200000	6.777194
	11.220000	6.783830
	11.240000	6.781681
	11.260000	6.789470
	11.280000	6.801602
	11.300000	6.801270
	11.320000	6.801478
	11.340000	6.817231
	11.360000	6.818631
	11.380000	6.813506
	11.400000	6.824942
	11.420000	6.830210
	11.440000	6.826335
	11.460000	6.830386
	11.480000	6.838396
	11.500000	6.839991
	11.520000	6.838904
	11.540000	6.843606
	11.560000	6.850815
	11.580000	6.849043
	11.600000	6.848659
	11.620000	6.853719
	11.640000	6.850678
	11.660000	6.848151
	11.680000	6.853608
	11.700000	6.854416
	11.720000	6.846823
	11.740000	6.847995
	11.760000	6.855738
	11.780000	6.851726
	11.800000	6.843879
	11.820000	6.847773
	11.840000	6.851160
	11.860000	6.843977
	11.880000	6.842674
	11.900000	6.847519
	11.920000	6.841789
	11.940000	6.839399
	11.960000	6.843710
	11.980000	6.834495
	12.000000	6.828992
	12.020000	6.835628
	12.040000	6.830614
	12.060000	6.822291
	12.080000	6.828478
	12.100000	6.827306
	12.120000	6.816808
	12.140000	6.815792
	12.160000	6.816567
	12.180000	6.805600
	12.200000	6.801387
	12.220000	6.807040
	12.240000	6.799375
	12.260000	6.791560
	12.280000	6.796373
	12.300000	6.790531
	12.320000	6.781740
	12.340000	6.781648
	12.360000	6.779779
	12.380000	6.772818
	12.400000	6.770923
	12.420000	6.768350
	12.440000	6.764652
	12.460000	6.759429
	12.480000	6.755307
	12.500000	6.753711
	12.520000	6.751178
	12.540000	6.747674
	12.560000	6.742139
	12.580000	6.738909
	12.600000	6.737698
	12.620000	6.729753
	12.640000	6.725070
	12.660000	6.726230
	12.680000	6.723384
	12.700000	6.716982
	12.720000	6.717099
	12.740000	6.711818
	12.760000	6.702440
	12.780000	6.701151
	12.800000	6.702649
	12.820000	6.696462
	12.840000	6.696150
	12.860000	6.701561
	12.880000	6.702994
	12.900000	6.693812
	12.920000	6.692307
	12.940000	6.695160
	12.960000	6.682995
	12.980000	6.680195
	13.000000	6.690523
	13.020000	6.683620
	13.040000	6.682207
	13.060000	6.695095
	13.080000	6.692529
	13.100000	6.684656
	13.120000	6.693239
	13.140000	6.691988
	13.160000	6.684538
	13.180000	6.684994
	13.200000	6.691337
	13.220000	6.684473
	13.240000	6.678215
	13.260000	6.680566
	13.280000	6.674125
	13.300000	6.666063
	13.320000	6.671227
	13.340000	6.668336
	13.360000	6.666102
	13.380000	6.674099
	13.400000	6.673611
	13.420000	6.672165
	13.440000	6.677108
	13.460000	6.676437
	13.480000	6.675285
	13.500000	6.673774
	13.520000	6.672510
	13.540000	6.677714
	13.560000	6.678983
	13.580000	6.679029
	13.600000	6.686733
	13.620000	6.686466
	13.640000	6.683392
	13.660000	6.686440
	13.680000	6.682227
	13.700000	6.680768
	13.720000	6.684460
	13.740000	6.680598
	13.760000	6.683724
	13.780000	6.689162
	13.800000	6.686153
	13.820000	6.688635
	13.840000	6.690282
	13.860000	6.685300
	13.880000	6.681126
	13.900000	6.677955
	13.920000	6.675076
	13.940000	6.676222
	13.960000	6.680110
	13.980000	6.682891
	14.000000	6.677290
	14.020000	6.681543
	14.040000	6.683763
	14.060000	6.670719
	14.080000	6.667340
	14.100000	6.675337
	14.120000	6.668323
	14.140000	6.665073
	14.160000	6.671253
	14.180000	6.671449
	14.200000	6.663641
	14.220000	6.660756
	14.240000	6.659278
	14.260000	6.649776
	14.280000	6.640086
	14.300000	6.645153
	14.320000	6.643909
	14.340000	6.635091
	14.360000	6.637410
	14.380000	6.639871
	14.400000	6.629855
	14.420000	6.628038
	14.440000	6.627283
	14.460000	6.622223
	14.480000	6.616662
	14.500000	6.614916
	14.520000	6.611595
	14.540000	6.607479
	14.560000	6.602673
	14.580000	6.598760
	14.600000	6.594305
	14.620000	6.593172
	14.640000	6.595836
	14.660000	6.591922
	14.680000	6.584146
	14.700000	6.583729
	14.720000	6.577100
	14.740000	6.571467
	14.760000	6.570757
	14.780000	6.568035
	14.800000	6.563958
	14.820000	6.560911
	14.840000	6.558859
	14.860000	6.558495
	14.880000	6.555733
	14.900000	6.553851
	14.920000	6.548824
	14.940000	6.543725
	14.960000	6.540417
	14.980000	6.536464
	15.000000	6.535630
	15.020000	6.529483
	15.040000	6.514602
	15.060000	6.518913
	15.080000	6.521447
	15.100000	6.505192
	15.120000	6.505830
	15.140000	6.510369
	15.160000	6.493887
	15.180000	6.487258
	15.200000	6.492415
	15.220000	6.486613
	15.240000	6.477326
	15.260000	6.479521
	15.280000	6.482575
	15.300000	6.473041
	15.320000	6.471413
	15.340000	6.480016
	15.360000	6.474415
	15.380000	6.466243
	15.400000	6.472071
	15.420000	6.467968
	15.440000	6.453114
	15.460000	6.453446
	15.480000	6.452671
	15.500000	6.439653
	15.520000	6.435316
	15.540000	6.436580
	15.560000	6.435818
	15.580000	6.430732
	15.600000	6.427345
	15.620000	6.429344
	15.640000	6.427632
	15.660000	6.425059
	15.680000	6.424219
	15.700000	6.419934
	15.720000	6.421686
	15.740000	6.421894
	15.760000	6.415467
	15.780000	6.411729
	15.800000	6.404227
	15.820000	6.396503
	15.840000	6.394120
	15.860000	6.387132
	15.880000	6.386449
	15.900000	6.387315
	15.920000	6.383023
	15.940000	6.382268
	15.960000	6.383577
	15.980000	6.377931
	16.000000	6.374525
	16.020000	6.373737
	16.040000	6.368898
	16.060000	6.369445
	16.080000	6.366567
	16.100000	6.362106
	16.120000	6.360055
	16.140000	6.356154
	16.160000	6.353054
	16.180000	6.348254
	16.200000	6.341163
	16.220000	6.338323
	16.240000	6.337926
	16.260000	6.334155
	16.280000	6.332749
	16.300000	6.330431
	16.320000	6.328913
	16.340000	6.324986
	16.360000	6.319327
	16.380000	6.317608
	16.400000	6.315928
	16.420000	6.309370
	16.440000	6.307931
	16.460000	6.309904
	16.480000	6.303268
	16.500000	6.296854
	16.520000	6.297707
	16.540000	6.293513
	16.560000	6.284878
	16.580000	6.282221
	16.600000	6.285353
	16.620000	6.274634
	16.640000	6.275676
	16.660000	6.277135
	16.680000	6.266630
	16.700000	6.264735
	16.720000	6.266617
	16.740000	6.258138
	16.760000	6.260639
	16.780000	6.260255
	16.800000	6.252681
	16.820000	6.250096
	16.840000	6.245166
	16.860000	6.238055
	16.880000	6.233438
	16.900000	6.228775
	16.920000	6.223813
	16.940000	6.223298
	16.960000	6.221931
	16.980000	6.213979
	17.000000	6.213217
	17.020000	6.217033
	17.040000	6.211824
	17.060000	6.203924
	17.080000	6.208678
	17.100000	6.205657
	17.120000	6.195914
	17.140000	6.196129
	17.160000	6.193283
	17.180000	6.180715
	17.200000	6.175479
	17.220000	6.170048
	17.240000	6.161667
	17.260000	6.156652
	17.280000	6.158521
	17.300000	6.156932
	17.320000	6.149417
	17.340000	6.151840
	17.360000	6.153038
	17.380000	6.145008
	17.400000	6.147275
	17.420000	6.147249
	17.440000	6.141583
	17.460000	6.140241
	17.480000	6.138457
	17.500000	6.136165
	17.520000	6.128148
	17.540000	6.120679
	17.560000	6.117748
	17.580000	6.110298
	17.600000	6.099377
	17.620000	6.099293
	17.640000	6.093008
	17.660000	6.078831
	17.680000	6.072912
	17.700000	6.068991
	17.720000	6.058442
	17.740000	6.054378
	17.760000	6.054827
	17.780000	6.055120
	17.800000	6.057367
	17.820000	6.063065
	17.840000	6.072905
	17.860000	6.073849
	17.880000	6.073934
	17.900000	6.075640
	17.920000	6.069493
	17.940000	6.057191
	17.960000	6.041888
	17.980000	6.024318
	18.000000	6.004227
	18.020000	5.987608
	18.040000	5.977807
	18.060000	5.968645
	18.080000	5.957255
	18.100000	5.961071
	18.120000	5.965324
	18.140000	5.960452
	18.160000	5.960224
	18.180000	5.962334
	18.200000	5.961826
	18.220000	5.964601
	18.240000	5.972467
	18.260000	5.982854
	18.280000	5.989438
	18.300000	5.985485
	18.320000	5.977065
	18.340000	5.963194
	18.360000	5.939646
	18.380000	5.912829
	18.400000	5.894966
	18.420000	5.881179
	18.440000	5.868122
	18.460000	5.864059
	18.480000	5.868090
	18.500000	5.868943
	18.520000	5.875729
	18.540000	5.895955
	18.560000	5.899042
	18.580000	5.898762
	18.600000	5.914014
	18.620000	5.914457
	18.640000	5.898586
	18.660000	5.897115
	18.680000	5.893129
	18.700000	5.875403
	18.720000	5.860920
	18.740000	5.851594
	18.760000	5.839664
	18.780000	5.830495
	18.800000	5.826724
	18.820000	5.825135
	18.840000	5.820961
	18.860000	5.822088
	18.880000	5.825891
	18.900000	5.825259
	18.920000	5.824894
	18.940000	5.829570
	18.960000	5.833699
	18.980000	5.833399
	19.000000	5.832572
	19.020000	5.833920
	19.040000	5.833836
	19.060000	5.821332
	19.080000	5.816298
	19.100000	5.814540
	19.120000	5.801183
	19.140000	5.792620
	19.160000	5.789168
	19.180000	5.781119
	19.200000	5.777609
	19.220000	5.774210
	19.240000	5.768707
	19.260000	5.770296
	19.280000	5.769065
	19.300000	5.770348
	19.320000	5.778221
	19.340000	5.776111
	19.360000	5.774587
	19.380000	5.780676
	19.400000	5.778013
	19.420000	5.769033
	19.440000	5.768349
	19.460000	5.763465
	19.480000	5.752407
	19.500000	5.745243
	19.520000	5.743941
	19.540000	5.735644
	19.560000	5.728494
	19.580000	5.731229
	19.600000	5.728794
	19.620000	5.723362
	19.640000	5.723968
	19.660000	5.722334
	19.680000	5.714864
	19.700000	5.714708
	19.720000	5.713659
	19.740000	5.705636
	19.760000	5.703344
	19.780000	5.704425
	19.800000	5.704204
	19.820000	5.699821
	19.840000	5.696825
	19.860000	5.696936
	19.880000	5.690443
	19.900000	5.683423
	19.920000	5.682186
	19.940000	5.676735
	19.960000	5.672443
	19.980000	5.667344
	20.000000	5.661939
	20.020000	5.658449
	20.040000	5.651090
	20.060000	5.646987
	20.080000	5.643021
	20.100000	5.635311
	20.120000	5.632042
	20.140000	5.630616
	20.160000	5.624012
	20.180000	5.620118
	20.200000	5.620137
	20.220000	5.615058
	20.240000	5.611619
	20.260000	5.606299
	20.280000	5.603088
	20.300000	5.599422
	20.320000	5.594310
	20.340000	5.593431
	20.360000	5.593060
	20.380000	5.588442
	20.400000	5.585727
	20.420000	5.581116
	20.440000	5.572455
	20.460000	5.563286
	20.480000	5.563403
	20.500000	5.557405
	20.520000	5.540682
	20.540000	5.537992
	20.560000	5.536364
	20.580000	5.521647
	20.600000	5.517049
	20.620000	5.520462
	20.640000	5.514405
	20.660000	5.512966
	20.680000	5.518651
	20.700000	5.516730
	20.720000	5.510947
	20.740000	5.509078
	20.760000	5.510622
	20.780000	5.508004
	20.800000	5.501986
	20.820000	5.501192
	20.840000	5.499056
	20.860000	5.484325
	20.880000	5.473906
	20.900000	5.469647
	20.920000	5.458107
	20.940000	5.447388
	20.960000	5.444432
	20.980000	5.438147
	21.000000	5.431817
	21.020000	5.429382
	21.040000	5.430111
	21.060000	5.430534
	21.080000	5.434136
	21.100000	5.437919
	21.120000	5.440244
	21.140000	5.446203
	21.160000	5.456609
	21.180000	5.459677
	21.200000	5.460308
	21.220000	5.459514
	21.240000	5.446581
	21.260000	5.428366
	21.280000	5.414358
	21.300000	5.400246
	21.320000	5.389247
	21.340000	5.384044
	21.360000	5.383549
	21.380000	5.386010
	21.400000	5.390478
	21.420000	5.393024
	21.440000	5.390100
	21.460000	5.382513
	21.480000	5.374647
	21.500000	5.371410
	21.520000	5.375233
	21.540000	5.378411
	21.560000	5.386616
	21.580000	5.401620
	21.600000	5.402968
	21.620000	5.401373
	21.640000	5.404023
	21.660000	5.392021
	21.680000	5.379511
	21.700000	5.372700
	21.720000	5.358731
	21.740000	5.348689
	21.760000	5.342607
	21.780000	5.332018
	21.800000	5.321807
	21.820000	5.315112
	21.840000	5.311556
	21.860000	5.308476
	21.880000	5.303683
	21.900000	5.300316
	21.920000	5.303117
	21.940000	5.305598
	21.960000	5.300707
	21.980000	5.307363
	22.000000	5.317378
	22.020000	5.317587
	22.040000	5.315946
	22.060000	5.320830
	22.080000	5.318616
	22.100000	5.306106
	22.120000	5.299151
	22.140000	5.294703
	22.160000	5.280584
	22.180000	5.273883
	22.200000	5.269989
	22.220000	5.258677
	22.240000	5.253761
	22.260000	5.248811
	22.280000	5.240222
	22.300000	5.236379
	22.320000	5.231912
	22.340000	5.229757
	22.360000	5.230903
	22.380000	5.226142
	22.400000	5.225979
	22.420000	5.227712
	22.440000	5.220496
	22.460000	5.218881
	22.480000	5.220366
	22.500000	5.214251
	22.520000	5.211008
	22.540000	5.212323
	22.560000	5.205414
	22.580000	5.194688
	22.600000	5.189837
	22.620000	5.180694
	22.640000	5.170313
	22.660000	5.170287
	22.680000	5.172710
	22.700000	5.166399
	22.720000	5.161040
	22.740000	5.158904
	22.760000	5.152268
	22.780000	5.146407
	22.800000	5.146635
	22.820000	5.146211
	22.840000	5.141783
	22.860000	5.136293
	22.880000	5.134099
	22.900000	5.130400
	22.920000	5.119681
	22.940000	5.115044
	22.960000	5.116776
	22.980000	5.110577
	23.000000	5.104983
	23.020000	5.107685
	23.040000	5.098392
	23.060000	5.089060
	23.080000	5.090610
	23.100000	5.086761
	23.120000	5.077775
	23.140000	5.073398
	23.160000	5.074297
	23.180000	5.072070
	23.200000	5.067388
	23.220000	5.069641
	23.240000	5.070572
	23.260000	5.067681
	23.280000	5.066795
	23.300000	5.061650
	23.320000	5.059957
	23.340000	5.054904
	23.360000	5.047486
	23.380000	5.046243
	23.400000	5.041925
	23.420000	5.032866
	23.440000	5.036175
	23.460000	5.037705
	23.480000	5.030815
	23.500000	5.034039
	23.520000	5.035621
	23.540000	5.025964
	23.560000	5.024316
	23.580000	5.025469
	23.600000	5.017146
	23.620000	5.010237
	23.640000	5.007996
	23.660000	5.005098
	23.680000	5.005769
	23.700000	5.008387
	23.720000	5.004883
	23.740000	4.997896
	23.760000	4.998397
	23.780000	4.991840
	23.800000	4.983914
	23.820000	4.984689
	23.840000	4.982690
	23.860000	4.972941
	23.880000	4.972492
	23.900000	4.971320
	23.920000	4.962554
	23.940000	4.961174
	23.960000	4.959474
	23.980000	4.953626
	24.000000	4.954199
	24.020000	4.952551
	24.040000	4.949373
	24.060000	4.946163
	24.080000	4.947394
	24.100000	4.946371
	24.120000	4.942334
	24.140000	4.944502
	24.160000	4.942796
	24.180000	4.932220
	24.200000	4.927733
	24.220000	4.920804
	24.240000	4.908555
	24.260000	4.904706
	24.280000	4.901313
	24.300000	4.889520
	24.320000	4.888745
	24.340000	4.887240
	24.360000	4.876971
	24.380000	4.875909
	24.400000	4.878058
	24.420000	4.868414
	24.440000	4.857708
	24.460000	4.854510
	24.480000	4.847418
	24.500000	4.837318
	24.520000	4.838900
	24.540000	4.837904
	24.560000	4.830591
	24.580000	4.831613
	24.600000	4.834693
	24.620000	4.828344
	24.640000	4.826631
	24.660000	4.829686
	24.680000	4.826065
	24.700000	4.822828
	24.720000	4.821610
	24.740000	4.820542
	24.760000	4.817124
	24.780000	4.810527
	24.800000	4.801097
	24.820000	4.794500
	24.840000	4.783156
	24.860000	4.772424
	24.880000	4.762336
	24.900000	4.752574
	24.920000	4.742676
	24.940000	4.733930
	24.960000	4.725308
	24.980000	4.719388
	25.000000	4.715129
	25.020000	4.713566
	25.040000	4.714765
	25.060000	4.715514
	25.080000	4.722091
	25.100000	4.728798
	25.120000	4.730811
	25.140000	4.735350
	25.160000	4.739211
	25.180000	4.740983
	25.200000	4.737942
	25.220000	4.727034
	25.240000	4.718587
	25.260000	4.712342
	25.280000	4.701910
	25.300000	4.701389
	25.320000	4.707028
	25.340000	4.708005
	25.360000	4.714960
	25.380000	4.721765
	25.400000	4.719011
	25.420000	4.718958
	25.440000	4.717356
	25.460000	4.702515
	25.480000	4.686873
	25.500000	4.668261
	25.520000	4.644778
	25.540000	4.619953
	25.560000	4.600046
	25.580000	4.587744
	25.600000	4.583941
	25.620000	4.591547
	25.640000	4.619217
	25.660000	4.654676
	25.680000	4.695573
	25.700000	4.734112
	25.720000	4.752340
	25.740000	4.750230
	25.760000	4.740748
	25.780000	4.733031
	25.800000	4.722677
	25.820000	4.702294
	25.840000	4.679729
	25.860000	4.656767
	25.880000	4.620071
	25.900000	4.590753
	25.920000	4.571516
	25.940000	4.551438
	25.960000	4.530632
	25.980000	4.524393
	26.000000	4.521743
	26.020000	4.512378
	26.040000	4.506172
	26.060000	4.509917
	26.080000	4.507826
	26.100000	4.504303
	26.120000	4.509663
	26.140000	4.513420
	26.160000	4.505794
	26.180000	4.500715
	26.200000	4.499087
	26.220000	4.490289
	26.240000	4.484447
	26.260000	4.489234
	26.280000	4.490386
	26.300000	4.487756
	26.320000	4.487182
	26.340000	4.486056
	26.360000	4.477115
	26.380000	4.463752
	26.400000	4.456458
	26.420000	4.445622
	26.440000	4.432070
	26.460000	4.428755
	26.480000	4.426033
	26.500000	4.421591
	26.520000	4.418231
	26.540000	4.416479
	26.560000	4.420445
	26.580000	4.417723
	26.600000	4.415581
	26.620000	4.417202
	26.640000	4.412650
	26.660000	4.403663
	26.680000	4.396611
	26.700000	4.390437
	26.720000	4.382987
	26.740000	4.382173
	26.760000	4.380845
	26.780000	4.375876
	26.800000	4.370054
	26.820000	4.368817
	26.840000	4.364453
	26.860000	4.357336
	26.880000	4.352341
	26.900000	4.351761
	26.920000	4.342488
	26.940000	4.331801
	26.960000	4.331196
	26.980000	4.325882
	27.000000	4.318314
	27.020000	4.315990
	27.040000	4.312245
	27.060000	4.305505
	27.080000	4.300321
	27.100000	4.297019
	27.120000	4.294454
	27.140000	4.288059
	27.160000	4.284282
	27.180000	4.282836
	27.200000	4.276832
	27.220000	4.274240
	27.240000	4.270873
	27.260000	4.266503
	27.280000	4.264113
	27.300000	4.257679
	27.320000	4.254846
	27.340000	4.254482
	27.360000	4.251883
	27.380000	4.246980
	27.400000	4.244564
	27.420000	4.237114
	27.440000	4.228700
	27.460000	4.228211
	27.480000	4.226401
	27.500000	4.221335
	27.520000	4.221940
	27.540000	4.214607
	27.560000	4.205738
	27.580000	4.201759
	27.600000	4.197357
	27.620000	4.189281
	27.640000	4.187419
	27.660000	4.190148
	27.680000	4.184358
	27.700000	4.180444
	27.720000	4.183414
	27.740000	4.174935
	27.760000	4.164496
	27.780000	4.167537
	27.800000	4.159358
	27.820000	4.147883
	27.840000	4.144718
	27.860000	4.140720
	27.880000	4.133889
	27.900000	4.132065
	27.920000	4.132007
	27.940000	4.129031
	27.960000	4.126478
	27.980000	4.130646
	28.000000	4.130756
	28.020000	4.122336
	28.040000	4.114476
	28.060000	4.102142
	28.080000	4.092289
	28.100000	4.082019
	28.120000	4.075272
	28.140000	4.074725
	28.160000	4.070968
	28.180000	4.065973
	28.200000	4.067529
	28.220000	4.074960
	28.240000	4.079622
	28.260000	4.081784
	28.280000	4.077258
	28.300000	4.060770
	28.320000	4.043421
	28.340000	4.037899
	28.360000	4.034350
	28.380000	4.028944
	28.400000	4.028599
	28.420000	4.022712
	28.440000	4.015790
	28.460000	4.017164
	28.480000	4.019332
	28.500000	4.011114
	28.520000	3.998239
	28.540000	3.986876
	28.560000	3.973779
	28.580000	3.965522
	28.600000	3.957701
	28.620000	3.947939
	28.640000	3.944501
	28.660000	3.944592
	28.680000	3.945425
	28.700000	3.950401
	28.720000	3.950713
	28.740000	3.949189
	28.760000	3.946956
	28.780000	3.941642
	28.800000	3.936360
	28.820000	3.933150
	28.840000	3.929308
	28.860000	3.924886
	28.880000	3.920627
	28.900000	3.916661
	28.920000	3.911848
	28.940000	3.903910
	28.960000	3.905362
	28.980000	3.905336
	29.000000	3.896440
	29.020000	3.890996
	29.040000	3.882387
	29.060000	3.859770
	29.080000	3.844323
	29.100000	3.836886
	29.120000	3.825008
	29.140000	3.822794
	29.160000	3.828805
	29.180000	3.828349
	29.200000	3.821557
	29.220000	3.816555
	29.240000	3.812928
	29.260000	3.814035
	29.280000	3.823686
	29.300000	3.835649
	29.320000	3.839289
	29.340000	3.841517
	29.360000	3.834991
	29.380000	3.819173
	29.400000	3.804872
	29.420000	3.796289
	29.440000	3.795130
	29.460000	3.797142
	29.480000	3.793463
	29.500000	3.782907
	29.520000	3.767863
	29.540000	3.751199
	29.560000	3.740792
	29.580000	3.737946
	29.600000	3.732750
	29.620000	3.723919
	29.640000	3.719966
	29.660000	3.714086
	29.680000	3.702110
	29.700000	3.690785
	29.720000	3.683257
	29.740000	3.676256
	29.760000	3.670330
	29.780000	3.669470
	29.800000	3.668930
	29.820000	3.657521
	29.840000	3.650272
	29.860000	3.647414
	29.880000	3.644425
	29.900000	3.644366
	29.920000	3.646984
	29.940000	3.649042
	29.960000	3.649927
	29.980000	3.648306
	30.000000	3.648964
	30.020000	3.646600
	30.040000	3.636512
	30.060000	3.630267
	30.080000	3.625611
	30.100000	3.616826
	30.120000	3.607025
	30.140000	3.600975
	30.160000	3.592236
	30.180000	3.579687
	30.200000	3.568408
	30.220000	3.559942
	30.240000	3.549724
	30.260000	3.545315
	30.280000	3.539317
	30.300000	3.528182
	30.320000	3.524216
	30.340000	3.520295
	30.360000	3.510592
	30.380000	3.505812
	30.400000	3.503044
	30.420000	3.497711
	30.440000	3.496487
	30.460000	3.497978
	30.480000	3.498115
	30.500000	3.500856
	30.520000	3.503585
	30.540000	3.501807
	30.560000	3.501872
	30.580000	3.499456
	30.600000	3.495054
	30.620000	3.490639
	30.640000	3.483247
	30.660000	3.470119
	30.680000	3.455395
	30.700000	3.442553
	30.720000	3.426995
	30.740000	3.410714
	30.760000	3.402431
	30.780000	3.393568
	30.800000	3.382250
	30.820000	3.378980
	30.840000	3.372716
	30.860000	3.363709
	30.880000	3.359652
	30.900000	3.355315
	30.920000	3.351486
	30.940000	3.350939
	30.960000	3.352567
	30.980000	3.354429
	31.000000	3.355139
	31.020000	3.361196
	31.040000	3.368287
	31.060000	3.370384
	31.080000	3.365227
	31.100000	3.353322
	31.120000	3.339315
	31.140000	3.328218
	31.160000	3.314112
	31.180000	3.297128
	31.200000	3.277716
	31.220000	3.252064
	31.240000	3.227194
	31.260000	3.213955
	31.280000	3.209643
	31.300000	3.212242
	31.320000	3.216664
	31.340000	3.219874
	31.360000	3.219477
	31.380000	3.217334
	31.400000	3.216996
	31.420000	3.220382
	31.440000	3.227161
	31.460000	3.231420
	31.480000	3.226784
	31.500000	3.211428
	31.520000	3.195746
	31.540000	3.177890
	31.560000	3.157357
	31.580000	3.146084
	31.600000	3.143434
	31.620000	3.134597
	31.640000	3.125857
	31.660000	3.127980
	31.680000	3.128788
	31.700000	3.121592
	31.720000	3.115685
	31.740000	3.106711
	31.760000	3.086986
	31.780000	3.074613
	31.800000	3.071708
	31.820000	3.062018
	31.840000	3.053832
	31.860000	3.052686
	31.880000	3.048225
	31.900000	3.045353
	31.920000	3.050733
	31.940000	3.060644
	31.960000	3.068999
	31.980000	3.073434
	32.000000	3.075511
	32.020000	3.070712
	32.040000	3.058879
	32.060000	3.046311
	32.080000	3.032420
	32.100000	3.015860
	32.120000	3.005349
	32.140000	2.995522
	32.160000	2.984341
	32.180000	2.976558
	32.200000	2.972697
	32.220000	2.969135
	32.240000	2.964263
	32.260000	2.957784
	32.280000	2.954905
	32.300000	2.952001
	32.320000	2.947221
	32.340000	2.948243
	32.360000	2.949422
	32.380000	2.946765
	32.400000	2.944577
	32.420000	2.944382
	32.440000	2.939869
	32.460000	2.928798
	32.480000	2.921146
	32.500000	2.913787
	32.520000	2.899773
	32.540000	2.886573
	32.560000	2.874655
	32.580000	2.860583
	32.600000	2.851185
	32.620000	2.841808
	32.640000	2.831063
	32.660000	2.829467
	32.680000	2.832053
	32.700000	2.828380
	32.720000	2.824329
	32.740000	2.827624
	32.760000	2.826901
	32.780000	2.819458
	32.800000	2.812405
	32.820000	2.807690
	32.840000	2.800169
	32.860000	2.793513
	32.880000	2.783634
	32.900000	2.772095
	32.920000	2.761857
	32.940000	2.751217
	32.960000	2.740406
	32.980000	2.731836
	33.000000	2.721228
	33.020000	2.712749
	33.040000	2.708679
	33.060000	2.708425
	33.080000	2.708920
	33.100000	2.704485
	33.120000	2.697054
	33.140000	2.689598
	33.160000	2.682304
	33.180000	2.674425
	33.200000	2.665190
	33.220000	2.653807
	33.240000	2.647073
	33.260000	2.641903
	33.280000	2.627595
	33.300000	2.609993
	33.320000	2.600322
	33.340000	2.597639
	33.360000	2.593100
	33.380000	2.590899
	33.400000	2.588177
	33.420000	2.578825
	33.440000	2.573707
	33.460000	2.575341
	33.480000	2.572743
	33.500000	2.569663
	33.520000	2.568191
	33.540000	2.552666
	33.560000	2.540885
	33.580000	2.544154
	33.600000	2.544975
	33.620000	2.534744
	33.640000	2.521922
	33.660000	2.508565
	33.680000	2.492994
	33.700000	2.476011
	33.720000	2.462635
	33.740000	2.451127
	33.760000	2.439392
	33.780000	2.431291
	33.800000	2.423952
	33.820000	2.415890
	33.840000	2.411559
	33.860000	2.407177
	33.880000	2.396269
	33.900000	2.384416
	33.920000	2.377481
	33.940000	2.373561
	33.960000	2.369262
	33.980000	2.363108
	34.000000	2.358211
	34.020000	2.350820
	34.040000	2.342315
	34.060000	2.335757
	34.080000	2.329076
	34.100000	2.320043
	34.120000	2.307247
	34.140000	2.295368
	34.160000	2.286017
	34.180000	2.279381
	34.200000	2.274295
	34.220000	2.268694
	34.240000	2.258581
	34.260000	2.245478
	34.280000	2.231490
	34.300000	2.217971
	34.320000	2.208424
	34.340000	2.201781
	34.360000	2.194481
	34.380000	2.186790
	34.400000	2.180115
	34.420000	2.176612
	34.440000	2.167475
	34.460000	2.153324
	34.480000	2.146734
	34.500000	2.148166
	34.520000	2.145210
	34.540000	2.138887
	34.560000	2.135110
	34.580000	2.128936
	34.600000	2.112864
	34.620000	2.096427
	34.640000	2.077893
	34.660000	2.059516
	34.680000	2.048399
	34.700000	2.037726
	34.720000	2.027912
	34.740000	2.018958
	34.760000	2.006220
	34.780000	1.992401
	34.800000	1.984183
	34.820000	1.980373
	34.840000	1.976062
	34.860000	1.972076
	34.880000	1.971100
	34.900000	1.966730
	34.920000	1.956825
	34.940000	1.946503
	34.960000	1.935882
	34.980000	1.923795
	35.000000	1.916026
	35.020000	1.905990
	35.040000	1.892582
	35.060000	1.876243
	35.080000	1.857383
	35.100000	1.842581
	35.120000	1.827837
	35.140000	1.811401
	35.160000	1.801671
	35.180000	1.792639
	35.200000	1.780025
	35.220000	1.772764
	35.240000	1.769853
	35.260000	1.762924
	35.280000	1.753937
	35.300000	1.748799
	35.320000	1.741062
	35.340000	1.731997
	35.360000	1.720171
	35.380000	1.707616
	35.400000	1.695542
	35.420000	1.683612
	35.440000	1.670626
	35.460000	1.654658
	35.480000	1.641328
	35.500000	1.628961
	35.520000	1.615748
	35.540000	1.604827
	35.560000	1.595176
	35.580000	1.582913
	35.600000	1.567877
	35.620000	1.550834
	35.640000	1.536579
	35.660000	1.524473
	35.680000	1.510732
	35.700000	1.499238
	35.720000	1.490140
	35.740000	1.479753
	35.760000	1.470669
	35.780000	1.462157
	35.800000	1.448202
	35.820000	1.433855
	35.840000	1.424478
	35.860000	1.418688
	35.880000	1.411011
	35.900000	1.399790
	35.920000	1.385392
	35.940000	1.366076
	35.960000	1.344111
	35.980000	1.326332
	36.000000	1.308886
	36.020000	1.294129
	36.040000	1.284556
	36.060000	1.274085
	36.080000	1.263463
	36.100000	1.254431
	36.120000	1.244383
	36.140000	1.228122
	36.160000	1.206918
	36.180000	1.189035
	36.200000	1.179840
	36.220000	1.169609
	36.240000	1.153681
	36.260000	1.137003
	36.280000	1.123366
	36.300000	1.113631
	36.320000	1.107229
	36.340000	1.104859
	36.360000	1.105614
	36.380000	1.107216
	36.400000	1.111729
	36.420000	1.115031
	36.440000	1.117128
	36.460000	1.119908
	36.480000	1.121256
	36.500000	1.119153
	36.520000	1.116105
	36.540000	1.112641
	36.560000	1.108382
	36.580000	1.104624
	36.600000	1.100834
	36.620000	1.095820
	36.640000	1.090030
	36.660000	1.084573
	36.680000	1.080236
	36.700000	1.075358
	36.720000	1.070832
	36.740000	1.069263
	36.760000	1.067589
	36.780000	1.064978
	36.800000	1.064255
	36.820000	1.064841
	36.840000	1.063278
	36.860000	1.063239
	36.880000	1.064809
	36.900000	1.064190
	36.920000	1.061806
	36.940000	1.061735
	36.960000	1.060992
	36.980000	1.057476
	37.000000	1.056382
	37.020000	1.055444
	37.040000	1.051517
	37.060000	1.048593
	37.080000	1.047590
	37.100000	1.044790
	37.120000	1.043390
	37.140000	1.042061
	37.160000	1.041124
	37.180000	1.041260
	37.200000	1.041710
	37.220000	1.040993
	37.240000	1.039443
	37.260000	1.039307
	37.280000	1.038297
	37.300000	1.036324
	37.320000	1.033459
	37.340000	1.032078
	37.360000	1.031173
	37.380000	1.028607
	37.400000	1.025038
	37.420000	1.022955
	37.440000	1.020897
	37.460000	1.017009
	37.480000	1.014248
	37.500000	1.014020
	37.520000	1.011981
	37.540000	1.009279
	37.560000	1.009116
	37.580000	1.008595
	37.600000	1.007052
	37.620000	1.007449
	37.640000	1.006361
	37.660000	1.004375
	37.680000	1.002363
	37.700000	1.001816
	37.720000	1.000911
	37.740000	0.998573
	37.760000	0.997388
	37.780000	0.995265
	37.800000	0.992920
	37.820000	0.992067
	37.840000	0.990244
	37.860000	0.987606
	37.880000	0.986082
	37.900000	0.983803
	37.920000	0.982488
	37.940000	0.981895
	37.960000	0.981003
	37.980000	0.978991
	38.000000	0.976041
	38.020000	0.974881
	38.040000	0.975220
	38.060000	0.974777
	38.080000	0.973045
	38.100000	0.971176
	38.120000	0.968851
	38.140000	0.966487
	38.160000	0.964885
	38.180000	0.964299
	38.200000	0.964078
	38.220000	0.961890
	38.240000	0.958477
	38.260000	0.955944
	38.280000	0.953359
	38.300000	0.952440
	38.320000	0.951770
	38.340000	0.949243
	38.360000	0.945752
	38.380000	0.943271
	38.400000	0.942561
	38.420000	0.940783
	38.440000	0.937983
	38.460000	0.936544
	38.480000	0.934108
	38.500000	0.930644
	38.520000	0.927766
	38.540000	0.926352
	38.560000	0.925936
	38.580000	0.926222
	38.600000	0.925877
	38.620000	0.925532
	38.640000	0.923767
	38.660000	0.921345
	38.680000	0.919567
	38.700000	0.917327
	38.720000	0.914897
	38.740000	0.914162
	38.760000	0.912683
	38.780000	0.910072
	38.800000	0.908769
	38.820000	0.906764
	38.840000	0.903553
	38.860000	0.902602
	38.880000	0.903651
	38.900000	0.902127
	38.920000	0.900519
	38.940000	0.898174
	38.960000	0.894586
	38.980000	0.890151
	39.000000	0.889011
	39.020000	0.888184
	39.040000	0.886550
	39.060000	0.885521
	39.080000	0.884811
	39.100000	0.880800
	39.120000	0.878006
	39.140000	0.876352
	39.160000	0.874033
	39.180000	0.872425
	39.200000	0.872685
	39.220000	0.871344
	39.240000	0.869104
	39.260000	0.868622
	39.280000	0.866968
	39.300000	0.862976
	39.320000	0.858795
	39.340000	0.856750
	39.360000	0.855995
	39.380000	0.853976
	39.400000	0.852204
	39.420000	0.850928
	39.440000	0.848877
	39.460000	0.845432
	39.480000	0.843100
	39.500000	0.840691
	39.520000	0.838783
	39.540000	0.837585
	39.560000	0.837200
	39.580000	0.836334
	39.600000	0.836347
	39.620000	0.835839
	39.640000	0.833397
	39.660000	0.830219
	39.680000	0.828051
	39.700000	0.825303
	39.720000	0.823609
	39.740000	0.821714
	39.760000	0.818842
	39.780000	0.816374
	39.800000	0.812727
	39.820000	0.808065
	39.840000	0.803467
	39.860000	0.799534
	39.880000	0.795659
	39.900000	0.792220
	39.920000	0.789147
	39.940000	0.786288
	39.960000	0.783116
	39.980000	0.781176
	40.000000	0.780355
	40.020000	0.779912
	40.040000	0.780831
	40.060000	0.783325
	40.080000	0.784660
	40.100000	0.786685
	40.120000	0.788587
	40.140000	0.788632
	40.160000	0.787812
	40.180000	0.785891
	40.200000	0.780928
	40.220000	0.774768
	40.240000	0.769213
	40.260000	0.763020
	40.280000	0.755596
	40.300000	0.749891
	40.320000	0.744434
	40.340000	0.737811
	40.360000	0.732504
	40.380000	0.728160
	40.400000	0.723478
	40.420000	0.720645
	40.440000	0.717975
	40.460000	0.714491
	40.480000	0.710212
	40.500000	0.707458
	40.520000	0.704781
	40.540000	0.701499
	40.560000	0.698940
	40.580000	0.697605
	40.600000	0.695794
	40.620000	0.692987
	40.640000	0.692219
	40.660000	0.691594
	40.680000	0.689640
	40.700000	0.688110
	40.720000	0.687322
	40.740000	0.685173
	40.760000	0.682503
	40.780000	0.679494
	40.800000	0.675886
	40.820000	0.672324
	40.840000	0.668098
	40.860000	0.665740
	40.880000	0.662667
	40.900000	0.658994
	40.920000	0.656701
	40.940000	0.652853
	40.960000	0.649571
	40.980000	0.646777
	41.000000	0.643403
	41.020000	0.640108
	41.040000	0.638135
	41.060000	0.634990
	41.080000	0.631063
	41.100000	0.628139
	41.120000	0.624238
	41.140000	0.619966
	41.160000	0.617368
	41.180000	0.615114
	41.200000	0.612516
	41.220000	0.610256
	41.240000	0.607860
	41.260000	0.605229
	41.280000	0.601530
	41.300000	0.597668
	41.320000	0.595630
	41.340000	0.593657
	41.360000	0.590023
	41.380000	0.585484
	41.400000	0.582632
	41.420000	0.580619
	41.440000	0.578197
	41.460000	0.577754
	41.480000	0.577702
	41.500000	0.576647
	41.520000	0.576178
	41.540000	0.575963
	41.560000	0.574869
	41.580000	0.573749
	41.600000	0.573508
	41.620000	0.572961
	41.640000	0.572713
	41.660000	0.573319
	41.680000	0.573573
	41.700000	0.572798
	41.720000	0.572342
	41.740000	0.571489
	41.760000	0.569503
	41.780000	0.568259
	41.800000	0.567725
	41.820000	0.567777
	41.840000	0.567934
	41.860000	0.568611
	41.880000	0.568513
	41.900000	0.566918
	41.920000	0.565830
	41.940000	0.565185
	41.960000	0.564449
	41.980000	0.563798
	42.000000	0.563297
	42.020000	0.563440
	42.040000	0.562548
	42.060000	0.561350
	42.080000	0.560978
	42.100000	0.560523
	42.120000	0.560151
	42.140000	0.559852
	42.160000	0.559429
	42.180000	0.558979
	42.200000	0.558543
	42.220000	0.557918
	42.240000	0.558289
	42.260000	0.558230
	42.280000	0.557768
	42.300000	0.557866
	42.320000	0.557091
	42.340000	0.556088
	42.360000	0.555795
	42.380000	0.555222
	42.400000	0.554408
	42.420000	0.554681
	42.440000	0.554427
	42.460000	0.552578
	42.480000	0.552239
	42.500000	0.552031
	42.520000	0.550761
	42.540000	0.549634
	42.560000	0.549771
	42.580000	0.549133
	42.600000	0.547505
	42.620000	0.547107
	42.640000	0.546860
	42.660000	0.545401
	42.680000	0.544600
	42.700000	0.545037
	42.720000	0.543786
	42.740000	0.542634
	42.760000	0.543083
	42.780000	0.543109
	42.800000	0.542901
	42.820000	0.542829
	42.840000	0.542367
	42.860000	0.541286
	42.880000	0.541077
	42.900000	0.541663
	42.920000	0.541246
	42.940000	0.540914
	42.960000	0.541325
	42.980000	0.541377
	43.000000	0.541097
	43.020000	0.540856
	43.040000	0.540426
	43.060000	0.539671
	43.080000	0.538674
	43.100000	0.538609
	43.120000	0.538049
	43.140000	0.536747
	43.160000	0.535783
	43.180000	0.535698
	43.200000	0.534682
	43.220000	0.533601
	43.240000	0.532963
	43.260000	0.532221
	43.280000	0.530886
	43.300000	0.529837
	43.320000	0.529199
	43.340000	0.528652
	43.360000	0.527988
	43.380000	0.527395
	43.400000	0.527265
	43.420000	0.526614
	43.440000	0.525995
	43.460000	0.526190
	43.480000	0.526281
	43.500000	0.526457
	43.520000	0.526340
	43.540000	0.525923
	43.560000	0.526210
	43.580000	0.526783
	43.600000	0.526496
	43.620000	0.525988
	43.640000	0.525988
	43.660000	0.525793
	43.680000	0.525122
	43.700000	0.524614
	43.720000	0.523820
	43.740000	0.522941
	43.760000	0.521677
	43.780000	0.520251
	43.800000	0.520101
	43.820000	0.519313
	43.840000	0.517360
	43.860000	0.516383
	43.880000	0.515862
	43.900000	0.514351
	43.920000	0.512951
	43.940000	0.512970
	43.960000	0.512020
	43.980000	0.510587
	44.000000	0.510776
	44.020000	0.510698
	44.040000	0.509591
	44.060000	0.509298
	44.080000	0.509050
	44.100000	0.508738
	44.120000	0.508757
	44.140000	0.508484
	44.160000	0.509180
	44.180000	0.509981
	44.200000	0.510255
	44.220000	0.510724
	44.240000	0.510971
	44.260000	0.509838
	44.280000	0.508757
	44.300000	0.507494
	44.320000	0.505605
	44.340000	0.504199
	44.360000	0.502746
	44.380000	0.501561
	44.400000	0.499731
	44.420000	0.497764
	44.440000	0.496495
	44.460000	0.495107
	44.480000	0.494626
	44.500000	0.494749
	44.520000	0.493929
	44.540000	0.493896
	44.560000	0.494873
	44.580000	0.495062
	44.600000	0.494717
	44.620000	0.495804
	44.640000	0.495615
	44.660000	0.493896
	44.680000	0.493740
	44.700000	0.494756
	44.720000	0.495179
	44.740000	0.496097
	44.760000	0.496807
	44.780000	0.494788
	44.800000	0.492086
	44.820000	0.489273
	44.840000	0.485417
	44.860000	0.482109
	44.880000	0.481015
	44.900000	0.480012
	44.920000	0.479140
	44.940000	0.479498
	44.960000	0.480032
	44.980000	0.479589
	45.000000	0.480585
	45.020000	0.481165
	45.040000	0.480331
	45.060000	0.480403
	45.080000	0.480305
	45.100000	0.478853
	45.120000	0.478449
	45.140000	0.478078
	45.160000	0.476697
	45.180000	0.476372
	45.200000	0.476111
	45.220000	0.475200
	45.240000	0.474535
	45.260000	0.475349
	45.280000	0.475538
	45.300000	0.476105
	45.320000	0.476945
	45.340000	0.477459
	45.360000	0.477147
	45.380000	0.477479
	45.400000	0.477205
	45.420000	0.475616
	45.440000	0.474841
	45.460000	0.473500
	45.480000	0.471820
	45.500000	0.471019
	45.520000	0.470583
	45.540000	0.468616
	45.560000	0.467235
	45.580000	0.466708
	45.600000	0.465757
	45.620000	0.464871
	45.640000	0.465015
	45.660000	0.465483
	45.680000	0.465008
	45.700000	0.464643
	45.720000	0.464695
	45.740000	0.463745
	45.760000	0.462729
	45.780000	0.462631
	45.800000	0.462631
	45.820000	0.462826
	45.840000	0.462729
	45.860000	0.463491
	45.880000	0.463172
	45.900000	0.462488
	45.920000	0.461511
	45.940000	0.460365
	45.960000	0.458450
	45.980000	0.457395
	46.000000	0.457272
	46.020000	0.456796
	46.040000	0.456510
	46.060000	0.456151
	46.080000	0.455077
	46.100000	0.453989
	46.120000	0.452837
	46.140000	0.451905
	46.160000	0.451463
	46.180000	0.451163
	46.200000	0.451391
	46.220000	0.451300
	46.240000	0.450590
	46.260000	0.450655
	46.280000	0.450440
	46.300000	0.449424
	46.320000	0.448864
	46.340000	0.448747
	46.360000	0.446937
	46.380000	0.445960
	46.400000	0.445725
	46.420000	0.445263
	46.440000	0.443785
	46.460000	0.443088
	46.480000	0.442333
	46.500000	0.441388
	46.520000	0.440620
	46.540000	0.439799
	46.560000	0.438334
	46.580000	0.437963
	46.600000	0.437976
	46.620000	0.437260
	46.640000	0.436537
	46.660000	0.437409
	46.680000	0.437403
	46.700000	0.437006
	46.720000	0.436647
	46.740000	0.436048
	46.760000	0.435527
	46.780000	0.434987
	46.800000	0.434967
	46.820000	0.434277
	46.840000	0.433176
	46.860000	0.432467
	46.880000	0.431783
	46.900000	0.430897
	46.920000	0.429829
	46.940000	0.428937
	46.960000	0.427276
	46.980000	0.425967
	47.000000	0.424756
	47.020000	0.423330
	47.040000	0.422347
	47.060000	0.421643
	47.080000	0.420933
	47.100000	0.420465
	47.120000	0.420087
	47.140000	0.419266
	47.160000	0.419260
	47.180000	0.418947
	47.200000	0.418596
	47.220000	0.417768
	47.240000	0.416961
	47.260000	0.416394
	47.280000	0.415776
	47.300000	0.415672
	47.320000	0.415515
	47.340000	0.414545
	47.360000	0.414604
	47.380000	0.414805
	47.400000	0.413549
	47.420000	0.412774
	47.440000	0.412591
	47.460000	0.411100
	47.480000	0.410748
	47.500000	0.411250
	47.520000	0.410110
	47.540000	0.408638
	47.560000	0.407902
	47.580000	0.406848
	47.600000	0.405402
	47.620000	0.404809
	47.640000	0.405298
	47.660000	0.404718
	47.680000	0.403689
	47.700000	0.402751
	47.720000	0.401097
	47.740000	0.399606
	47.760000	0.399411
	47.780000	0.399137
	47.800000	0.398115
	47.820000	0.396578
	47.840000	0.395165
	47.860000	0.393992
	47.880000	0.393016
	47.900000	0.392332
	47.920000	0.391596
	47.940000	0.391049
	47.960000	0.391094
	47.980000	0.390547
	48.000000	0.389818
	48.020000	0.389466
	48.040000	0.388926
	48.060000	0.388796
	48.080000	0.389160
	48.100000	0.389336
	48.120000	0.388900
	48.140000	0.387793
	48.160000	0.386555
	48.180000	0.385852
	48.200000	0.384660
	48.220000	0.382967
	48.240000	0.381893
	48.260000	0.380948
	48.280000	0.379184
	48.300000	0.377712
	48.320000	0.376676
	48.340000	0.374853
	48.360000	0.373466
	48.380000	0.372671
	48.400000	0.371532
	48.420000	0.370822
	48.440000	0.370548
	48.460000	0.370223
	48.480000	0.369109
	48.500000	0.368432
	48.520000	0.368269
	48.540000	0.367325
	48.560000	0.366863
	48.580000	0.367305
	48.600000	0.366804
	48.620000	0.365938
	48.640000	0.365384
	48.660000	0.365059
	48.680000	0.364681
	48.700000	0.364212
	48.720000	0.364798
	48.740000	0.364922
	48.760000	0.363216
	48.780000	0.361952
	48.800000	0.360487
	48.820000	0.357583
	48.840000	0.354913
	48.860000	0.353128
	48.880000	0.350947
	48.900000	0.348746
	48.920000	0.347990
	48.940000	0.347144
	48.960000	0.345574
	48.980000	0.344715
	49.000000	0.345144
	49.020000	0.345268
	49.040000	0.344715
	49.060000	0.344630
	49.080000	0.343751
	49.100000	0.343953
	49.120000	0.344272
	49.140000	0.343803
	49.160000	0.342702
	49.180000	0.343445
	49.200000	0.344793
	49.220000	0.345470
	49.240000	0.344969
	49.260000	0.341914
	49.280000	0.337818
	49.300000	0.333396
	49.320000	0.328675
	49.340000	0.326044
	49.360000	0.324208
	49.380000	0.322781
	49.400000	0.322111
	49.420000	0.321720
	49.440000	0.321336
	49.460000	0.321329
	49.480000	0.322039
	49.500000	0.321941
	49.520000	0.321570
	49.540000	0.321225
	49.560000	0.320763
	49.580000	0.319603
	49.600000	0.318060
	49.620000	0.316458
	49.640000	0.314498
	49.660000	0.313137
	49.680000	0.312479
	49.700000	0.311593
	49.720000	0.310792
	49.740000	0.310434
	49.760000	0.310135
	49.780000	0.309881
	49.800000	0.309750
	49.820000	0.310551
	49.840000	0.310903
	49.860000	0.310734
	49.880000	0.310643
	49.900000	0.310421
	49.920000	0.308891
	49.940000	0.307680
	49.960000	0.306462
	49.980000	0.304717
	50.000000	0.302763
