	0.000000	2.235209
	0.020000	2.240679
	0.040000	2.236895
	0.060000	2.226020
	0.080000	2.227068
	0.100000	2.227134
	0.120000	2.225408
	0.140000	2.229914
	0.160000	2.235651
	0.180000	2.234193
	0.200000	2.236856
	0.220000	2.238393
	0.240000	2.236335
	0.260000	2.233991
	0.280000	2.237957
	0.300000	2.237488
	0.320000	2.233209
	0.340000	2.239136
	0.360000	2.237911
	0.380000	2.235039
	0.400000	2.235371
	0.420000	2.238582
	0.440000	2.240086
	0.460000	2.235573
	0.480000	2.237918
	0.500000	2.235912
	0.520000	2.231881
	0.540000	2.230859
	0.560000	2.229198
	0.580000	2.223838
	0.600000	2.220908
	0.620000	2.226593
	0.640000	2.238224
	0.660000	2.235131
	0.680000	2.242379
	0.700000	2.239253
	0.720000	2.236557
	0.740000	2.236759
	0.760000	2.237364
	0.780000	2.232220
	0.800000	2.228586
	0.820000	2.243173
	0.840000	3.107910
	0.860000	4.078177
	0.880000	5.184646
	0.900000	6.909718
	0.920000	8.559006
	0.940000	9.980940
	0.960000	9.981103
	0.980000	9.980882
	1.000000	9.980875
	1.020000	9.980823
	1.040000	9.981044
	1.060000	9.981031
	1.080000	9.981136
	1.100000	9.981064
	1.120000	9.981155
	1.140000	9.981266
	1.160000	9.981162
	1.180000	9.981136
	1.200000	9.981083
	1.220000	9.980992
	1.240000	9.076753
	1.260000	7.979491
	1.280000	6.977881
	1.300000	5.909384
	1.320000	4.923058
	1.340000	4.094711
	1.360000	3.457615
	1.380000	2.992031
	1.400000	2.612734
	1.420000	2.311662
	1.440000	2.047605
	1.460000	1.849901
	1.480000	1.663854
	1.500000	1.471281
	1.520000	1.280428
	1.540000	1.108610
	1.560000	0.955898
	1.580000	0.829529
	1.600000	0.710479
	1.620000	0.582508
	1.640000	0.413711
	1.660000	0.345008
	1.680000	0.300861
	1.700000	0.270964
	1.720000	0.249102
	1.740000	0.231129
	1.760000	0.216802
	1.780000	0.204246
	1.800000	0.192720
	1.820000	0.182580
	1.840000	0.173118
	1.860000	0.164860
	1.880000	0.158537
	1.900000	0.154343
	1.920000	0.148625
	1.940000	0.142237
	1.960000	0.136617
	1.980000	0.133810
	2.000000	0.130268
	2.020000	0.126608
	2.040000	0.125195
	2.060000	0.123905
	2.080000	0.122987
	2.100000	0.121808
	2.120000	0.120421
	2.140000	0.119314
	2.160000	0.118493
	2.180000	0.116716
	2.200000	0.114501
	2.220000	0.114098
	2.240000	0.114130
	2.260000	0.113551
	2.280000	0.109813
	2.300000	0.106986
	2.320000	0.103594
	2.340000	0.100383
	2.360000	0.096827
	2.380000	0.093897
	2.400000	0.091826
	2.420000	0.090055
	2.440000	0.086505
	2.460000	0.082077
	2.480000	0.077760
	2.500000	0.072784
	2.520000	0.066552
	2.540000	0.061707
	2.560000	0.056035
	2.580000	0.046332
	2.600000	0.031868
	2.620000	0.012931
	2.640000	0.006041
	2.660000	0.003527
	2.680000	0.002947
	2.700000	0.002641
	2.720000	0.002518
	2.740000	0.002544
	2.760000	0.002224
	2.780000	0.002491
	2.800000	0.002504
	2.820000	0.002563
	2.840000	0.002622
	2.860000	0.002876
	2.880000	0.002817
	2.900000	0.002791
	2.920000	0.003097
	2.940000	0.003123
	2.960000	0.003208
	2.980000	0.003390
	3.000000	0.003722
	3.020000	0.003970
	3.040000	0.004373
	3.060000	0.004536
	3.080000	0.004907
	3.100000	0.005442
	3.120000	0.005949
	3.140000	0.006770
	3.160000	0.007376
	3.180000	0.008092
	3.200000	0.009088
	3.220000	0.010189
	3.240000	0.011211
	3.260000	0.012410
	3.280000	0.014272
	3.300000	0.016278
	3.320000	0.019000
	3.340000	0.022022
	3.360000	0.025909
	3.380000	0.029927
	3.400000	0.034636
	3.420000	0.040549
	3.440000	0.048793
	3.460000	0.060020
	3.480000	0.075194
	3.500000	0.096573
	3.520000	0.127897
	3.540000	0.174713
	3.560000	0.251453
	3.580000	0.363476
	3.600000	0.492789
	3.620000	0.609201
	3.640000	0.703146
	3.660000	0.767455
	3.680000	0.812311
	3.700000	0.844572
	3.720000	0.864936
	3.740000	0.876996
	3.760000	0.895608
	3.780000	0.921332
	3.800000	0.946039
	3.820000	0.979779
	3.840000	0.988316
	3.860000	0.990973
	3.880000	1.004095
	3.900000	1.017771
	3.920000	1.031192
	3.940000	1.040472
	3.960000	1.049700
	3.980000	1.055783
	4.000000	1.048880
	4.020000	1.042400
	4.040000	1.039906
	4.060000	1.039105
	4.080000	1.041085
	4.100000	1.048997
	4.120000	1.063330
	4.140000	1.074447
	4.160000	1.070976
	4.180000	1.053158
	4.200000	1.032254
	4.220000	1.015400
	4.240000	1.005730
	4.260000	0.992588
	4.280000	0.967900
	4.300000	0.944020
	4.320000	0.930051
	4.340000	0.926378
	4.360000	0.907962
	4.380000	0.869273
	4.400000	0.823297
	4.420000	0.786119
	4.440000	0.749071
	4.460000	0.703283
	4.480000	0.649063
	4.500000	0.590375
	4.520000	0.525051
	4.540000	0.428468
	4.560000	0.246979
	4.580000	0.080866
	4.600000	0.027778
	4.620000	0.010892
	4.640000	0.004680
	4.660000	0.001489
	4.680000	-0.000152
	4.700000	-0.000732
	4.720000	-0.001142
	4.740000	-0.001201
	4.760000	-0.001279
	4.780000	-0.001559
	4.800000	-0.001585
	4.820000	-0.001878
	4.840000	-0.001696
	4.860000	-0.001963
	4.880000	-0.001859
	4.900000	-0.001885
	4.920000	-0.002178
	4.940000	-0.002061
	4.960000	-0.002158
	4.980000	-0.002119
	5.000000	-0.001930
	5.020000	-0.002197
	5.040000	-0.002061
	5.060000	-0.002139
	5.080000	-0.001950
	5.100000	-0.001937
	5.120000	-0.001865
	5.140000	-0.001989
	5.160000	-0.002126
	5.180000	-0.002008
	5.200000	-0.001963
	5.220000	-0.002028
	5.240000	-0.001846
	5.260000	-0.001761
	5.280000	-0.001911
	5.300000	-0.001702
	5.320000	-0.001839
	5.340000	-0.001813
	5.360000	-0.001833
	5.380000	-0.001963
	5.400000	-0.001963
	5.420000	-0.001989
	5.440000	-0.002087
	5.460000	-0.001898
	5.480000	-0.001826
	5.500000	-0.001741
	5.520000	-0.001748
	5.540000	-0.001351
	5.560000	-0.001097
	5.580000	-0.000921
	5.600000	-0.000973
	5.620000	-0.000419
	5.640000	-0.000270
	5.660000	0.000180
	5.680000	0.000486
	5.700000	0.000688
	5.720000	0.000961
	5.740000	0.000961
	5.760000	0.001261
	5.780000	0.001423
	5.800000	0.001235
	5.820000	0.001645
	5.840000	0.001769
	5.860000	0.001560
	5.880000	0.001580
	5.900000	0.001410
	5.920000	0.001450
	5.940000	0.001436
	5.960000	0.001508
	5.980000	0.001476
	6.000000	0.001632
	6.020000	0.001599
	6.040000	0.001528
	6.060000	0.001730
	6.080000	0.001534
	6.100000	0.001664
	6.120000	0.001528
	6.140000	0.001821
	6.160000	0.001762
	6.180000	0.001925
	6.200000	0.001964
	6.220000	0.001984
	6.240000	0.002120
	6.260000	0.002114
	6.280000	0.002237
	6.300000	0.002407
	6.320000	0.002472
	6.340000	0.002387
	6.360000	0.002413
	6.380000	0.002615
	6.400000	0.002934
	6.420000	0.003475
	6.440000	0.004087
	6.460000	0.004282
	6.480000	0.005077
	6.500000	0.006093
	6.520000	0.007747
	6.540000	0.009700
	6.560000	0.013171
	6.580000	0.018525
	6.600000	0.025864
	6.620000	0.035053
	6.640000	0.043271
	6.660000	0.051828
	6.680000	0.058431
	6.700000	0.064618
	6.720000	0.069216
	6.740000	0.073956
	6.760000	0.078189
	6.780000	0.081445
	6.800000	0.085262
	6.820000	0.087938
	6.840000	0.089078
	6.860000	0.089781
	6.880000	0.089032
	6.900000	0.089325
	6.920000	0.090445
	6.940000	0.091416
	6.960000	0.092653
	6.980000	0.092510
	7.000000	0.091416
	7.020000	0.092458
	7.040000	0.095414
	7.060000	0.096013
	7.080000	0.094646
	7.100000	0.092406
	7.120000	0.089911
	7.140000	0.088173
	7.160000	0.087228
	7.180000	0.088062
	7.200000	0.090537
	7.220000	0.091859
	7.240000	0.091077
	7.260000	0.090524
	7.280000	0.088225
	7.300000	0.083744
	7.320000	0.077421
	7.340000	0.072700
	7.360000	0.070407
	7.380000	0.071169
	7.400000	0.070883
	7.420000	0.068135
	7.440000	0.062443
	7.460000	0.052915
	7.480000	0.048109
	7.500000	0.046657
	7.520000	0.034935
	7.540000	0.017626
	7.560000	0.011016
	7.580000	0.010892
	7.600000	0.012859
	7.620000	0.015965
	7.640000	0.019046
	7.660000	0.021917
	7.680000	0.024320
	7.700000	0.026834
	7.720000	0.029133
	7.740000	0.030637
	7.760000	0.031673
	7.780000	0.033470
	7.800000	0.034414
	7.820000	0.034974
	7.840000	0.035717
	7.860000	0.036147
	7.880000	0.036068
	7.900000	0.035834
	7.920000	0.036446
	7.940000	0.037110
	7.960000	0.038217
	7.980000	0.038022
	8.000000	0.037221
	8.020000	0.037723
	8.040000	0.038335
	8.060000	0.038087
	8.080000	0.037657
	8.100000	0.036440
	8.120000	0.035626
	8.140000	0.035072
	8.160000	0.034590
	8.180000	0.035254
	8.200000	0.036192
	8.220000	0.036244
	8.240000	0.035977
	8.260000	0.035124
	8.280000	0.034004
	8.300000	0.032148
	8.320000	0.029673
	8.340000	0.028338
	8.360000	0.028058
	8.380000	0.028430
	8.400000	0.027681
	8.420000	0.025538
	8.440000	0.021527
	8.460000	0.018427
	8.480000	0.017313
	8.500000	0.014754
	8.520000	0.007219
	8.540000	0.001625
	8.560000	-0.000550
	8.580000	-0.001214
	8.600000	-0.001865
	8.620000	-0.001761
	8.640000	-0.001969
	8.660000	-0.002262
	8.680000	-0.002412
	8.700000	-0.002041
	8.720000	-0.002080
	8.740000	-0.002158
	8.760000	-0.001917
	8.780000	-0.001891
	8.800000	-0.001969
	8.820000	-0.001976
	8.840000	-0.001911
	8.860000	-0.002171
	8.880000	-0.001878
	8.900000	-0.001898
	8.920000	-0.001761
	8.940000	-0.001754
	8.960000	-0.001618
	8.980000	-0.001813
	9.000000	-0.001813
	9.020000	-0.001872
	9.040000	-0.001754
	9.060000	-0.001611
	9.080000	-0.001663
	9.100000	-0.001891
	9.120000	-0.002119
	9.140000	-0.001917
	9.160000	-0.001956
	9.180000	-0.002295
	9.200000	-0.002145
	9.220000	-0.002230
	9.240000	-0.001989
	9.260000	-0.002119
	9.280000	-0.002132
	9.300000	-0.002002
	9.320000	-0.002048
	9.340000	-0.001943
	9.360000	-0.001833
	9.380000	-0.002262
	9.400000	-0.002067
	9.420000	-0.002080
	9.440000	-0.001963
	9.460000	-0.001943
	9.480000	-0.001709
	9.500000	-0.001585
	9.520000	-0.001644
	9.540000	-0.001813
	9.560000	-0.001885
	9.580000	-0.002061
	9.600000	-0.002061
	9.620000	-0.002015
	9.640000	-0.002035
	9.660000	-0.002008
	9.680000	-0.002100
	9.700000	-0.002035
	9.720000	-0.001950
	9.740000	-0.001917
	9.760000	-0.001969
	9.780000	-0.001917
	9.800000	-0.002015
	9.820000	-0.002106
	9.840000	-0.002249
	9.860000	-0.002061
	9.880000	-0.002061
	9.900000	-0.002061
	9.920000	-0.002035
	9.940000	-0.002106
	9.960000	-0.001982
	9.980000	-0.001878
	10.000000	-0.001676
	10.020000	-0.001852
	10.040000	-0.001702
	10.060000	-0.001904
	10.080000	-0.002126
	10.100000	-0.001904
	10.120000	-0.002015
	10.140000	-0.002028
	10.160000	-0.001885
	10.180000	-0.001898
	10.200000	-0.001956
	10.220000	-0.001950
	10.240000	-0.001898
	10.260000	-0.002113
	10.280000	-0.002249
	10.300000	-0.002119
	10.320000	-0.002067
	10.340000	-0.002165
	10.360000	-0.002035
	10.380000	-0.001911
	10.400000	-0.001891
	10.420000	-0.002035
	10.440000	-0.001943
	10.460000	-0.001924
	10.480000	-0.001833
	10.500000	-0.001826
	10.520000	-0.002061
	10.540000	-0.001963
	10.560000	-0.001924
	10.580000	-0.001722
	10.600000	-0.001585
	10.620000	-0.001540
	10.640000	-0.001637
	10.660000	-0.001839
	10.680000	-0.001663
	10.700000	-0.001846
	10.720000	-0.001885
	10.740000	-0.001956
	10.760000	-0.001794
	10.780000	-0.002067
	10.800000	-0.001833
	10.820000	-0.001761
	10.840000	-0.001624
	10.860000	-0.001559
	10.880000	-0.001331
	10.900000	-0.001553
	10.920000	-0.001514
	10.940000	-0.001487
	10.960000	-0.001383
	10.980000	-0.001273
	11.000000	-0.001142
	11.020000	-0.000953
	11.040000	-0.000843
	11.060000	-0.000335
	11.080000	-0.000198
	11.100000	-0.000100
	11.120000	0.000154
	11.140000	0.000486
	11.160000	0.000629
	11.180000	0.000974
	11.200000	0.001482
	11.220000	0.001879
	11.240000	0.003052
	11.260000	0.003494
	11.280000	0.004621
	11.300000	0.005989
	11.320000	0.007825
	11.340000	0.010182
	11.360000	0.013145
	11.380000	0.016558
	11.400000	0.020595
	11.420000	0.026906
	11.440000	0.035847
	11.460000	0.046716
	11.480000	0.062671
	11.500000	0.087886
	11.520000	0.130378
	11.540000	0.197929
	11.560000	0.281045
	11.580000	0.362721
	11.600000	0.441675
	11.620000	0.513485
	11.640000	0.576829
	11.660000	0.637256
	11.680000	0.695397
	11.700000	0.750113
	11.720000	0.800875
	11.740000	0.842651
	11.760000	0.878097
	11.780000	0.905279
	11.800000	0.923272
	11.820000	0.937645
	11.840000	0.947224
	11.860000	0.953632
	11.880000	0.964846
	11.900000	0.979740
	11.920000	0.992595
	11.940000	1.005137
	11.960000	1.016253
	11.980000	1.032085
	12.000000	1.046685
	12.020000	1.052162
	12.040000	1.044106
	12.060000	1.031219
	12.080000	1.017367
	12.100000	1.004401
	12.120000	0.989267
	12.140000	0.978899
	12.160000	0.975253
	12.180000	0.972830
	12.200000	0.957149
	12.220000	0.949288
	12.240000	0.939292
	12.260000	0.910124
	12.280000	0.863451
	12.300000	0.813294
	12.320000	0.769682
	12.340000	0.740937
	12.360000	0.736704
	12.380000	0.727196
	12.400000	0.660029
	12.420000	0.566397
	12.440000	0.506758
	12.460000	0.458880
	12.480000	0.362076
	12.500000	0.172616
	12.520000	0.055247
	12.540000	0.021045
	12.560000	0.011602
	12.580000	0.008965
	12.600000	0.007916
	12.620000	0.007877
	12.640000	0.008379
	12.660000	0.008893
	12.680000	0.009766
	12.700000	0.010352
	12.720000	0.011068
	12.740000	0.011843
	12.760000	0.012436
	12.780000	0.013562
	12.800000	0.014103
	12.820000	0.014773
	12.840000	0.015835
	12.860000	0.016564
	12.880000	0.017522
	12.900000	0.018414
	12.920000	0.019873
	12.940000	0.021025
	12.960000	0.021878
	12.980000	0.023682
	13.000000	0.024998
	13.020000	0.025981
	13.040000	0.027446
	13.060000	0.028677
	13.080000	0.030781
	13.100000	0.033802
	13.120000	0.037104
	13.140000	0.040822
	13.160000	0.045010
	13.180000	0.050389
	13.200000	0.057292
	13.220000	0.066506
	13.240000	0.077460
	13.260000	0.090563
	13.280000	0.106817
	13.300000	0.126321
	13.320000	0.150957
	13.340000	0.180854
	13.360000	0.216281
	13.380000	0.264360
	13.400000	0.329059
	13.420000	0.411842
	13.440000	0.530527
	13.460000	0.704937
	13.480000	0.961870
	13.500000	1.332024
	13.520000	1.941619
	13.540000	2.779421
	13.560000	3.712490
	13.580000	4.642941
	13.600000	5.539236
	13.620000	6.366990
	13.640000	7.160184
	13.660000	7.838026
	13.680000	8.486610
	13.700000	9.095879
	13.720000	9.607921
	13.740000	9.970390
	13.760000	9.980947
	13.780000	9.981070
	13.800000	9.981031
	13.820000	9.980979
	13.840000	9.980999
	13.860000	9.981070
	13.880000	9.980927
	13.900000	9.980960
	13.920000	9.981018
	13.940000	9.980986
	13.960000	9.981025
	13.980000	9.980966
	14.000000	9.980829
	14.020000	9.980875
	14.040000	9.981070
	14.060000	9.980901
	14.080000	9.980927
	14.100000	9.980790
	14.120000	9.981025
	14.140000	9.980895
	14.160000	9.980895
	14.180000	9.981064
	14.200000	9.981064
	14.220000	9.981044
	14.240000	9.980947
	14.260000	9.981057
	14.280000	9.981012
	14.300000	9.889014
	14.320000	9.506936
	14.340000	9.380221
	14.360000	9.387691
	14.380000	8.731964
	14.400000	7.526013
	14.420000	6.638692
	14.440000	6.097098
	14.460000	5.141816
	14.480000	2.973433
	14.500000	1.168034
	14.520000	0.424978
	14.540000	0.205340
	14.560000	0.127936
	14.580000	0.093851
	14.600000	0.077232
	14.620000	0.067685
	14.640000	0.063902
	14.660000	0.061375
	14.680000	0.060541
	14.700000	0.059779
	14.720000	0.060580
	14.740000	0.061186
	14.760000	0.062306
	14.780000	0.061486
	14.800000	0.060118
	14.820000	0.059766
	14.840000	0.060392
	14.860000	0.061642
	14.880000	0.061883
	14.900000	0.060652
	14.920000	0.059610
	14.940000	0.058269
	14.960000	0.057676
	14.980000	0.052733
	15.000000	0.049633
	15.020000	0.048793
	15.040000	0.048787
	15.060000	0.049497
	15.080000	0.050851
	15.100000	0.052141
	15.120000	0.053417
	15.140000	0.055820
	15.160000	0.058392
	15.180000	0.061219
	15.200000	0.064624
	15.220000	0.068441
	15.240000	0.073377
	15.260000	0.077896
	15.280000	0.085509
	15.300000	0.095089
	15.320000	0.107787
	15.340000	0.121704
	15.360000	0.140485
	15.380000	0.164033
	15.400000	0.195611
	15.420000	0.246191
	15.440000	0.318145
	15.460000	0.419631
	15.480000	0.590472
	15.500000	0.862057
	15.520000	1.214257
	15.540000	1.617519
	15.560000	2.021784
	15.580000	2.410387
	15.600000	2.782299
	15.620000	3.140653
	15.640000	3.479998
	15.660000	3.786899
	15.680000	4.062196
	15.700000	4.306045
	15.720000	4.526197
	15.740000	4.715194
	15.760000	4.878703
	15.780000	5.011799
	15.800000	5.130888
	15.820000	5.239531
	15.840000	5.330162
	15.860000	5.434806
	15.880000	5.560811
	15.900000	5.670828
	15.920000	5.760319
	15.940000	5.862255
	15.960000	5.944895
	15.980000	5.969452
	16.000000	5.951570
	16.020000	5.909527
	16.040000	5.857527
	16.060000	5.803508
	16.080000	5.753416
	16.100000	5.709999
	16.120000	5.699072
	16.140000	5.698069
	16.160000	5.663424
	16.180000	5.610558
	16.200000	5.548093
	16.220000	5.410653
	16.240000	5.168444
	16.260000	4.853572
	16.280000	4.562483
	16.300000	4.365293
	16.320000	4.329086
	16.340000	4.342247
	16.360000	4.004856
	16.380000	3.422983
	16.400000	3.010246
	16.420000	2.753105
	16.440000	2.355066
	16.460000	1.406465
	16.480000	0.558777
	16.500000	0.235388
	16.520000	0.176543
	16.540000	0.179526
	16.560000	0.197806
	16.580000	0.224831
	16.600000	0.251688
	16.620000	0.280993
	16.640000	0.309757
	16.660000	0.340462
	16.680000	0.364837
	16.700000	0.388060
	16.720000	0.409472
	16.740000	0.427003
	16.760000	0.443687
	16.780000	0.459505
	16.800000	0.471833
	16.820000	0.482051
	16.840000	0.492053
	16.860000	0.501138
	16.880000	0.509610
	16.900000	0.517763
	16.920000	0.526776
	16.940000	0.534793
	16.960000	0.541129
	16.980000	0.547205
	17.000000	0.548729
	17.020000	0.549706
	17.040000	0.546502
	17.060000	0.543031
	17.080000	0.537372
	17.100000	0.530456
	17.120000	0.525044
	17.140000	0.520225
	17.160000	0.516077
	17.180000	0.513609
	17.200000	0.515491
	17.220000	0.511538
	17.240000	0.501418
	17.260000	0.476574
	17.280000	0.443993
	17.300000	0.418042
	17.320000	0.412083
	17.340000	0.421656
	17.360000	0.401423
	17.380000	0.358455
	17.400000	0.330401
	17.420000	0.312160
	17.440000	0.291432
	17.460000	0.241626
	17.480000	0.205790
	17.500000	0.255120
	17.520000	0.368458
	17.540000	0.488986
	17.560000	0.609781
	17.580000	0.726936
	17.600000	0.843309
	17.620000	0.957956
	17.640000	1.070103
	17.660000	1.173139
	17.680000	1.267319
	17.700000	1.349535
	17.720000	1.424667
	17.740000	1.502338
	17.760000	1.568736
	17.780000	1.627248
	17.800000	1.677399
	17.820000	1.723330
	17.840000	1.763067
	17.860000	1.797849
	17.880000	1.830000
	17.900000	1.867608
	17.920000	1.895884
	17.940000	1.926419
	17.960000	1.961097
	17.980000	1.991965
	18.000000	2.004833
	18.020000	2.001570
	18.040000	1.995247
	18.060000	1.986208
	18.080000	1.973581
	18.100000	1.945650
	18.120000	1.923469
	18.140000	1.907612
	18.160000	1.885158
	18.180000	1.868669
	18.200000	1.861486
	18.220000	1.852206
	18.240000	1.818812
	18.260000	1.736432
	18.280000	1.605647
	18.300000	1.491625
	18.320000	1.443585
	18.340000	1.464866
	18.360000	1.385730
	18.380000	1.206736
	18.400000	1.065375
	18.420000	0.946671
	18.440000	0.794493
	18.460000	0.523696
	18.480000	0.207020
	18.500000	0.071833
	18.520000	0.027127
	18.540000	0.014083
	18.560000	0.008307
	18.580000	0.005207
	18.600000	0.003924
	18.620000	0.003038
	18.640000	0.002726
	18.660000	0.002472
	18.680000	0.002244
	18.700000	0.002224
	18.720000	0.002192
	18.740000	0.001938
	18.760000	0.002602
	18.780000	0.002498
	18.800000	0.002531
	18.820000	0.002700
	18.840000	0.002921
	18.860000	0.002960
	18.880000	0.002758
	18.900000	0.003097
	18.920000	0.003247
	18.940000	0.003260
	18.960000	0.003618
	18.980000	0.003722
	19.000000	0.003807
	19.020000	0.004191
	19.040000	0.004387
	19.060000	0.004478
	19.080000	0.004556
	19.100000	0.005064
	19.120000	0.005643
	19.140000	0.006145
	19.160000	0.006790
	19.180000	0.007538
	19.200000	0.009180
	19.220000	0.010462
	19.240000	0.011797
	19.260000	0.013751
	19.280000	0.016454
	19.300000	0.019313
	19.320000	0.023389
	19.340000	0.028944
	19.360000	0.036954
	19.380000	0.046586
	19.400000	0.061427
	19.420000	0.083783
	19.440000	0.119314
	19.460000	0.180079
	19.480000	0.276942
	19.500000	0.390300
	19.520000	0.496456
	19.540000	0.592621
	19.560000	0.683480
	19.580000	0.774963
	19.600000	0.867840
	19.620000	0.965295
	19.640000	1.044113
	19.660000	1.113520
	19.680000	1.179169
	19.700000	1.239635
	19.720000	1.291739
	19.740000	1.340841
	19.760000	1.386186
	19.780000	1.428405
	19.800000	1.465127
	19.820000	1.499134
	19.840000	1.529507
	19.860000	1.562797
	19.880000	1.586671
	19.900000	1.605693
	19.920000	1.630752
	19.940000	1.656794
	19.960000	1.671571
	19.980000	1.671961
	20.000000	1.668008
	20.020000	1.665071
	20.040000	1.655062
	20.060000	1.636971
	20.080000	1.619590
	20.100000	1.611678
	20.120000	1.608024
	20.140000	1.600138
	20.160000	1.595612
	20.180000	1.588768
	20.200000	1.548320
	20.220000	1.475208
	20.240000	1.367450
	20.260000	1.273948
	20.280000	1.243627
	20.300000	1.263314
	20.320000	1.173641
	20.340000	1.006114
	20.360000	0.892730
	20.380000	0.783963
	20.400000	0.677873
	20.420000	0.444612
	20.440000	0.180672
	20.460000	0.062098
	20.480000	0.020745
	20.500000	0.009023
	20.520000	0.004712
	20.540000	0.002557
	20.560000	0.001397
	20.580000	0.000167
	20.600000	-8.085274E-5
	20.620000	-0.000283
	20.640000	-0.000713
	20.660000	-0.000830
	20.680000	-0.001064
	20.700000	-0.001162
	20.720000	-0.001168
	20.740000	-0.001338
	20.760000	-0.001227
	20.780000	-0.001409
	20.800000	-0.001299
	20.820000	-0.001214
	20.840000	-0.001155
	20.860000	-0.001461
	20.880000	-0.001286
	20.900000	-0.001422
	20.920000	-0.001559
	20.940000	-0.001370
	20.960000	-0.001292
	20.980000	-0.001071
	21.000000	-0.001103
	21.020000	-0.001103
	21.040000	-0.000980
	21.060000	-0.001097
	21.080000	-0.000940
	21.100000	-0.000960
	21.120000	-0.000960
	21.140000	-0.000778
	21.160000	-0.000537
	21.180000	-0.000686
	21.200000	-0.000517
	21.220000	-0.000205
	21.240000	-0.000283
	21.260000	0.000167
	21.280000	0.000115
	21.300000	0.000518
	21.320000	0.000798
	21.340000	0.001606
	21.360000	0.002361
	21.380000	0.003488
	21.400000	0.005246
	21.420000	0.007369
	21.440000	0.010547
	21.460000	0.015737
	21.480000	0.024770
	21.500000	0.037436
	21.520000	0.049503
	21.540000	0.060313
	21.560000	0.070668
	21.580000	0.080221
	21.600000	0.090217
	21.620000	0.099549
	21.640000	0.108986
	21.660000	0.117784
	21.680000	0.125748
	21.700000	0.131804
	21.720000	0.138199
	21.740000	0.143989
	21.760000	0.149622
	21.780000	0.153868
	21.800000	0.158426
	21.820000	0.163141
	21.840000	0.166723
	21.860000	0.170539
	21.880000	0.173456
	21.900000	0.176140
	21.920000	0.179409
	21.940000	0.183309
	21.960000	0.185582
	21.980000	0.184117
	22.000000	0.184488
	22.020000	0.185283
	22.040000	0.183700
	22.060000	0.181616
	22.080000	0.180555
	22.100000	0.180333
	22.120000	0.179168
	22.140000	0.180392
	22.160000	0.179708
	22.180000	0.179317
	22.200000	0.175892
	22.220000	0.166137
	22.240000	0.155607
	22.260000	0.144028
	22.280000	0.140427
	22.300000	0.142432
	22.320000	0.136565
	22.340000	0.116162
	22.360000	0.101334
	22.380000	0.089794
	22.400000	0.078352
	22.420000	0.057500
	22.440000	0.026919
	22.460000	0.010671
	22.480000	0.004113
	22.500000	0.002361
	22.520000	0.001625
	22.540000	0.001436
	22.560000	0.001130
	22.580000	0.001150
	22.600000	0.001241
	22.620000	0.001371
	22.640000	0.001489
	22.660000	0.001508
	22.680000	0.001554
	22.700000	0.001580
	22.720000	0.001215
	22.740000	0.001313
	22.760000	0.001124
	22.780000	0.001078
	22.800000	0.000922
	22.820000	0.001111
	22.840000	0.000655
	22.860000	0.000557
	22.880000	0.000525
	22.900000	0.000414
	22.920000	2.334259E-5
	22.940000	-0.000237
	22.960000	-0.000543
	22.980000	-0.000830
	23.000000	-0.000758
	23.020000	-0.000739
	23.040000	-0.000511
	23.060000	-0.000446
	23.080000	-0.000439
	23.100000	-0.000589
	23.120000	-0.000745
	23.140000	-0.000608
	23.160000	-0.000732
	23.180000	-0.000641
	23.200000	-0.000608
	23.220000	-0.000680
	23.240000	-0.000615
	23.260000	-0.000602
	23.280000	-0.000797
	23.300000	-0.000569
	23.320000	-0.000817
	23.340000	-0.000888
	23.360000	-0.001110
	23.380000	-0.000843
	23.400000	-0.000830
	23.420000	-0.000921
	23.440000	-0.001077
	23.460000	-0.001260
	23.480000	-0.001110
	23.500000	-0.000973
	23.520000	-0.000980
	23.540000	-0.000934
	23.560000	-0.000895
	23.580000	-0.000940
	23.600000	-0.000797
	23.620000	-0.000543
	23.640000	-0.000517
	23.660000	-0.000185
	23.680000	-0.000218
	23.700000	-0.000166
	23.720000	-0.000276
	23.740000	-0.000335
	23.760000	-0.000433
	23.780000	-0.000459
	23.800000	-0.000224
	23.820000	-0.000367
	23.840000	-0.000328
	23.860000	-0.000166
	23.880000	-0.000309
	23.900000	-0.000139
	23.920000	-0.000231
	23.940000	-0.000315
	23.960000	-0.000302
	23.980000	-0.000354
	24.000000	-0.000126
	24.020000	-0.000270
	24.040000	-0.000120
	24.060000	-8.085274E-5
	24.080000	-6.131612E-5
	24.100000	-0.000146
	24.120000	-0.000198
	24.140000	-0.000224
	24.160000	-0.000166
	24.180000	-0.000231
	24.200000	8.846468E-5
	24.220000	9.497689E-5
	24.240000	3.805966E-6
	24.260000	-0.000120
	24.280000	-0.000263
	24.300000	-0.000133
	24.320000	-0.000485
	24.340000	-0.000478
	24.360000	-0.000706
	24.380000	-0.000888
	24.400000	-0.000927
	24.420000	-0.001032
	24.440000	-0.001344
	24.460000	-0.001045
	24.480000	-0.000797
	24.500000	-0.000908
	24.520000	-0.000752
	24.540000	-0.000543
	24.560000	-0.000608
	24.580000	-0.000504
	24.600000	-0.000341
	24.620000	-0.000348
	24.640000	-9.218451E-6
	24.660000	0.000115
	24.680000	0.000492
	24.700000	0.000499
	24.720000	0.000323
	24.740000	0.000382
	24.760000	0.000616
	24.780000	0.000668
	24.800000	0.000779
	24.820000	0.001020
	24.840000	0.001202
	24.860000	0.001267
	24.880000	0.001150
	24.900000	0.001248
	24.920000	0.001339
	24.940000	0.001104
	24.960000	0.001169
	24.980000	0.001117
	25.000000	0.001000
	25.020000	0.000942
	25.040000	0.001176
	25.060000	0.001124
	25.080000	0.001280
	25.100000	0.001085
	25.120000	0.001352
	25.140000	0.001443
	25.160000	0.001352
	25.180000	0.001319
	25.200000	0.001150
	25.220000	0.001169
	25.240000	0.001013
	25.260000	0.001026
	25.280000	0.001026
	25.300000	0.001196
	25.320000	0.000948
	25.340000	0.000850
	25.360000	0.000557
	25.380000	0.000551
	25.400000	0.000473
	25.420000	0.000401
	25.440000	-0.000237
	25.460000	2.334259E-5
	25.480000	0.000414
	25.500000	0.000948
	25.520000	0.001645
	25.540000	0.002270
	25.560000	0.002687
	25.580000	0.003247
	25.600000	0.004009
	25.620000	0.004439
	25.640000	0.004797
	25.660000	0.005539
	25.680000	0.006295
	25.700000	0.006972
	25.720000	0.007564
	25.740000	0.007994
	25.760000	0.008646
	25.780000	0.009147
	25.800000	0.009342
	25.820000	0.009818
	25.840000	0.010293
	25.860000	0.010443
	25.880000	0.010938
	25.900000	0.011433
	25.920000	0.011569
	25.940000	0.012201
	25.960000	0.012253
	25.980000	0.012045
	26.000000	0.012266
	26.020000	0.012318
	26.040000	0.012475
	26.060000	0.012273
	26.080000	0.012182
	26.100000	0.011993
	26.120000	0.012247
	26.140000	0.012240
	26.160000	0.012598
	26.180000	0.012683
	26.200000	0.012644
	26.220000	0.012103
	26.240000	0.011628
	26.260000	0.011062
	26.280000	0.010423
	26.300000	0.010788
	26.320000	0.010599
	26.340000	0.009251
	26.360000	0.008287
	26.380000	0.007747
	26.400000	0.007304
	26.420000	0.006803
	26.440000	0.005669
	26.460000	0.005129
	26.480000	0.005188
	26.500000	0.006483
	26.520000	0.008151
	26.540000	0.009407
	26.560000	0.011205
	26.580000	0.012553
	26.600000	0.014396
	26.620000	0.016004
	26.640000	0.018043
	26.660000	0.020276
	26.680000	0.022575
	26.700000	0.024965
	26.720000	0.027563
	26.740000	0.030077
	26.760000	0.033008
	26.780000	0.035652
	26.800000	0.039025
	26.820000	0.042620
	26.840000	0.046182
	26.860000	0.051007
	26.880000	0.054908
	26.900000	0.059415
	26.920000	0.064136
	26.940000	0.069912
	26.960000	0.073924
	26.980000	0.080462
	27.000000	0.088772
	27.020000	0.096222
	27.040000	0.107123
	27.060000	0.120200
	27.080000	0.134885
	27.100000	0.153054
	27.120000	0.173619
	27.140000	0.199089
	27.160000	0.233252
	27.180000	0.275210
	27.200000	0.321928
	27.220000	0.379119
	27.240000	0.454250
	27.260000	0.559923
	27.280000	0.706311
	27.300000	0.836490
	27.320000	1.038655
	27.340000	1.209256
	27.360000	1.483237
	27.380000	1.864911
	27.400000	2.405659
	27.420000	3.202604
	27.440000	4.350413
	27.460000	6.009229
	27.480000	8.775426
	27.500000	9.981227
	27.520000	9.981090
	27.540000	9.980940
	27.560000	9.980732
	27.580000	9.980556
	27.600000	9.980882
	27.620000	9.980771
	27.640000	9.981012
	27.660000	9.981155
	27.680000	9.981057
	27.700000	9.980823
	27.720000	9.980732
	27.740000	9.980875
	27.760000	9.980751
	27.780000	9.980829
	27.800000	9.981103
	27.820000	9.981201
	27.840000	9.980953
	27.860000	9.980673
	27.880000	9.980842
	27.900000	9.980686
	27.920000	9.981051
	27.940000	9.980979
	27.960000	9.980869
	27.980000	9.980764
	28.000000	9.980758
	28.020000	9.980869
	28.040000	9.980992
	28.060000	9.981038
	28.080000	9.980914
	28.100000	9.980895
	28.120000	9.980784
	28.140000	9.981018
	28.160000	9.981005
	28.180000	9.981083
	28.200000	9.981240
	28.220000	9.980979
	28.240000	9.980908
	28.260000	9.981122
	28.280000	9.980986
	28.300000	9.981083
	28.320000	9.981025
	28.340000	9.980784
	28.360000	9.980699
	28.380000	9.981051
	28.400000	9.980732
	28.420000	9.981175
	28.440000	7.361665
	28.460000	2.917096
	28.480000	1.190813
	28.500000	0.601589
	28.520000	0.419494
	28.540000	0.347469
	28.560000	0.315527
	28.580000	0.305589
	28.600000	0.308813
	28.620000	0.321258
	28.640000	0.336451
	28.660000	0.354737
	28.680000	0.375550
	28.700000	0.397828
	28.720000	0.421884
	28.740000	0.446728
	28.760000	0.469013
	28.780000	0.492131
	28.800000	0.515823
	28.820000	0.538492
	28.840000	0.562144
	28.860000	0.587060
	28.880000	0.608928
	28.900000	0.627553
	28.920000	0.645722
	28.940000	0.657515
	28.960000	0.660049
	28.980000	0.665656
	29.000000	0.667173
	29.020000	0.670911
	29.040000	0.668195
	29.060000	0.663324
	29.080000	0.658837
	29.100000	0.652410
	29.120000	0.651010
	29.140000	0.655939
	29.160000	0.654390
	29.180000	0.643436
	29.200000	0.617407
	29.220000	0.574231
	29.240000	0.532012
	29.260000	0.510268
	29.280000	0.512059
	29.300000	0.487742
	29.320000	0.409465
	29.340000	0.339967
	29.360000	0.292252
	29.380000	0.236430
	29.400000	0.188552
	29.420000	0.105111
	29.440000	0.043968
	29.460000	0.017951
	29.480000	0.008118
	29.500000	0.004667
	29.520000	0.004165
	29.540000	0.004146
	29.560000	0.004159
	29.580000	0.004367
	29.600000	0.004699
	29.620000	0.005305
	29.640000	0.006138
	29.660000	0.006503
	29.680000	0.007063
	29.700000	0.007649
	29.720000	0.008222
	29.740000	0.009134
	29.760000	0.009883
	29.780000	0.010332
	29.800000	0.010795
	29.820000	0.011563
	29.840000	0.011472
	29.860000	0.011999
	29.880000	0.012833
	29.900000	0.013673
	29.920000	0.014031
	29.940000	0.014266
	29.960000	0.014611
	29.980000	0.014715
	30.000000	0.014350
	30.020000	0.014591
	30.040000	0.014806
	30.060000	0.014565
	30.080000	0.014826
	30.100000	0.015106
	30.120000	0.015040
	30.140000	0.014839
	30.160000	0.014630
	30.180000	0.014637
	30.200000	0.013842
	30.220000	0.013035
	30.240000	0.012598
	30.260000	0.011817
	30.280000	0.011537
	30.300000	0.010150
	30.320000	0.008326
	30.340000	0.007141
	30.360000	0.005689
	30.380000	0.004458
	30.400000	0.003572
	30.420000	0.001951
	30.440000	0.001189
	30.460000	0.000779
	30.480000	0.000688
	30.500000	0.000622
	30.520000	0.000746
	30.540000	0.000766
	30.560000	0.000740
	30.580000	0.000668
	30.600000	0.001306
	30.620000	0.001580
	30.640000	0.002003
	30.660000	0.002120
	30.680000	0.002550
	30.700000	0.003175
	30.720000	0.003345
	30.740000	0.004237
	30.760000	0.004640
	30.780000	0.005272
	30.800000	0.005995
	30.820000	0.006692
	30.840000	0.007538
	30.860000	0.008053
	30.880000	0.008444
	30.900000	0.009746
	30.920000	0.010391
	30.940000	0.011446
	30.960000	0.012989
	30.980000	0.014539
	31.000000	0.016161
	31.020000	0.018264
	31.040000	0.021077
	31.060000	0.023734
	31.080000	0.027687
	31.100000	0.031855
	31.120000	0.037195
	31.140000	0.042965
	31.160000	0.050486
	31.180000	0.059395
	31.200000	0.070805
	31.220000	0.084109
	31.240000	0.100038
	31.260000	0.120336
	31.280000	0.145356
	31.300000	0.177097
	31.320000	0.215623
	31.340000	0.263208
	31.360000	0.328356
	31.380000	0.419058
	31.400000	0.542028
	31.420000	0.720970
	31.440000	0.999270
	31.460000	1.431550
	31.480000	2.129737
	31.500000	3.102179
	31.520000	4.104675
	31.540000	4.960542
	31.560000	5.738647
	31.580000	6.497032
	31.600000	7.281812
	31.620000	8.084852
	31.640000	8.864279
	31.660000	9.588410
	31.680000	9.980882
	31.700000	9.980934
	31.720000	9.981012
	31.740000	9.980803
	31.760000	9.980855
	31.780000	9.980764
	31.800000	9.980862
	31.820000	9.980842
	31.840000	9.980973
	31.860000	9.980934
	31.880000	9.980888
	31.900000	9.980680
	31.920000	9.980908
	31.940000	9.980947
	31.960000	9.980829
	31.980000	9.980908
	32.000000	9.981025
	32.020000	9.980875
	32.040000	9.980797
	32.060000	9.980914
	32.080000	9.981018
	32.100000	9.980895
	32.120000	9.981005
	32.140000	9.981109
	32.160000	9.981012
	32.180000	9.980953
	32.200000	9.980888
	32.220000	9.980875
	32.240000	9.980901
	32.260000	9.980784
	32.280000	9.980979
	32.300000	9.980940
	32.320000	9.939373
	32.340000	8.803474
	32.360000	6.972157
	32.380000	5.874641
	32.400000	3.882407
	32.420000	1.789396
	32.440000	0.568761
	32.460000	0.223366
	32.480000	0.085503
	32.500000	0.054316
	32.520000	0.037918
	32.540000	0.029244
	32.560000	0.021794
	32.580000	0.017235
	32.600000	0.014559
	32.620000	0.012742
	32.640000	0.011257
	32.660000	0.010475
	32.680000	0.010020
	32.700000	0.010117
	32.720000	0.010332
	32.740000	0.010156
	32.760000	0.010645
	32.780000	0.011400
	32.800000	0.011543
	32.820000	0.011771
	32.840000	0.012481
	32.860000	0.012904
	32.880000	0.013419
	32.900000	0.013979
	32.920000	0.014305
	32.940000	0.014598
	32.960000	0.015099
	32.980000	0.015210
	33.000000	0.015392
	33.020000	0.015529
	33.040000	0.015171
	33.060000	0.014800
	33.080000	0.014826
	33.100000	0.014767
	33.120000	0.015034
	33.140000	0.015197
	33.160000	0.014793
	33.180000	0.014865
	33.200000	0.013627
	33.220000	0.012735
	33.240000	0.011882
	33.260000	0.012064
	33.280000	0.011674
	33.300000	0.010195
	33.320000	0.008339
	33.340000	0.007538
	33.360000	0.006399
	33.380000	0.005813
	33.400000	0.005135
	33.420000	0.003826
	33.440000	0.003449
	33.460000	0.004028
	33.480000	0.005741
	33.500000	0.008821
	33.520000	0.013048
	33.540000	0.017756
	33.560000	0.021240
	33.580000	0.024418
	33.600000	0.026548
	33.620000	0.029218
	33.640000	0.032096
	33.660000	0.035053
	33.680000	0.037807
	33.700000	0.040510
	33.720000	0.043082
	33.740000	0.045869
	33.760000	0.048780
	33.780000	0.051789
	33.800000	0.054824
	33.820000	0.057598
	33.840000	0.060769
	33.860000	0.063713
	33.880000	0.066793
	33.900000	0.070030
	33.920000	0.071905
	33.940000	0.073611
	33.960000	0.075357
	33.980000	0.075962
	34.000000	0.076600
	34.020000	0.077089
	34.040000	0.077160
	34.060000	0.076620
	34.080000	0.077063
	34.100000	0.077284
	34.120000	0.077414
	34.140000	0.077714
	34.160000	0.076685
	34.180000	0.074725
	34.200000	0.071306
	34.220000	0.066018
	34.240000	0.062436
	34.260000	0.060385
	34.280000	0.059493
	34.300000	0.051548
	34.320000	0.040406
	34.340000	0.033626
	34.360000	0.027563
	34.380000	0.022816
	34.400000	0.016662
	34.420000	0.008659
	34.440000	0.003345
	34.460000	0.001124
	34.480000	0.000193
	34.500000	-6.782833E-5
	34.520000	-0.000296
	34.540000	-0.000374
	34.560000	-0.000335
	34.580000	-0.000302
	34.600000	-0.000413
	34.620000	-0.000765
	34.640000	-0.000836
	34.660000	-0.000700
	34.680000	-0.000478
	34.700000	-0.000400
	34.720000	-0.000302
	34.740000	-0.000276
	34.760000	-0.000498
	34.780000	-0.000485
	34.800000	-0.000459
	34.820000	-0.000250
	34.840000	-0.000426
	34.860000	-9.387716E-5
	34.880000	-0.000152
	34.900000	-5.480391E-5
	34.920000	-3.526728E-5
	34.940000	-0.000100
	34.960000	-0.000152
	34.980000	-0.000419
	35.000000	-0.000139
	35.020000	-2.875508E-5
	35.040000	-0.000120
	35.060000	-0.000113
	35.080000	-0.000133
	35.100000	-0.000628
	35.120000	-0.000537
	35.140000	-0.000517
	35.160000	-0.000374
	35.180000	-0.000335
	35.200000	-0.000237
	35.220000	-0.000387
	35.240000	-0.000126
	35.260000	-0.000498
	35.280000	-0.000472
	35.300000	-0.000341
	35.320000	-0.000231
	35.340000	-0.000328
	35.360000	5.590363E-5
	35.380000	5.590363E-5
	35.400000	0.000134
	35.420000	0.000655
	35.440000	0.001046
	35.460000	0.001717
	35.480000	0.002719
	35.500000	0.004380
	35.520000	0.005656
	35.540000	0.006816
	35.560000	0.008001
	35.580000	0.008554
	35.600000	0.009674
	35.620000	0.010599
	35.640000	0.011329
	35.660000	0.012774
	35.680000	0.013504
	35.700000	0.014585
	35.720000	0.015425
	35.740000	0.016766
	35.760000	0.017528
	35.780000	0.018844
	35.800000	0.020511
	35.820000	0.021331
	35.840000	0.023324
	35.860000	0.024405
	35.880000	0.025297
	35.900000	0.026508
	35.920000	0.026424
	35.940000	0.026977
	35.960000	0.027485
	35.980000	0.028351
	36.000000	0.028788
	36.020000	0.028749
	36.040000	0.028566
	36.060000	0.028671
	36.080000	0.028625
	36.100000	0.028690
	36.120000	0.028905
	36.140000	0.028306
	36.160000	0.027550
	36.180000	0.026124
	36.200000	0.024301
	36.220000	0.023220
	36.240000	0.022920
	36.260000	0.021963
	36.280000	0.018388
	36.300000	0.014435
	36.320000	0.011921
	36.340000	0.009394
	36.360000	0.007597
	36.380000	0.005324
	36.400000	0.002726
	36.420000	0.001072
	36.440000	4.287922E-5
	36.460000	-0.000205
	36.480000	2.334259E-5
	36.500000	-5.480391E-5
	36.520000	-8.085274E-5
	36.540000	-3.526728E-5
	36.560000	-0.000205
	36.580000	-0.000159
	36.600000	-0.000231
	36.620000	-0.000172
	36.640000	0.000297
	36.660000	-7.434054E-5
	36.680000	-8.085274E-5
	36.700000	-0.000139
	36.720000	-0.000198
	36.740000	-0.000472
	36.760000	-0.000224
	36.780000	0.000134
	36.800000	0.000271
	36.820000	1.683038E-5
	36.840000	0.000232
	36.860000	0.000329
	36.880000	0.000186
	36.900000	0.000349
	36.920000	0.000427
	36.940000	0.000492
	36.960000	0.000557
	36.980000	0.000863
	37.000000	0.000876
	37.020000	0.000857
	37.040000	0.000785
	37.060000	0.000675
	37.080000	0.000772
	37.100000	0.000844
	37.120000	0.000753
	37.140000	0.000675
	37.160000	0.000935
	37.180000	0.000746
	37.200000	0.000681
	37.220000	0.000336
	37.240000	0.000258
	37.260000	0.000355
	37.280000	0.000551
	37.300000	0.000401
	37.320000	0.000199
	37.340000	0.000251
	37.360000	-4.829170E-5
	37.380000	-0.000211
	37.400000	-0.000159
	37.420000	-0.000250
	37.440000	-0.000179
	37.460000	0.000167
	37.480000	0.000141
	37.500000	0.000193
	37.520000	0.000544
	37.540000	0.001013
	37.560000	0.001117
	37.580000	0.001593
	37.600000	0.002049
	37.620000	0.002251
	37.640000	0.002407
	37.660000	0.002583
	37.680000	0.002824
	37.700000	0.002628
	37.720000	0.003071
	37.740000	0.003227
	37.760000	0.003885
	37.780000	0.003963
	37.800000	0.003839
	37.820000	0.004360
	37.840000	0.004699
	37.860000	0.004842
	37.880000	0.005051
	37.900000	0.005585
	37.920000	0.005409
	37.940000	0.005930
	37.960000	0.006145
	37.980000	0.006145
	38.000000	0.005884
	38.020000	0.006164
	38.040000	0.006301
	38.060000	0.006243
	38.080000	0.006607
	38.100000	0.006763
	38.120000	0.006881
	38.140000	0.006568
	38.160000	0.006366
	38.180000	0.006099
	38.200000	0.005780
	38.220000	0.005637
	38.240000	0.005402
	38.260000	0.005383
	38.280000	0.004627
	38.300000	0.003722
	38.320000	0.002986
	38.340000	0.002498
	38.360000	0.001970
	38.380000	0.001586
	38.400000	0.001091
	38.420000	0.001052
	38.440000	0.000525
	38.460000	0.000427
	38.480000	0.000401
	38.500000	0.000336
	38.520000	0.000492
	38.540000	0.000942
	38.560000	0.001450
	38.580000	0.001508
	38.600000	0.002068
	38.620000	0.002127
	38.640000	0.002811
	38.660000	0.002706
	38.680000	0.003104
	38.700000	0.003722
	38.720000	0.004191
	38.740000	0.004387
	38.760000	0.004693
	38.780000	0.005214
	38.800000	0.005240
	38.820000	0.005858
	38.840000	0.006314
	38.860000	0.006731
	38.880000	0.007714
	38.900000	0.008144
	38.920000	0.008737
	38.940000	0.009004
	38.960000	0.009863
	38.980000	0.010638
	39.000000	0.011491
	39.020000	0.012221
	39.040000	0.013074
	39.060000	0.014663
	39.080000	0.015340
	39.100000	0.016773
	39.120000	0.018362
	39.140000	0.020901
	39.160000	0.023506
	39.180000	0.026632
	39.200000	0.030038
	39.220000	0.033802
	39.240000	0.037703
	39.260000	0.043095
	39.280000	0.050037
	39.300000	0.058718
	39.320000	0.068981
	39.340000	0.082872
	39.360000	0.100064
	39.380000	0.124133
	39.400000	0.155411
	39.420000	0.197714
	39.440000	0.260121
	39.460000	0.349286
	39.480000	0.495811
	39.500000	0.736118
	39.520000	1.095071
	39.540000	1.475898
	39.560000	1.784544
	39.580000	2.034893
	39.600000	2.273481
	39.620000	2.512798
	39.640000	2.753248
	39.660000	2.985799
	39.680000	3.220786
	39.700000	3.464863
	39.720000	3.712249
	39.740000	3.964141
	39.760000	4.211058
	39.780000	4.475571
	39.800000	4.756540
	39.820000	5.062849
	39.840000	5.387456
	39.860000	5.719149
	39.880000	6.036020
	39.900000	6.329167
	39.920000	6.566700
	39.940000	6.767914
	39.960000	6.964160
	39.980000	7.137274
	40.000000	7.286813
	40.020000	7.390514
	40.040000	7.440521
	40.060000	7.445816
	40.080000	7.480806
	40.100000	7.554941
	40.120000	7.550017
	40.140000	7.497646
	40.160000	7.292902
	40.180000	6.976735
	40.200000	6.602849
	40.220000	6.237130
	40.240000	6.057087
	40.260000	5.888655
	40.280000	4.973299
	40.300000	3.805634
	40.320000	3.022307
	40.340000	2.329538
	40.360000	1.860470
	40.380000	1.382142
	40.400000	0.772469
	40.420000	0.373883
	40.440000	0.179656
	40.460000	0.083653
	40.480000	0.036179
	40.500000	0.018336
	40.520000	0.011420
	40.540000	0.008248
	40.560000	0.005989
	40.580000	0.005012
	40.600000	0.004269
	40.620000	0.003950
	40.640000	0.004022
	40.660000	0.003820
	40.680000	0.003716
	40.700000	0.003748
	40.720000	0.004041
	40.740000	0.004373
	40.760000	0.004680
	40.780000	0.004693
	40.800000	0.004973
	40.820000	0.005103
	40.840000	0.005135
	40.860000	0.005617
	40.880000	0.005884
	40.900000	0.006223
	40.920000	0.006483
	40.940000	0.006763
	40.960000	0.006939
	40.980000	0.007070
	41.000000	0.007037
	41.020000	0.007382
	41.040000	0.007538
	41.060000	0.008072
	41.080000	0.008300
	41.100000	0.008405
	41.120000	0.008418
	41.140000	0.008053
	41.160000	0.008001
	41.180000	0.008704
	41.200000	0.008437
	41.220000	0.008118
	41.240000	0.007936
	41.260000	0.007623
	41.280000	0.007460
	41.300000	0.006933
	41.320000	0.006763
	41.340000	0.006503
	41.360000	0.005292
	41.380000	0.004289
	41.400000	0.003507
	41.420000	0.003012
	41.440000	0.002491
	41.460000	0.001677
	41.480000	0.000863
	41.500000	0.000818
	41.520000	0.000746
	41.540000	0.000694
	41.560000	0.000811
	41.580000	0.000798
	41.600000	0.001065
	41.620000	0.001358
	41.640000	0.001541
	41.660000	0.001743
	41.680000	0.002094
	41.700000	0.002185
	41.720000	0.002224
	41.740000	0.002596
	41.760000	0.002732
	41.780000	0.002765
	41.800000	0.003110
	41.820000	0.003292
	41.840000	0.003253
	41.860000	0.003716
	41.880000	0.003592
	41.900000	0.003742
	41.920000	0.004048
	41.940000	0.004211
	41.960000	0.004562
	41.980000	0.004517
	42.000000	0.004699
	42.020000	0.004966
	42.040000	0.005389
	42.060000	0.005272
	42.080000	0.005240
	42.100000	0.005168
	42.120000	0.005552
	42.140000	0.005689
	42.160000	0.005598
	42.180000	0.005494
	42.200000	0.005722
	42.220000	0.005774
	42.240000	0.005500
	42.260000	0.005207
	42.280000	0.005064
	42.300000	0.004758
	42.320000	0.004243
	42.340000	0.003866
	42.360000	0.003494
	42.380000	0.003019
	42.400000	0.002107
	42.420000	0.001866
	42.440000	0.001567
	42.460000	0.001358
	42.480000	0.001156
	42.500000	0.000922
	42.520000	0.000870
	42.540000	0.001026
	42.560000	0.001567
	42.580000	0.001834
	42.600000	0.002107
	42.620000	0.002713
	42.640000	0.003266
	42.660000	0.003670
	42.680000	0.003755
	42.700000	0.004198
	42.720000	0.004888
	42.740000	0.005507
	42.760000	0.005513
	42.780000	0.005793
	42.800000	0.006093
	42.820000	0.007089
	42.840000	0.007024
	42.860000	0.007532
	42.880000	0.008756
	42.900000	0.009486
	42.920000	0.009681
	42.940000	0.010013
	42.960000	0.010554
	42.980000	0.011674
	43.000000	0.012162
	43.020000	0.012891
	43.040000	0.014025
	43.060000	0.014728
	43.080000	0.015574
	43.100000	0.016779
	43.120000	0.017834
	43.140000	0.019931
	43.160000	0.021572
	43.180000	0.023161
	43.200000	0.025440
	43.220000	0.027804
	43.240000	0.030103
	43.260000	0.033398
	43.280000	0.036394
	43.300000	0.040751
	43.320000	0.046071
	43.340000	0.051776
	43.360000	0.059558
	43.380000	0.069528
	43.400000	0.082448
	43.420000	0.100149
	43.440000	0.123085
	43.460000	0.153015
	43.480000	0.196399
	43.500000	0.258102
	43.520000	0.348166
	43.540000	0.485691
	43.560000	0.704573
	43.580000	1.043514
	43.600000	1.402584
	43.620000	1.696415
	43.640000	1.973945
	43.660000	2.234994
	43.680000	2.458356
	43.700000	2.641147
	43.720000	2.842205
	43.740000	3.060651
	43.760000	3.295409
	43.780000	3.508840
	43.800000	3.716658
	43.820000	3.944006
	43.840000	4.184905
	43.860000	4.457389
	43.880000	4.768269
	43.900000	5.076010
	43.920000	5.371742
	43.940000	5.647222
	43.960000	5.893058
	43.980000	6.118569
	44.000000	6.355529
	44.020000	6.589421
	44.040000	6.793234
	44.060000	6.954124
	44.080000	7.083242
	44.100000	7.152929
	44.120000	7.234742
	44.140000	7.283004
	44.160000	7.234286
	44.180000	7.110085
	44.200000	6.870416
	44.220000	6.599899
	44.240000	6.302780
	44.260000	6.045320
	44.280000	5.911754
	44.300000	5.335736
	44.320000	4.155144
	44.340000	3.126437
	44.360000	2.411051
	44.380000	1.854036
	44.400000	1.508954
	44.420000	1.009956
	44.440000	0.535314
	44.460000	0.264523
	44.480000	0.137385
	44.500000	0.067724
	44.520000	0.033170
	44.540000	0.020166
	44.560000	0.016428
	44.580000	0.016493
	44.600000	0.018993
	44.620000	0.021800
	44.640000	0.023852
	44.660000	0.026105
	44.680000	0.028241
	44.700000	0.029966
	44.720000	0.032063
	44.740000	0.035834
	44.760000	0.037319
	44.780000	0.039168
	44.800000	0.040979
	44.820000	0.043147
	44.840000	0.046273
	44.860000	0.049816
	44.880000	0.053313
	44.900000	0.056510
	44.920000	0.059519
	44.940000	0.063055
	44.960000	0.065256
	44.980000	0.067718
	45.000000	0.070687
	45.020000	0.073878
	45.040000	0.077447
	45.060000	0.079205
	45.080000	0.080293
	45.100000	0.081205
	45.120000	0.081765
	45.140000	0.082741
	45.160000	0.082995
	45.180000	0.081218
	45.200000	0.079088
	45.220000	0.076288
	45.240000	0.072836
	45.260000	0.069678
	45.280000	0.068727
	45.300000	0.063439
	45.320000	0.051261
	45.340000	0.038432
	45.360000	0.029719
	45.380000	0.022757
	45.400000	0.018733
	45.420000	0.014142
	45.440000	0.006952
	45.460000	0.004211
	45.480000	0.002934
	45.500000	0.001769
	45.520000	0.001541
	45.540000	0.002159
	45.560000	0.002635
	45.580000	0.003481
	45.600000	0.004836
	45.620000	0.006347
	45.640000	0.007030
	45.660000	0.007988
	45.680000	0.009004
	45.700000	0.010085
	45.720000	0.011068
	45.740000	0.011980
	45.760000	0.012423
	45.780000	0.013308
	45.800000	0.014402
	45.820000	0.015340
	45.840000	0.016004
	45.860000	0.017385
	45.880000	0.018381
	45.900000	0.019228
	45.920000	0.020934
	45.940000	0.021234
	45.960000	0.022543
	45.980000	0.022940
	46.000000	0.024307
	46.020000	0.025291
	46.040000	0.026320
	46.060000	0.027121
	46.080000	0.027681
	46.100000	0.028104
	46.120000	0.028970
	46.140000	0.028918
	46.160000	0.028977
	46.180000	0.029107
	46.200000	0.027830
	46.220000	0.027075
	46.240000	0.026170
	46.260000	0.025336
	46.280000	0.024711
	46.300000	0.022718
	46.320000	0.018231
	46.340000	0.013764
	46.360000	0.010410
	46.380000	0.007962
	46.400000	0.006855
	46.420000	0.005122
	46.440000	0.003364
	46.460000	0.002231
	46.480000	0.001430
	46.500000	0.001169
	46.520000	0.000759
	46.540000	0.000753
	46.560000	0.000662
	46.580000	0.000929
	46.600000	0.000818
	46.620000	0.001013
	46.640000	0.001052
	46.660000	0.000896
	46.680000	0.000733
	46.700000	0.001013
	46.720000	0.000824
	46.740000	0.001033
	46.760000	0.001098
	46.780000	0.001104
	46.800000	0.001150
	46.820000	0.001013
	46.840000	0.000694
	46.860000	0.000968
	46.880000	0.001013
	46.900000	0.001033
	46.920000	0.000909
	46.940000	0.001046
	46.960000	0.001059
	46.980000	0.001248
	47.000000	0.001378
	47.020000	0.001391
	47.040000	0.001241
	47.060000	0.001143
	47.080000	0.001150
	47.100000	0.001235
	47.120000	0.001332
	47.140000	0.001534
	47.160000	0.001664
	47.180000	0.001567
	47.200000	0.001580
	47.220000	0.001358
	47.240000	0.001202
	47.260000	0.001261
	47.280000	0.001384
	47.300000	0.001261
	47.320000	0.001111
	47.340000	0.000981
	47.360000	0.001104
	47.380000	0.001033
	47.400000	0.000981
	47.420000	0.000603
	47.440000	0.000870
	47.460000	0.000922
	47.480000	0.000994
	47.500000	0.001209
	47.520000	0.001104
	47.540000	0.000981
	47.560000	0.001065
	47.580000	0.001319
	47.600000	0.001345
	47.620000	0.001749
	47.640000	0.001606
	47.660000	0.001567
	47.680000	0.001586
	47.700000	0.001756
	47.720000	0.001684
	47.740000	0.001879
	47.760000	0.002010
	47.780000	0.001847
	47.800000	0.002016
	47.820000	0.002094
	47.840000	0.001834
	47.860000	0.001821
	47.880000	0.001970
	47.900000	0.002068
	47.920000	0.002029
	47.940000	0.002062
	47.960000	0.002023
	47.980000	0.002088
	48.000000	0.002303
	48.020000	0.002478
	48.040000	0.002296
	48.060000	0.002407
	48.080000	0.002889
	48.100000	0.002693
	48.120000	0.002700
	48.140000	0.002426
	48.160000	0.002928
	48.180000	0.002654
	48.200000	0.002648
	48.220000	0.002570
	48.240000	0.002811
	48.260000	0.002687
	48.280000	0.002706
	48.300000	0.002218
	48.320000	0.002023
	48.340000	0.001254
	48.360000	0.001059
	48.380000	0.001417
	48.400000	0.001111
	48.420000	0.001241
	48.440000	0.001306
	48.460000	0.001111
	48.480000	0.001423
	48.500000	0.001534
	48.520000	0.001430
	48.540000	0.001450
	48.560000	0.001104
	48.580000	0.001156
	48.600000	0.001085
	48.620000	0.000727
	48.640000	0.001007
	48.660000	0.001091
	48.680000	0.001274
	48.700000	0.001371
	48.720000	0.001495
	48.740000	0.001235
	48.760000	0.001202
	48.780000	0.000798
	48.800000	0.001091
	48.820000	0.001130
	48.840000	0.001267
	48.860000	0.001371
	48.880000	0.001443
	48.900000	0.001612
	48.920000	0.001515
	48.940000	0.001235
	48.960000	0.001443
	48.980000	0.001417
	49.000000	0.001547
	49.020000	0.001209
	49.040000	0.001345
	49.060000	0.001365
	49.080000	0.001521
	49.100000	0.001860
	49.120000	0.001430
	49.140000	0.001235
	49.160000	0.001397
	49.180000	0.001502
	49.200000	0.001378
	49.220000	0.001723
	49.240000	0.001456
	49.260000	0.001547
	49.280000	0.001280
	49.300000	0.001482
	49.320000	0.001352
	49.340000	0.001365
	49.360000	0.001528
	49.380000	0.001658
	49.400000	0.001469
	49.420000	0.001397
	49.440000	0.001280
	49.460000	0.001013
	49.480000	0.001104
	49.500000	0.001235
	49.520000	0.001313
	49.540000	0.001280
	49.560000	0.001091
	49.580000	0.000935
	49.600000	0.001183
	49.620000	0.001189
	49.640000	0.001352
	49.660000	0.001808
	49.680000	0.001847
	49.700000	0.001749
	49.720000	0.001632
	49.740000	0.001612
	49.760000	0.001632
	49.780000	0.001710
	49.800000	0.001977
	49.820000	0.001918
	49.840000	0.002153
	49.860000	0.001964
	49.880000	0.002049
	49.900000	0.002133
	49.920000	0.002166
	49.940000	0.002120
	49.960000	0.002185
	49.980000	0.002185
	50.000000	0.001879
