	0.000000	0.020315
	0.020000	0.020315
	0.040000	0.019912
	0.060000	0.019951
	0.080000	0.020296
	0.100000	0.020250
	0.120000	0.020315
	0.140000	0.020374
	0.160000	0.020153
	0.180000	0.020061
	0.200000	0.020179
	0.220000	0.019957
	0.240000	0.019899
	0.260000	0.019938
	0.280000	0.019944
	0.300000	0.020016
	0.320000	0.019853
	0.340000	0.020140
	0.360000	0.019951
	0.380000	0.020100
	0.400000	0.020146
	0.420000	0.019951
	0.440000	0.020094
	0.460000	0.020224
	0.480000	0.020172
	0.500000	0.020231
	0.520000	0.020257
	0.540000	0.020335
	0.560000	0.020433
	0.580000	0.020309
	0.600000	0.020198
	0.620000	0.020283
	0.640000	0.020309
	0.660000	0.020087
	0.680000	0.019944
	0.700000	0.020003
	0.720000	0.019970
	0.740000	0.019879
	0.760000	0.019873
	0.780000	0.019827
	0.800000	0.019899
	0.820000	0.020341
	0.840000	0.030722
	0.860000	0.039800
	0.880000	0.053625
	0.900000	0.068200
	0.920000	0.083432
	0.940000	0.105169
	0.960000	0.138258
	0.980000	0.207580
	1.000000	0.309210
	1.020000	0.473826
	1.040000	0.576132
	1.060000	0.663103
	1.080000	0.748139
	1.100000	0.747026
	1.120000	0.621425
	1.140000	0.417228
	1.160000	0.276740
	1.180000	0.196093
	1.200000	0.148730
	1.220000	0.117048
	1.240000	0.095499
	1.260000	0.081159
	1.280000	0.072035
	1.300000	0.063472
	1.320000	0.053788
	1.340000	0.044853
	1.360000	0.037410
	1.380000	0.031809
	1.400000	0.027342
	1.420000	0.023721
	1.440000	0.020563
	1.460000	0.018173
	1.480000	0.016330
	1.500000	0.014318
	1.520000	0.012156
	1.540000	0.010319
	1.560000	0.008593
	1.580000	0.007109
	1.600000	0.005949
	1.620000	0.004523
	1.640000	0.003253
	1.660000	0.002094
	1.680000	0.001632
	1.700000	0.001267
	1.720000	0.000929
	1.740000	0.000596
	1.760000	0.000232
	1.780000	7.544026E-5
	1.800000	-1.573066E-5
	1.820000	1.683038E-5
	1.840000	2.334259E-5
	1.860000	-0.000244
	1.880000	-2.706242E-6
	1.900000	-0.000231
	1.920000	-0.000380
	1.940000	-0.000517
	1.960000	-0.000576
	1.980000	-0.000504
	2.000000	-0.000765
	2.020000	-0.000823
	2.040000	-0.000739
	2.060000	-0.000830
	2.080000	-0.000980
	2.100000	-0.001214
	2.120000	-0.001142
	2.140000	-0.001038
	2.160000	-0.000856
	2.180000	-0.001142
	2.200000	-0.001032
	2.220000	-0.000986
	2.240000	-0.000940
	2.260000	-0.001038
	2.280000	-0.001058
	2.300000	-0.001064
	2.320000	-0.001077
	2.340000	-0.000947
	2.360000	-0.001110
	2.380000	-0.001149
	2.400000	-0.001207
	2.420000	-0.001168
	2.440000	-0.001129
	2.460000	-0.001188
	2.480000	-0.001286
	2.500000	-0.001194
	2.520000	-0.001416
	2.540000	-0.001461
	2.560000	-0.001618
	2.580000	-0.001618
	2.600000	-0.001696
	2.620000	-0.001865
	2.640000	-0.002106
	2.660000	-0.002074
	2.680000	-0.002171
	2.700000	-0.002249
	2.720000	-0.002223
	2.740000	-0.002132
	2.760000	-0.002093
	2.780000	-0.002321
	2.800000	-0.002152
	2.820000	-0.002002
	2.840000	-0.002074
	2.860000	-0.001917
	2.880000	-0.001872
	2.900000	-0.001891
	2.920000	-0.001904
	2.940000	-0.001950
	2.960000	-0.001917
	2.980000	-0.001865
	3.000000	-0.001995
	3.020000	-0.001911
	3.040000	-0.001904
	3.060000	-0.001872
	3.080000	-0.001917
	3.100000	-0.001995
	3.120000	-0.002008
	3.140000	-0.002054
	3.160000	-0.002074
	3.180000	-0.001982
	3.200000	-0.002054
	3.220000	-0.002002
	3.240000	-0.001917
	3.260000	-0.001774
	3.280000	-0.001774
	3.300000	-0.001728
	3.320000	-0.001520
	3.340000	-0.001325
	3.360000	-0.001247
	3.380000	-0.000895
	3.400000	-0.000700
	3.420000	-0.000133
	3.440000	0.000916
	3.460000	0.002120
	3.480000	0.003716
	3.500000	0.004810
	3.520000	0.005591
	3.540000	0.006490
	3.560000	0.006744
	3.580000	0.007258
	3.600000	0.007402
	3.620000	0.007825
	3.640000	0.007949
	3.660000	0.008326
	3.680000	0.008398
	3.700000	0.008522
	3.720000	0.008561
	3.740000	0.008750
	3.760000	0.008795
	3.780000	0.008763
	3.800000	0.008880
	3.820000	0.009277
	3.840000	0.009564
	3.860000	0.009661
	3.880000	0.009681
	3.900000	0.009700
	3.920000	0.009844
	3.940000	0.009798
	3.960000	0.010046
	3.980000	0.010300
	4.000000	0.010306
	4.020000	0.010039
	4.040000	0.010117
	4.060000	0.010046
	4.080000	0.009876
	4.100000	0.009987
	4.120000	0.009805
	4.140000	0.009733
	4.160000	0.009668
	4.180000	0.009336
	4.200000	0.009056
	4.220000	0.008919
	4.240000	0.008763
	4.260000	0.008626
	4.280000	0.008261
	4.300000	0.008027
	4.320000	0.007838
	4.340000	0.007981
	4.360000	0.007779
	4.380000	0.007467
	4.400000	0.007063
	4.420000	0.006581
	4.440000	0.006464
	4.460000	0.005936
	4.480000	0.005428
	4.500000	0.005057
	4.520000	0.004419
	4.540000	0.003664
	4.560000	0.002615
	4.580000	0.000857
	4.600000	-0.001097
	4.620000	-0.001794
	4.640000	-0.001937
	4.660000	-0.002048
	4.680000	-0.001995
	4.700000	-0.001943
	4.720000	-0.002041
	4.740000	-0.002100
	4.760000	-0.002067
	4.780000	-0.002145
	4.800000	-0.002184
	4.820000	-0.002210
	4.840000	-0.002093
	4.860000	-0.002152
	4.880000	-0.002126
	4.900000	-0.002204
	4.920000	-0.002334
	4.940000	-0.002087
	4.960000	-0.002002
	4.980000	-0.001891
	5.000000	-0.001885
	5.020000	-0.001807
	5.040000	-0.001846
	5.060000	-0.001813
	5.080000	-0.001917
	5.100000	-0.001924
	5.120000	-0.001917
	5.140000	-0.001904
	5.160000	-0.002041
	5.180000	-0.001982
	5.200000	-0.002028
	5.220000	-0.001937
	5.240000	-0.002061
	5.260000	-0.001891
	5.280000	-0.002204
	5.300000	-0.002328
	5.320000	-0.002061
	5.340000	-0.002048
	5.360000	-0.002087
	5.380000	-0.002139
	5.400000	-0.002184
	5.420000	-0.002015
	5.440000	-0.002002
	5.460000	-0.002002
	5.480000	-0.001995
	5.500000	-0.001917
	5.520000	-0.001800
	5.540000	-0.001794
	5.560000	-0.001924
	5.580000	-0.001917
	5.600000	-0.001761
	5.620000	-0.001930
	5.640000	-0.001904
	5.660000	-0.001904
	5.680000	-0.001813
	5.700000	-0.001859
	5.720000	-0.001963
	5.740000	-0.002243
	5.760000	-0.001976
	5.780000	-0.002197
	5.800000	-0.002119
	5.820000	-0.002093
	5.840000	-0.002262
	5.860000	-0.002269
	5.880000	-0.002119
	5.900000	-0.002061
	5.920000	-0.001911
	5.940000	-0.001943
	5.960000	-0.002113
	5.980000	-0.002152
	6.000000	-0.002106
	6.020000	-0.001937
	6.040000	-0.001846
	6.060000	-0.002054
	6.080000	-0.001846
	6.100000	-0.001774
	6.120000	-0.001820
	6.140000	-0.001807
	6.160000	-0.001813
	6.180000	-0.001741
	6.200000	-0.001839
	6.220000	-0.002008
	6.240000	-0.001891
	6.260000	-0.001846
	6.280000	-0.002021
	6.300000	-0.002054
	6.320000	-0.002087
	6.340000	-0.001924
	6.360000	-0.002048
	6.380000	-0.001956
	6.400000	-0.001950
	6.420000	-0.001781
	6.440000	-0.001592
	6.460000	-0.001585
	6.480000	-0.001357
	6.500000	-0.001357
	6.520000	-0.001383
	6.540000	-0.001331
	6.560000	-0.001207
	6.580000	-0.001155
	6.600000	-0.001084
	6.620000	-0.000934
	6.640000	-0.000986
	6.660000	-0.000739
	6.680000	-0.000778
	6.700000	-0.000849
	6.720000	-0.000797
	6.740000	-0.000765
	6.760000	-0.000862
	6.780000	-0.000752
	6.800000	-0.000843
	6.820000	-0.000758
	6.840000	-0.001071
	6.860000	-0.001064
	6.880000	-0.000973
	6.900000	-0.001032
	6.920000	-0.000980
	6.940000	-0.001006
	6.960000	-0.001155
	6.980000	-0.000934
	7.000000	-0.000980
	7.020000	-0.000914
	7.040000	-0.000745
	7.060000	-0.000882
	7.080000	-0.000726
	7.100000	-0.000732
	7.120000	-0.000849
	7.140000	-0.000980
	7.160000	-0.000667
	7.180000	-0.000967
	7.200000	-0.000934
	7.220000	-0.000914
	7.240000	-0.000980
	7.260000	-0.000862
	7.280000	-0.001058
	7.300000	-0.001019
	7.320000	-0.000901
	7.340000	-0.000973
	7.360000	-0.001279
	7.380000	-0.001129
	7.400000	-0.001077
	7.420000	-0.000993
	7.440000	-0.001012
	7.460000	-0.000980
	7.480000	-0.001129
	7.500000	-0.001129
	7.520000	-0.001097
	7.540000	-0.001266
	7.560000	-0.001416
	7.580000	-0.001702
	7.600000	-0.001624
	7.620000	-0.001494
	7.640000	-0.001624
	7.660000	-0.001572
	7.680000	-0.001383
	7.700000	-0.001422
	7.720000	-0.001357
	7.740000	-0.001409
	7.760000	-0.001507
	7.780000	-0.001422
	7.800000	-0.001253
	7.820000	-0.001364
	7.840000	-0.001383
	7.860000	-0.001559
	7.880000	-0.001559
	7.900000	-0.001592
	7.920000	-0.001748
	7.940000	-0.001501
	7.960000	-0.001566
	7.980000	-0.001741
	8.000000	-0.001735
	8.020000	-0.001702
	8.040000	-0.001585
	8.060000	-0.001624
	8.080000	-0.001709
	8.100000	-0.001820
	8.120000	-0.001768
	8.140000	-0.001611
	8.160000	-0.001468
	8.180000	-0.001481
	8.200000	-0.001461
	8.220000	-0.001540
	8.240000	-0.001357
	8.260000	-0.001409
	8.280000	-0.001357
	8.300000	-0.001598
	8.320000	-0.001572
	8.340000	-0.001572
	8.360000	-0.001507
	8.380000	-0.001676
	8.400000	-0.001689
	8.420000	-0.001794
	8.440000	-0.001566
	8.460000	-0.001761
	8.480000	-0.001930
	8.500000	-0.001852
	8.520000	-0.001956
	8.540000	-0.001956
	8.560000	-0.002080
	8.580000	-0.002152
	8.600000	-0.002080
	8.620000	-0.002087
	8.640000	-0.001924
	8.660000	-0.001898
	8.680000	-0.001911
	8.700000	-0.001898
	8.720000	-0.001917
	8.740000	-0.001689
	8.760000	-0.001631
	8.780000	-0.001768
	8.800000	-0.001807
	8.820000	-0.002048
	8.840000	-0.001872
	8.860000	-0.002119
	8.880000	-0.001865
	8.900000	-0.001937
	8.920000	-0.002158
	8.940000	-0.002191
	8.960000	-0.002035
	8.980000	-0.002113
	9.000000	-0.002113
	9.020000	-0.002126
	9.040000	-0.002028
	9.060000	-0.002295
	9.080000	-0.002067
	9.100000	-0.002223
	9.120000	-0.002113
	9.140000	-0.002035
	9.160000	-0.002074
	9.180000	-0.001995
	9.200000	-0.001963
	9.220000	-0.002015
	9.240000	-0.001813
	9.260000	-0.001878
	9.280000	-0.001865
	9.300000	-0.001800
	9.320000	-0.001748
	9.340000	-0.001989
	9.360000	-0.001956
	9.380000	-0.001937
	9.400000	-0.001865
	9.420000	-0.002041
	9.440000	-0.002106
	9.460000	-0.002061
	9.480000	-0.002067
	9.500000	-0.002119
	9.520000	-0.002184
	9.540000	-0.002054
	9.560000	-0.002087
	9.580000	-0.002165
	9.600000	-0.002171
	9.620000	-0.002139
	9.640000	-0.002119
	9.660000	-0.002041
	9.680000	-0.001956
	9.700000	-0.002008
	9.720000	-0.002015
	9.740000	-0.001956
	9.760000	-0.001865
	9.780000	-0.001833
	9.800000	-0.001943
	9.820000	-0.001735
	9.840000	-0.001781
	9.860000	-0.001852
	9.880000	-0.001813
	9.900000	-0.001781
	9.920000	-0.001833
	9.940000	-0.001937
	9.960000	-0.001826
	9.980000	-0.001800
	10.000000	-0.001976
	10.020000	-0.001943
	10.040000	-0.002067
	10.060000	-0.002002
	10.080000	-0.002048
	10.100000	-0.002126
	10.120000	-0.002067
	10.140000	-0.002152
	10.160000	-0.002152
	10.180000	-0.002080
	10.200000	-0.002100
	10.220000	-0.002080
	10.240000	-0.001989
	10.260000	-0.001950
	10.280000	-0.001787
	10.300000	-0.001728
	10.320000	-0.001826
	10.340000	-0.001872
	10.360000	-0.001891
	10.380000	-0.001807
	10.400000	-0.001715
	10.420000	-0.001728
	10.440000	-0.001768
	10.460000	-0.001657
	10.480000	-0.001800
	10.500000	-0.001937
	10.520000	-0.001878
	10.540000	-0.001956
	10.560000	-0.002106
	10.580000	-0.002028
	10.600000	-0.002126
	10.620000	-0.001898
	10.640000	-0.002113
	10.660000	-0.002015
	10.680000	-0.002093
	10.700000	-0.002061
	10.720000	-0.001969
	10.740000	-0.002008
	10.760000	-0.001878
	10.780000	-0.001950
	10.800000	-0.001833
	10.820000	-0.001904
	10.840000	-0.002015
	10.860000	-0.001878
	10.880000	-0.001735
	10.900000	-0.001754
	10.920000	-0.001722
	10.940000	-0.001735
	10.960000	-0.001754
	10.980000	-0.001768
	11.000000	-0.001702
	11.020000	-0.001715
	11.040000	-0.001820
	11.060000	-0.001787
	11.080000	-0.001709
	11.100000	-0.001774
	11.120000	-0.001637
	11.140000	-0.001442
	11.160000	-0.001377
	11.180000	-0.001364
	11.200000	-0.000901
	11.220000	-0.000498
	11.240000	0.000238
	11.260000	0.001287
	11.280000	0.002322
	11.300000	0.003273
	11.320000	0.004295
	11.340000	0.004927
	11.360000	0.005917
	11.380000	0.006926
	11.400000	0.007519
	11.420000	0.008059
	11.440000	0.008665
	11.460000	0.009368
	11.480000	0.009570
	11.500000	0.009994
	11.520000	0.010391
	11.540000	0.010495
	11.560000	0.010567
	11.580000	0.010768
	11.600000	0.010866
	11.620000	0.011257
	11.640000	0.011211
	11.660000	0.011329
	11.680000	0.011615
	11.700000	0.011615
	11.720000	0.011810
	11.740000	0.011843
	11.760000	0.012097
	11.780000	0.012377
	11.800000	0.012331
	11.820000	0.012305
	11.840000	0.012442
	11.860000	0.012410
	11.880000	0.012592
	11.900000	0.012455
	11.920000	0.012520
	11.940000	0.012449
	11.960000	0.012520
	11.980000	0.012299
	12.000000	0.012357
	12.020000	0.012305
	12.040000	0.012338
	12.060000	0.012201
	12.080000	0.012156
	12.100000	0.011823
	12.120000	0.011543
	12.140000	0.011179
	12.160000	0.010866
	12.180000	0.010632
	12.200000	0.010475
	12.220000	0.010306
	12.240000	0.010443
	12.260000	0.010195
	12.280000	0.009994
	12.300000	0.009629
	12.320000	0.009342
	12.340000	0.008561
	12.360000	0.008033
	12.380000	0.007597
	12.400000	0.007486
	12.420000	0.007343
	12.440000	0.006965
	12.460000	0.006171
	12.480000	0.005227
	12.500000	0.004575
	12.520000	0.003820
	12.540000	0.002576
	12.560000	0.000368
	12.580000	-0.001116
	12.600000	-0.001618
	12.620000	-0.001722
	12.640000	-0.001741
	12.660000	-0.001859
	12.680000	-0.001722
	12.700000	-0.001852
	12.720000	-0.001696
	12.740000	-0.001689
	12.760000	-0.001624
	12.780000	-0.001403
	12.800000	-0.001370
	12.820000	-0.001377
	12.840000	-0.001142
	12.860000	-0.001188
	12.880000	-0.001051
	12.900000	-0.001012
	12.920000	-0.000700
	12.940000	-0.000524
	12.960000	-0.000361
	12.980000	0.000199
	13.000000	0.000375
	13.020000	0.000850
	13.040000	0.001436
	13.060000	0.002283
	13.080000	0.003312
	13.100000	0.004569
	13.120000	0.006457
	13.140000	0.009323
	13.160000	0.013816
	13.180000	0.021624
	13.200000	0.032213
	13.220000	0.043655
	13.240000	0.054739
	13.260000	0.065588
	13.280000	0.076021
	13.300000	0.085516
	13.320000	0.093760
	13.340000	0.102337
	13.360000	0.110255
	13.380000	0.118174
	13.400000	0.125253
	13.420000	0.131811
	13.440000	0.137555
	13.460000	0.142315
	13.480000	0.146047
	13.500000	0.148554
	13.520000	0.150866
	13.540000	0.153913
	13.560000	0.156095
	13.580000	0.157964
	13.600000	0.160080
	13.620000	0.162483
	13.640000	0.164789
	13.660000	0.166977
	13.680000	0.169289
	13.700000	0.171555
	13.720000	0.174277
	13.740000	0.176407
	13.760000	0.177553
	13.780000	0.178393
	13.800000	0.178992
	13.820000	0.179070
	13.840000	0.178738
	13.860000	0.178002
	13.880000	0.177084
	13.900000	0.176797
	13.920000	0.176309
	13.940000	0.176439
	13.960000	0.176433
	13.980000	0.175833
	14.000000	0.174831
	14.020000	0.174791
	14.040000	0.175293
	14.060000	0.174837
	14.080000	0.172870
	14.100000	0.168924
	14.120000	0.164164
	14.140000	0.160341
	14.160000	0.157612
	14.180000	0.156010
	14.200000	0.154832
	14.220000	0.154154
	14.240000	0.153698
	14.260000	0.151641
	14.280000	0.147922
	14.300000	0.142270
	14.320000	0.134813
	14.340000	0.126842
	14.360000	0.119412
	14.380000	0.115674
	14.400000	0.114274
	14.420000	0.110705
	14.440000	0.105749
	14.460000	0.096306
	14.480000	0.084259
	14.500000	0.075037
	14.520000	0.067034
	14.540000	0.052154
	14.560000	0.024750
	14.580000	0.007428
	14.600000	0.002224
	14.620000	0.000688
	14.640000	-0.000113
	14.660000	-0.000276
	14.680000	-0.000354
	14.700000	-0.000478
	14.720000	-0.000745
	14.740000	-0.000791
	14.760000	-0.000771
	14.780000	-0.000680
	14.800000	-0.000686
	14.820000	-0.000849
	14.840000	-0.000830
	14.860000	-0.000700
	14.880000	-0.000550
	14.900000	-0.000550
	14.920000	-0.000289
	14.940000	-0.000283
	14.960000	-6.782833E-5
	14.980000	0.000251
	15.000000	0.000792
	15.020000	0.001352
	15.040000	0.002023
	15.060000	0.003012
	15.080000	0.004654
	15.100000	0.007083
	15.120000	0.011426
	15.140000	0.016753
	15.160000	0.021637
	15.180000	0.025909
	15.200000	0.030214
	15.220000	0.034473
	15.240000	0.038914
	15.260000	0.043134
	15.280000	0.047439
	15.300000	0.051112
	15.320000	0.054518
	15.340000	0.057813
	15.360000	0.060991
	15.380000	0.064227
	15.400000	0.066852
	15.420000	0.069137
	15.440000	0.070902
	15.460000	0.072218
	15.480000	0.073416
	15.500000	0.074705
	15.520000	0.076086
	15.540000	0.076887
	15.560000	0.077499
	15.580000	0.078749
	15.600000	0.079603
	15.620000	0.080391
	15.640000	0.081927
	15.660000	0.083152
	15.680000	0.084343
	15.700000	0.085652
	15.720000	0.086584
	15.740000	0.087124
	15.760000	0.087365
	15.780000	0.087645
	15.800000	0.087769
	15.820000	0.087658
	15.840000	0.086922
	15.860000	0.086317
	15.880000	0.085880
	15.900000	0.085529
	15.920000	0.085183
	15.940000	0.084832
	15.960000	0.084571
	15.980000	0.084337
	16.000000	0.084278
	16.020000	0.084916
	16.040000	0.084754
	16.060000	0.083868
	16.080000	0.082240
	16.100000	0.080547
	16.120000	0.078990
	16.140000	0.077961
	16.160000	0.077297
	16.180000	0.076854
	16.200000	0.076301
	16.220000	0.076399
	16.240000	0.075656
	16.260000	0.074009
	16.280000	0.071658
	16.300000	0.068336
	16.320000	0.064449
	16.340000	0.061030
	16.360000	0.059265
	16.380000	0.058099
	16.400000	0.056517
	16.420000	0.054798
	16.440000	0.052023
	16.460000	0.046286
	16.480000	0.040842
	16.500000	0.036433
	16.520000	0.032142
	16.540000	0.021709
	16.560000	0.010671
	16.580000	0.006060
	16.600000	0.004686
	16.620000	0.004308
	16.640000	0.004400
	16.660000	0.004295
	16.680000	0.004146
	16.700000	0.004367
	16.720000	0.004263
	16.740000	0.004080
	16.760000	0.004230
	16.780000	0.004360
	16.800000	0.004152
	16.820000	0.004133
	16.840000	0.004146
	16.860000	0.004217
	16.880000	0.004269
	16.900000	0.004113
	16.920000	0.004295
	16.940000	0.004061
	16.960000	0.004458
	16.980000	0.004484
	17.000000	0.004360
	17.020000	0.004790
	17.040000	0.005194
	17.060000	0.005800
	17.080000	0.006731
	17.100000	0.007942
	17.120000	0.008847
	17.140000	0.009863
	17.160000	0.010951
	17.180000	0.011758
	17.200000	0.012624
	17.220000	0.013478
	17.240000	0.014559
	17.260000	0.015216
	17.280000	0.015907
	17.300000	0.016558
	17.320000	0.017007
	17.340000	0.017463
	17.360000	0.017978
	17.380000	0.018466
	17.400000	0.018779
	17.420000	0.019130
	17.440000	0.019508
	17.460000	0.019749
	17.480000	0.019684
	17.500000	0.019664
	17.520000	0.019638
	17.540000	0.019645
	17.560000	0.018818
	17.580000	0.018531
	17.600000	0.018883
	17.620000	0.018798
	17.640000	0.019195
	17.660000	0.019514
	17.680000	0.019794
	17.700000	0.019853
	17.720000	0.020120
	17.740000	0.020192
	17.760000	0.020140
	17.780000	0.020192
	17.800000	0.020328
	17.820000	0.020205
	17.840000	0.020211
	17.860000	0.020035
	17.880000	0.020133
	17.900000	0.020100
	17.920000	0.019847
	17.940000	0.019762
	17.960000	0.019417
	17.980000	0.019195
	18.000000	0.019046
	18.020000	0.019065
	18.040000	0.019326
	18.060000	0.019078
	18.080000	0.018831
	18.100000	0.018798
	18.120000	0.018355
	18.140000	0.017925
	18.160000	0.017711
	18.180000	0.017476
	18.200000	0.017294
	18.220000	0.017014
	18.240000	0.016818
	18.260000	0.016356
	18.280000	0.015861
	18.300000	0.015451
	18.320000	0.014767
	18.340000	0.013920
	18.360000	0.013250
	18.380000	0.012833
	18.400000	0.011895
	18.420000	0.011413
	18.440000	0.011276
	18.460000	0.010554
	18.480000	0.008945
	18.500000	0.007597
	18.520000	0.005826
	18.540000	0.004543
	18.560000	0.001736
	18.580000	-0.000413
	18.600000	-0.001227
	18.620000	-0.001227
	18.640000	-0.001351
	18.660000	-0.001461
	18.680000	-0.001409
	18.700000	-0.001331
	18.720000	-0.001429
	18.740000	-0.001286
	18.760000	-0.001247
	18.780000	-0.001318
	18.800000	-0.001253
	18.820000	-0.001240
	18.840000	-0.001292
	18.860000	-0.001181
	18.880000	-0.001103
	18.900000	-0.001032
	18.920000	-0.000882
	18.940000	-0.000576
	18.960000	2.334259E-5
	18.980000	0.000798
	19.000000	0.002172
	19.020000	0.003221
	19.040000	0.004373
	19.060000	0.005487
	19.080000	0.006633
	19.100000	0.007871
	19.120000	0.008919
	19.140000	0.010248
	19.160000	0.011153
	19.180000	0.012130
	19.200000	0.013250
	19.220000	0.013999
	19.240000	0.014650
	19.260000	0.015412
	19.280000	0.016200
	19.300000	0.016838
	19.320000	0.017430
	19.340000	0.017984
	19.360000	0.018726
	19.380000	0.019163
	19.400000	0.019729
	19.420000	0.019951
	19.440000	0.020328
	19.460000	0.020817
	19.480000	0.021175
	19.500000	0.021234
	19.520000	0.021702
	19.540000	0.021898
	19.560000	0.022093
	19.580000	0.022510
	19.600000	0.022543
	19.620000	0.023096
	19.640000	0.023383
	19.660000	0.023728
	19.680000	0.023669
	19.700000	0.023838
	19.720000	0.023923
	19.740000	0.024268
	19.760000	0.024223
	19.780000	0.024164
	19.800000	0.024079
	19.820000	0.023995
	19.840000	0.023995
	19.860000	0.024040
	19.880000	0.023806
	19.900000	0.023630
	19.920000	0.023168
	19.940000	0.023064
	19.960000	0.022836
	19.980000	0.022582
	20.000000	0.022406
	20.020000	0.022191
	20.040000	0.022106
	20.060000	0.022210
	20.080000	0.021742
	20.100000	0.021520
	20.120000	0.021175
	20.140000	0.020778
	20.160000	0.020322
	20.180000	0.020087
	20.200000	0.019938
	20.220000	0.019553
	20.240000	0.019195
	20.260000	0.018466
	20.280000	0.017815
	20.300000	0.017294
	20.320000	0.017007
	20.340000	0.016089
	20.360000	0.014760
	20.380000	0.014096
	20.400000	0.013868
	20.420000	0.013484
	20.440000	0.011784
	20.460000	0.010124
	20.480000	0.008320
	20.500000	0.006698
	20.520000	0.003761
	20.540000	0.000395
	20.560000	-0.000869
	20.580000	-0.001540
	20.600000	-0.001650
	20.620000	-0.001435
	20.640000	-0.001676
	20.660000	-0.001728
	20.680000	-0.001807
	20.700000	-0.001696
	20.720000	-0.001598
	20.740000	-0.001598
	20.760000	-0.001585
	20.780000	-0.001481
	20.800000	-0.001468
	20.820000	-0.001260
	20.840000	-0.001520
	20.860000	-0.001266
	20.880000	-0.001312
	20.900000	-0.001344
	20.920000	-0.001286
	20.940000	-0.001344
	20.960000	-0.001155
	20.980000	-0.000901
	21.000000	-0.001103
	21.020000	-0.000875
	21.040000	-0.000641
	21.060000	-0.000654
	21.080000	-0.000465
	21.100000	-0.000459
	21.120000	-0.000211
	21.140000	-0.000244
	21.160000	-0.000257
	21.180000	0.000121
	21.200000	0.000173
	21.220000	0.000251
	21.240000	0.000486
	21.260000	0.000505
	21.280000	0.000590
	21.300000	0.000792
	21.320000	0.000831
	21.340000	0.000844
	21.360000	0.001111
	21.380000	0.001124
	21.400000	0.000968
	21.420000	0.001111
	21.440000	0.001196
	21.460000	0.001319
	21.480000	0.001287
	21.500000	0.001222
	21.520000	0.001254
	21.540000	0.001104
	21.560000	0.001143
	21.580000	0.001196
	21.600000	0.001065
	21.620000	0.001065
	21.640000	0.001156
	21.660000	0.001313
	21.680000	0.001130
	21.700000	0.001332
	21.720000	0.001248
	21.740000	0.001319
	21.760000	0.001326
	21.780000	0.001463
	21.800000	0.001430
	21.820000	0.001358
	21.840000	0.001430
	21.860000	0.001397
	21.880000	0.001515
	21.900000	0.001515
	21.920000	0.001651
	21.940000	0.001658
	21.960000	0.001515
	21.980000	0.001287
	22.000000	0.001261
	22.020000	0.001352
	22.040000	0.001222
	22.060000	0.001222
	22.080000	0.001397
	22.100000	0.001117
	22.120000	0.001143
	22.140000	0.000942
	22.160000	0.001033
	22.180000	0.000746
	22.200000	0.000857
	22.220000	0.000896
	22.240000	0.000753
	22.260000	0.000590
	22.280000	0.000714
	22.300000	0.000733
	22.320000	0.000544
	22.340000	0.000675
	22.360000	0.000499
	22.380000	0.000421
	22.400000	0.000570
	22.420000	0.000395
	22.440000	0.000434
	22.460000	0.000362
	22.480000	-9.218451E-6
	22.500000	-0.000185
	22.520000	-0.000439
	22.540000	-0.000804
	22.560000	-0.001286
	22.580000	-0.001207
	22.600000	-0.001357
	22.620000	-0.001442
	22.640000	-0.001273
	22.660000	-0.001579
	22.680000	-0.001553
	22.700000	-0.001481
	22.720000	-0.001435
	22.740000	-0.001422
	22.760000	-0.001422
	22.780000	-0.001370
	22.800000	-0.001338
	22.820000	-0.001403
	22.840000	-0.001351
	22.860000	-0.001357
	22.880000	-0.001273
	22.900000	-0.001234
	22.920000	-0.001305
	22.940000	-0.001279
	22.960000	-0.001175
	22.980000	-0.001175
	23.000000	-0.001123
	23.020000	-0.001162
	23.040000	-0.001286
	23.060000	-0.001474
	23.080000	-0.001247
	23.100000	-0.001448
	23.120000	-0.001507
	23.140000	-0.001540
	23.160000	-0.001611
	23.180000	-0.001494
	23.200000	-0.001702
	23.220000	-0.001696
	23.240000	-0.001520
	23.260000	-0.001715
	23.280000	-0.001624
	23.300000	-0.001403
	23.320000	-0.001370
	23.340000	-0.001396
	23.360000	-0.001357
	23.380000	-0.001344
	23.400000	-0.001501
	23.420000	-0.001331
	23.440000	-0.001194
	23.460000	-0.001351
	23.480000	-0.001077
	23.500000	-0.001207
	23.520000	-0.001194
	23.540000	-0.001448
	23.560000	-0.001514
	23.580000	-0.001357
	23.600000	-0.001481
	23.620000	-0.001357
	23.640000	-0.001501
	23.660000	-0.001527
	23.680000	-0.001468
	23.700000	-0.001540
	23.720000	-0.001572
	23.740000	-0.001663
	23.760000	-0.001533
	23.780000	-0.001559
	23.800000	-0.001598
	23.820000	-0.001689
	23.840000	-0.001663
	23.860000	-0.001494
	23.880000	-0.001605
	23.900000	-0.001481
	23.920000	-0.001344
	23.940000	-0.001448
	23.960000	-0.001370
	23.980000	-0.001364
	24.000000	-0.001247
	24.020000	-0.001220
	24.040000	-0.001377
	24.060000	-0.001318
	24.080000	-0.001422
	24.100000	-0.001390
	24.120000	-0.001357
	24.140000	-0.001429
	24.160000	-0.001533
	24.180000	-0.001474
	24.200000	-0.001670
	24.220000	-0.001579
	24.240000	-0.001501
	24.260000	-0.001455
	24.280000	-0.001689
	24.300000	-0.001546
	24.320000	-0.001514
	24.340000	-0.001676
	24.360000	-0.001396
	24.380000	-0.001527
	24.400000	-0.001572
	24.420000	-0.001637
	24.440000	-0.001364
	24.460000	-0.001435
	24.480000	-0.001181
	24.500000	-0.001266
	24.520000	-0.001266
	24.540000	-0.001260
	24.560000	-0.001292
	24.580000	-0.001273
	24.600000	-0.001370
	24.620000	-0.001240
	24.640000	-0.001318
	24.660000	-0.001396
	24.680000	-0.001435
	24.700000	-0.001207
	24.720000	-0.001422
	24.740000	-0.001487
	24.760000	-0.001598
	24.780000	-0.001689
	24.800000	-0.001481
	24.820000	-0.001553
	24.840000	-0.001455
	24.860000	-0.001533
	24.880000	-0.001592
	24.900000	-0.001422
	24.920000	-0.001168
	24.940000	-0.001357
	24.960000	-0.001266
	24.980000	-0.001038
	25.000000	-0.001227
	25.020000	-0.001220
	25.040000	-0.001253
	25.060000	-0.001110
	25.080000	-0.001220
	25.100000	-0.001071
	25.120000	-0.001129
	25.140000	-0.001188
	25.160000	-0.001149
	25.180000	-0.001012
	25.200000	-0.001305
	25.220000	-0.001162
	25.240000	-0.001240
	25.260000	-0.001194
	25.280000	-0.001331
	25.300000	-0.001279
	25.320000	-0.001442
	25.340000	-0.001312
	25.360000	-0.001273
	25.380000	-0.001260
	25.400000	-0.001051
	25.420000	-0.001142
	25.440000	-0.001175
	25.460000	-0.001038
	25.480000	-0.001123
	25.500000	-0.001084
	25.520000	-0.001071
	25.540000	-0.000901
	25.560000	-0.001188
	25.580000	-0.001071
	25.600000	-0.000882
	25.620000	-0.000953
	25.640000	-0.000960
	25.660000	-0.000888
	25.680000	-0.001090
	25.700000	-0.000882
	25.720000	-0.001240
	25.740000	-0.000908
	25.760000	-0.001279
	25.780000	-0.001103
	25.800000	-0.001247
	25.820000	-0.001175
	25.840000	-0.001019
	25.860000	-0.001220
	25.880000	-0.001038
	25.900000	-0.001090
	25.920000	-0.000999
	25.940000	-0.000967
	25.960000	-0.001032
	25.980000	-0.000823
	26.000000	-0.000875
	26.020000	-0.000862
	26.040000	-0.000817
	26.060000	-0.000660
	26.080000	-0.000673
	26.100000	-0.000602
	26.120000	-0.000543
	26.140000	-0.000686
	26.160000	-0.000634
	26.180000	-0.000602
	26.200000	-0.000348
	26.220000	-0.000341
	26.240000	-0.000452
	26.260000	-0.000361
	26.280000	-0.000289
	26.300000	-0.000237
	26.320000	4.287922E-5
	26.340000	-0.000113
	26.360000	0.000186
	26.380000	0.000245
	26.400000	0.000544
	26.420000	0.000662
	26.440000	0.000902
	26.460000	0.001417
	26.480000	0.001736
	26.500000	0.002055
	26.520000	0.002745
	26.540000	0.003214
	26.560000	0.004159
	26.580000	0.005214
	26.600000	0.006262
	26.620000	0.007630
	26.640000	0.009518
	26.660000	0.011967
	26.680000	0.015614
	26.700000	0.020283
	26.720000	0.026398
	26.740000	0.035150
	26.760000	0.048279
	26.780000	0.067705
	26.800000	0.097368
	26.820000	0.147108
	26.840000	0.209189
	26.860000	0.268769
	26.880000	0.323621
	26.900000	0.377041
	26.920000	0.430174
	26.940000	0.483770
	26.960000	0.534734
	26.980000	0.587620
	27.000000	0.642134
	27.020000	0.698738
	27.040000	0.753766
	27.060000	0.808045
	27.080000	0.863913
	27.100000	0.919013
	27.120000	0.969437
	27.140000	1.031258
	27.160000	1.073457
	27.180000	1.120195
	27.200000	1.166119
	27.220000	1.209367
	27.240000	1.252822
	27.260000	1.295679
	27.280000	1.336999
	27.300000	1.374718
	27.320000	1.409376
	27.340000	1.438805
	27.360000	1.469679
	27.380000	1.499583
	27.400000	1.524206
	27.420000	1.550678
	27.440000	1.574278
	27.460000	1.591855
	27.480000	1.603036
	27.500000	1.618203
	27.520000	1.636046
	27.540000	1.648615
	27.560000	1.662812
	27.580000	1.679821
	27.600000	1.692038
	27.620000	1.701559
	27.640000	1.711210
	27.660000	1.720881
	27.680000	1.732023
	27.700000	1.742111
	27.720000	1.749932
	27.740000	1.757317
	27.760000	1.761205
	27.780000	1.760026
	27.800000	1.759270
	27.820000	1.751150
	27.840000	1.743081
	27.860000	1.735130
	27.880000	1.723036
	27.900000	1.710683
	27.920000	1.700862
	27.940000	1.691185
	27.960000	1.683859
	27.980000	1.674976
	28.000000	1.664375
	28.020000	1.648641
	28.040000	1.633018
	28.060000	1.625477
	28.080000	1.620157
	28.100000	1.610226
	28.120000	1.594896
	28.140000	1.572787
	28.160000	1.543866
	28.180000	1.516593
	28.200000	1.489912
	28.220000	1.463590
	28.240000	1.427753
	28.260000	1.374243
	28.280000	1.317482
	28.300000	1.279093
	28.320000	1.268895
	28.340000	1.270672
	28.360000	1.212909
	28.380000	1.096757
	28.400000	1.015472
	28.420000	0.992490
	28.440000	0.982214
	28.460000	0.905005
	28.480000	0.787056
	28.500000	0.666567
	28.520000	0.520017
	28.540000	0.421565
	28.560000	0.276786
	28.580000	0.121535
	28.600000	0.053183
	28.620000	0.028045
	28.640000	0.019052
	28.660000	0.015900
	28.680000	0.014487
	28.700000	0.013686
	28.720000	0.013022
	28.740000	0.012774
	28.760000	0.012781
	28.780000	0.012403
	28.800000	0.012449
	28.820000	0.012338
	28.840000	0.011889
	28.860000	0.011836
	28.880000	0.011850
	28.900000	0.011550
	28.920000	0.011472
	28.940000	0.011661
	28.960000	0.011602
	28.980000	0.011459
	29.000000	0.011394
	29.020000	0.011426
	29.040000	0.011569
	29.060000	0.011485
	29.080000	0.011355
	29.100000	0.011309
	29.120000	0.011159
	29.140000	0.010931
	29.160000	0.010593
	29.180000	0.010612
	29.200000	0.010280
	29.220000	0.010026
	29.240000	0.009564
	29.260000	0.009160
	29.280000	0.008659
	29.300000	0.008665
	29.320000	0.008665
	29.340000	0.008346
	29.360000	0.007871
	29.380000	0.007011
	29.400000	0.006601
	29.420000	0.006536
	29.440000	0.006496
	29.460000	0.005748
	29.480000	0.004960
	29.500000	0.004224
	29.520000	0.002895
	29.540000	0.002381
	29.560000	0.001371
	29.580000	0.000414
	29.600000	-9.387716E-5
	29.620000	-0.000354
	29.640000	-0.000537
	29.660000	-0.000504
	29.680000	-0.000524
	29.700000	-0.000478
	29.720000	-0.000498
	29.740000	-0.000472
	29.760000	-0.000537
	29.780000	-0.000576
	29.800000	-0.000667
	29.820000	-0.000550
	29.840000	-0.000621
	29.860000	-0.000595
	29.880000	-0.000752
	29.900000	-0.000660
	29.920000	-0.000608
	29.940000	-0.000452
	29.960000	-0.000550
	29.980000	-0.000524
	30.000000	-0.000465
	30.020000	-0.000556
	30.040000	-0.000393
	30.060000	-0.000309
	30.080000	-0.000361
	30.100000	-0.000328
	30.120000	-0.000237
	30.140000	-0.000107
	30.160000	-0.000387
	30.180000	-0.000459
	30.200000	-0.000348
	30.220000	-0.000302
	30.240000	-0.000452
	30.260000	-0.000433
	30.280000	-0.000439
	30.300000	-0.000446
	30.320000	-0.000439
	30.340000	-0.000335
	30.360000	-0.000374
	30.380000	-0.000198
	30.400000	-0.000270
	30.420000	-0.000166
	30.440000	-9.218451E-6
	30.460000	0.000336
	30.480000	0.000609
	30.500000	0.000707
	30.520000	0.001091
	30.540000	0.001528
	30.560000	0.001990
	30.580000	0.002739
	30.600000	0.003918
	30.620000	0.005396
	30.640000	0.007597
	30.660000	0.010104
	30.680000	0.014793
	30.700000	0.022425
	30.720000	0.034733
	30.740000	0.048865
	30.760000	0.061772
	30.780000	0.073344
	30.800000	0.084623
	30.820000	0.095492
	30.840000	0.105716
	30.860000	0.116579
	30.880000	0.128053
	30.900000	0.139495
	30.920000	0.151295
	30.940000	0.163844
	30.960000	0.176537
	30.980000	0.189320
	31.000000	0.201114
	31.020000	0.213578
	31.040000	0.226544
	31.060000	0.239275
	31.080000	0.251564
	31.100000	0.263156
	31.120000	0.275268
	31.140000	0.285831
	31.160000	0.295671
	31.180000	0.305674
	31.200000	0.315156
	31.220000	0.324305
	31.240000	0.332413
	31.260000	0.340091
	31.280000	0.347782
	31.300000	0.356163
	31.320000	0.362486
	31.340000	0.368523
	31.360000	0.375114
	31.380000	0.380271
	31.400000	0.386106
	31.420000	0.390821
	31.440000	0.394819
	31.460000	0.399241
	31.480000	0.402348
	31.500000	0.405135
	31.520000	0.407818
	31.540000	0.410006
	31.560000	0.412005
	31.580000	0.413314
	31.600000	0.414858
	31.620000	0.416440
	31.640000	0.417879
	31.660000	0.418609
	31.680000	0.419774
	31.700000	0.420243
	31.720000	0.420367
	31.740000	0.421213
	31.760000	0.420881
	31.780000	0.419292
	31.800000	0.417795
	31.820000	0.415672
	31.840000	0.412852
	31.860000	0.410299
	31.880000	0.407850
	31.900000	0.405565
	31.920000	0.403520
	31.940000	0.401566
	31.960000	0.399775
	31.980000	0.397509
	32.000000	0.395412
	32.020000	0.393738
	32.040000	0.392384
	32.060000	0.391733
	32.080000	0.390098
	32.100000	0.386217
	32.120000	0.380200
	32.140000	0.374208
	32.160000	0.367774
	32.180000	0.361790
	32.200000	0.355323
	32.220000	0.345548
	32.240000	0.330062
	32.260000	0.312922
	32.280000	0.302287
	32.300000	0.301389
	32.320000	0.305251
	32.340000	0.296622
	32.360000	0.269127
	32.380000	0.242811
	32.400000	0.229995
	32.420000	0.228836
	32.440000	0.223509
	32.460000	0.197578
	32.480000	0.167315
	32.500000	0.136832
	32.520000	0.105547
	32.540000	0.086369
	32.560000	0.055312
	32.580000	0.023975
	32.600000	0.009232
	32.620000	0.003879
	32.640000	0.001222
	32.660000	0.000492
	32.680000	0.000154
	32.700000	-4.177949E-5
	32.720000	-0.000166
	32.740000	1.031817E-5
	32.760000	-9.218451E-6
	32.780000	0.000160
	32.800000	0.000316
	32.820000	0.000316
	32.840000	0.000316
	32.860000	0.000251
	32.880000	0.000336
	32.900000	0.000421
	32.920000	0.000362
	32.940000	0.000362
	32.960000	0.000492
	32.980000	0.000421
	33.000000	0.000382
	33.020000	0.000421
	33.040000	0.000460
	33.060000	0.000557
	33.080000	0.000622
	33.100000	0.000518
	33.120000	0.000818
	33.140000	0.000844
	33.160000	0.000681
	33.180000	0.001104
	33.200000	0.001020
	33.220000	0.001059
	33.240000	0.001098
	33.260000	0.001150
	33.280000	0.001183
	33.300000	0.001228
	33.320000	0.001300
	33.340000	0.001183
	33.360000	0.001241
	33.380000	0.001274
	33.400000	0.001228
	33.420000	0.001332
	33.440000	0.001235
	33.460000	0.001137
	33.480000	0.001117
	33.500000	0.001039
	33.520000	0.001000
	33.540000	0.001052
	33.560000	0.000981
	33.580000	0.001033
	33.600000	0.000961
	33.620000	0.000974
	33.640000	0.000883
	33.660000	0.001000
	33.680000	0.001098
	33.700000	0.001085
	33.720000	0.001065
	33.740000	0.001117
	33.760000	0.001209
	33.780000	0.001039
	33.800000	0.001052
	33.820000	0.001059
	33.840000	0.001202
	33.860000	0.001222
	33.880000	0.001293
	33.900000	0.001365
	33.920000	0.001287
	33.940000	0.001228
	33.960000	0.001189
	33.980000	0.001163
	34.000000	0.001007
	34.020000	0.001111
	34.040000	0.000883
	34.060000	0.000870
	34.080000	0.000916
	34.100000	0.000981
	34.120000	0.000681
	34.140000	0.001000
	34.160000	0.000896
	34.180000	0.000942
	34.200000	0.000746
	34.220000	0.000798
	34.240000	0.000675
	34.260000	0.000850
	34.280000	0.000707
	34.300000	0.000798
	34.320000	0.000772
	34.340000	0.000681
	34.360000	0.000681
	34.380000	0.000655
	34.400000	0.000662
	34.420000	0.000538
	34.440000	0.000518
	34.460000	0.000486
	34.480000	0.000303
	34.500000	0.000245
	34.520000	0.000121
	34.540000	-6.782833E-5
	34.560000	-0.000211
	34.580000	-0.000315
	34.600000	-0.000517
	34.620000	-0.000498
	34.640000	-0.000713
	34.660000	-0.000615
	34.680000	-0.000628
	34.700000	-0.000569
	34.720000	-0.000439
	34.740000	-0.000524
	34.760000	-0.000504
	34.780000	-0.000309
	34.800000	-0.000569
	34.820000	-0.000393
	34.840000	-0.000341
	34.860000	-0.000257
	34.880000	-0.000133
	34.900000	-0.000192
	34.920000	-2.706242E-6
	34.940000	0.000108
	34.960000	3.636701E-5
	34.980000	-2.875508E-5
	35.000000	6.241584E-5
	35.020000	6.892805E-5
	35.040000	5.590363E-5
	35.060000	-4.177949E-5
	35.080000	-2.224287E-5
	35.100000	-0.000185
	35.120000	-0.000185
	35.140000	-0.000107
	35.160000	3.636701E-5
	35.180000	2.334259E-5
	35.200000	6.892805E-5
	35.220000	0.000186
	35.240000	0.000193
	35.260000	0.000115
	35.280000	0.000108
	35.300000	8.195247E-5
	35.320000	0.000297
	35.340000	0.000238
	35.360000	0.000193
	35.380000	0.000258
	35.400000	0.000408
	35.420000	0.000538
	35.440000	0.000447
	35.460000	0.000297
	35.480000	0.000375
	35.500000	0.000180
	35.520000	0.000349
	35.540000	0.000382
	35.560000	0.000186
	35.580000	6.892805E-5
	35.600000	9.497689E-5
	35.620000	0.000134
	35.640000	0.000199
	35.660000	0.000199
	35.680000	0.000258
	35.700000	0.000414
	35.720000	0.000316
	35.740000	0.000167
	35.760000	0.000232
	35.780000	0.000408
	35.800000	0.000368
	35.820000	0.000382
	35.840000	0.000479
	35.860000	0.000245
	35.880000	0.000434
	35.900000	0.000466
	35.920000	0.000427
	35.940000	0.000512
	35.960000	0.000486
	35.980000	0.000362
	36.000000	0.000303
	36.020000	0.000466
	36.040000	0.000316
	36.060000	0.000186
	36.080000	0.000212
	36.100000	0.000199
	36.120000	8.195247E-5
	36.140000	2.985480E-5
	36.160000	0.000121
	36.180000	0.000297
	36.200000	8.846468E-5
	36.220000	0.000101
	36.240000	0.000167
	36.260000	2.985480E-5
	36.280000	0.000180
	36.300000	0.000160
	36.320000	0.000303
	36.340000	0.000141
	36.360000	6.892805E-5
	36.380000	0.000154
	36.400000	0.000232
	36.420000	0.000199
	36.440000	0.000141
	36.460000	0.000264
	36.480000	0.000141
	36.500000	-8.736495E-5
	36.520000	-6.131612E-5
	36.540000	-0.000146
	36.560000	-0.000139
	36.580000	-0.000166
	36.600000	-0.000348
	36.620000	-0.000380
	36.640000	-0.000406
	36.660000	-0.000341
	36.680000	-0.000413
	36.700000	-0.000459
	36.720000	-0.000335
	36.740000	-0.000237
	36.760000	-0.000439
	36.780000	-0.000276
	36.800000	-0.000296
	36.820000	-0.000244
	36.840000	-0.000328
	36.860000	-0.000263
	36.880000	-2.224287E-5
	36.900000	-9.218451E-6
	36.920000	8.846468E-5
	36.940000	-0.000205
	36.960000	-0.000205
	36.980000	-6.131612E-5
	37.000000	-4.829170E-5
	37.020000	-2.875508E-5
	37.040000	-0.000276
	37.060000	-0.000198
	37.080000	-2.224287E-5
	37.100000	-0.000205
	37.120000	-0.000315
	37.140000	-0.000231
	37.160000	-0.000309
	37.180000	-0.000322
	37.200000	-0.000296
	37.220000	-0.000211
	37.240000	-0.000211
	37.260000	-0.000179
	37.280000	-9.387716E-5
	37.300000	-8.085274E-5
	37.320000	-0.000192
	37.340000	-4.829170E-5
	37.360000	-0.000113
	37.380000	4.287922E-5
	37.400000	-8.736495E-5
	37.420000	-8.736495E-5
	37.440000	2.334259E-5
	37.460000	0.000186
	37.480000	1.683038E-5
	37.500000	0.000225
	37.520000	0.000186
	37.540000	-4.829170E-5
	37.560000	7.544026E-5
	37.580000	0.000199
	37.600000	0.000206
	37.620000	0.000121
	37.640000	8.846468E-5
	37.660000	-9.218451E-6
	37.680000	-0.000107
	37.700000	-5.480391E-5
	37.720000	-0.000211
	37.740000	-0.000296
	37.760000	-0.000179
	37.780000	-4.829170E-5
	37.800000	-4.829170E-5
	37.820000	-8.736495E-5
	37.840000	-1.573066E-5
	37.860000	0.000180
	37.880000	-9.387716E-5
	37.900000	6.241584E-5
	37.920000	0.000180
	37.940000	-2.706242E-6
	37.960000	0.000121
	37.980000	0.000173
	38.000000	0.000284
	38.020000	0.000427
	38.040000	0.000225
	38.060000	0.000173
	38.080000	0.000303
	38.100000	0.000271
	38.120000	0.000303
	38.140000	0.000368
	38.160000	0.000297
	38.180000	0.000115
	38.200000	0.000141
	38.220000	0.000193
	38.240000	4.287922E-5
	38.260000	0.000323
	38.280000	0.000232
	38.300000	0.000336
	38.320000	0.000466
	38.340000	0.000675
	38.360000	0.000831
	38.380000	0.001215
	38.400000	0.001436
	38.420000	0.001495
	38.440000	0.002140
	38.460000	0.002713
	38.480000	0.003703
	38.500000	0.005057
	38.520000	0.007024
	38.540000	0.010495
	38.560000	0.015483
	38.580000	0.020341
	38.600000	0.024776
	38.620000	0.028768
	38.640000	0.032591
	38.660000	0.036355
	38.680000	0.040308
	38.700000	0.044150
	38.720000	0.047888
	38.740000	0.051665
	38.760000	0.055436
	38.780000	0.059734
	38.800000	0.064331
	38.820000	0.068988
	38.840000	0.074080
	38.860000	0.079511
	38.880000	0.085294
	38.900000	0.091123
	38.920000	0.097049
	38.940000	0.103151
	38.960000	0.109279
	38.980000	0.115459
	39.000000	0.121632
	39.020000	0.127116
	39.040000	0.132469
	39.060000	0.136910
	39.080000	0.141475
	39.100000	0.145871
	39.120000	0.149654
	39.140000	0.153275
	39.160000	0.156043
	39.180000	0.159397
	39.200000	0.162425
	39.220000	0.165095
	39.240000	0.167797
	39.260000	0.170435
	39.280000	0.173183
	39.300000	0.175820
	39.320000	0.178341
	39.340000	0.180972
	39.360000	0.183570
	39.380000	0.185830
	39.400000	0.187601
	39.420000	0.189301
	39.440000	0.190740
	39.460000	0.192003
	39.480000	0.192733
	39.500000	0.192791
	39.520000	0.193657
	39.540000	0.193989
	39.560000	0.194178
	39.580000	0.194250
	39.600000	0.194113
	39.620000	0.193892
	39.640000	0.194087
	39.660000	0.194269
	39.680000	0.194725
	39.700000	0.194973
	39.720000	0.195370
	39.740000	0.195201
	39.760000	0.195370
	39.780000	0.195728
	39.800000	0.195214
	39.820000	0.194478
	39.840000	0.193651
	39.860000	0.192498
	39.880000	0.191092
	39.900000	0.191131
	39.920000	0.191313
	39.940000	0.191235
	39.960000	0.191502
	39.980000	0.190668
	40.000000	0.188682
	40.020000	0.187080
	40.040000	0.185654
	40.060000	0.184723
	40.080000	0.183440
	40.100000	0.181740
	40.120000	0.179383
	40.140000	0.176035
	40.160000	0.172564
	40.180000	0.169803
	40.200000	0.165974
	40.220000	0.159507
	40.240000	0.151940
	40.260000	0.144516
	40.280000	0.139645
	40.300000	0.139717
	40.320000	0.142009
	40.340000	0.139013
	40.360000	0.126477
	40.380000	0.112567
	40.400000	0.104108
	40.420000	0.100298
	40.440000	0.100246
	40.460000	0.096827
	40.480000	0.083998
	40.500000	0.069665
	40.520000	0.056595
	40.540000	0.040679
	40.560000	0.033490
	40.580000	0.023819
	40.600000	0.012755
	40.620000	0.005741
	40.640000	0.002869
	40.660000	0.001599
	40.680000	0.001059
	40.700000	0.000727
	40.720000	0.000733
	40.740000	0.000655
	40.760000	0.000512
	40.780000	0.000538
	40.800000	0.000486
	40.820000	0.000466
	40.840000	0.000362
	40.860000	0.000323
	40.880000	0.000355
	40.900000	0.000421
	40.920000	0.000466
	40.940000	0.000382
	40.960000	0.000316
	40.980000	0.000453
	41.000000	0.000401
	41.020000	0.000414
	41.040000	0.000583
	41.060000	0.000466
	41.080000	0.000525
	41.100000	0.000557
	41.120000	0.000590
	41.140000	0.000577
	41.160000	0.000662
	41.180000	0.000649
	41.200000	0.000551
	41.220000	0.000649
	41.240000	0.000434
	41.260000	0.000649
	41.280000	0.000759
	41.300000	0.000694
	41.320000	0.000505
	41.340000	0.000649
	41.360000	0.000590
	41.380000	0.000427
	41.400000	0.000368
	41.420000	0.000342
	41.440000	0.000297
	41.460000	0.000447
	41.480000	0.000570
	41.500000	0.000466
	41.520000	0.000577
	41.540000	0.000447
	41.560000	0.000635
	41.580000	0.000434
	41.600000	0.000518
	41.620000	0.000531
	41.640000	0.000727
	41.660000	0.000701
	41.680000	0.000622
	41.700000	0.000622
	41.720000	0.000694
	41.740000	0.000837
	41.760000	0.000616
	41.780000	0.000583
	41.800000	0.000655
	41.820000	0.000609
	41.840000	0.000486
	41.860000	0.000447
	41.880000	0.000388
	41.900000	0.000401
	41.920000	0.000531
	41.940000	0.000662
	41.960000	0.000557
	41.980000	0.000596
	42.000000	0.000551
	42.020000	0.000564
	42.040000	0.000649
	42.060000	0.000681
	42.080000	0.000688
	42.100000	0.000857
	42.120000	0.000896
	42.140000	0.000779
	42.160000	0.001072
	42.180000	0.001020
	42.200000	0.001169
	42.220000	0.001163
	42.240000	0.001248
	42.260000	0.001306
	42.280000	0.001423
	42.300000	0.001404
	42.320000	0.001593
	42.340000	0.001599
	42.360000	0.002081
	42.380000	0.002394
	42.400000	0.002654
	42.420000	0.003221
	42.440000	0.004133
	42.460000	0.005292
	42.480000	0.006939
	42.500000	0.009681
	42.520000	0.014715
	42.540000	0.020048
	42.560000	0.024815
	42.580000	0.028814
	42.600000	0.032239
	42.620000	0.035697
	42.640000	0.039481
	42.660000	0.043238
	42.680000	0.047172
	42.700000	0.051079
	42.720000	0.054921
	42.740000	0.058913
	42.760000	0.063133
	42.780000	0.066923
	42.800000	0.071371
	42.820000	0.076138
	42.840000	0.081602
	42.860000	0.087398
	42.880000	0.093356
	42.900000	0.099842
	42.920000	0.106798
	42.940000	0.113727
	42.960000	0.119490
	42.980000	0.126106
	43.000000	0.132423
	43.020000	0.138551
	43.040000	0.144379
	43.060000	0.149824
	43.080000	0.154851
	43.100000	0.159260
	43.120000	0.163291
	43.140000	0.166918
	43.160000	0.170168
	43.180000	0.173743
	43.200000	0.176960
	43.220000	0.179858
	43.240000	0.183134
	43.260000	0.185979
	43.280000	0.188591
	43.300000	0.191170
	43.320000	0.193976
	43.340000	0.196471
	43.360000	0.198945
	43.380000	0.200977
	43.400000	0.203074
	43.420000	0.204722
	43.440000	0.206695
	43.460000	0.208206
	43.480000	0.209235
	43.500000	0.210635
	43.520000	0.211429
	43.540000	0.211879
	43.560000	0.212439
	43.580000	0.212647
	43.600000	0.212354
	43.620000	0.212178
	43.640000	0.211996
	43.660000	0.211781
	43.680000	0.212106
	43.700000	0.212458
	43.720000	0.213096
	43.740000	0.213656
	43.760000	0.214288
	43.780000	0.215291
	43.800000	0.215545
	43.820000	0.215825
	43.840000	0.216137
	43.860000	0.215102
	43.880000	0.213702
	43.900000	0.212777
	43.920000	0.212093
	43.940000	0.212250
	43.960000	0.212764
	43.980000	0.213402
	44.000000	0.212738
	44.020000	0.211553
	44.040000	0.209489
	44.060000	0.207502
	44.080000	0.205080
	44.100000	0.203934
	44.120000	0.201954
	44.140000	0.199811
	44.160000	0.197317
	44.180000	0.193449
	44.200000	0.189646
	44.220000	0.186624
	44.240000	0.182515
	44.260000	0.175182
	44.280000	0.167309
	44.300000	0.159462
	44.320000	0.154258
	44.340000	0.154363
	44.360000	0.156349
	44.380000	0.152963
	44.400000	0.139567
	44.420000	0.124797
	44.440000	0.115055
	44.460000	0.109943
	44.480000	0.108491
	44.500000	0.106452
	44.520000	0.095857
	44.540000	0.080000
	44.560000	0.066259
	44.580000	0.049698
	44.600000	0.038315
	44.620000	0.032643
	44.640000	0.022445
	44.660000	0.012618
	44.680000	0.007297
	44.700000	0.005331
	44.720000	0.004627
	44.740000	0.004035
	44.760000	0.003813
	44.780000	0.003579
	44.800000	0.003703
	44.820000	0.003911
	44.840000	0.003937
	44.860000	0.003638
	44.880000	0.003950
	44.900000	0.003931
	44.920000	0.003690
	44.940000	0.003826
	44.960000	0.003794
	44.980000	0.003748
	45.000000	0.003455
	45.020000	0.003612
	45.040000	0.003612
	45.060000	0.003625
	45.080000	0.003716
	45.100000	0.003533
	45.120000	0.003572
	45.140000	0.003683
	45.160000	0.003631
	45.180000	0.003579
	45.200000	0.003657
	45.220000	0.003520
	45.240000	0.003592
	45.260000	0.003677
	45.280000	0.003397
	45.300000	0.003559
	45.320000	0.003436
	45.340000	0.003436
	45.360000	0.003546
	45.380000	0.003722
	45.400000	0.003481
	45.420000	0.003364
	45.440000	0.003130
	45.460000	0.003038
	45.480000	0.002999
	45.500000	0.002980
	45.520000	0.002667
	45.540000	0.002589
	45.560000	0.002400
	45.580000	0.002192
	45.600000	0.001957
	45.620000	0.001827
	45.640000	0.001840
	45.660000	0.001782
	45.680000	0.001638
	45.700000	0.001827
	45.720000	0.001645
	45.740000	0.001671
	45.760000	0.001886
	45.780000	0.001970
	45.800000	0.001723
	45.820000	0.001873
	45.840000	0.001769
	45.860000	0.001795
	45.880000	0.001964
	45.900000	0.002055
	45.920000	0.002055
	45.940000	0.002081
	45.960000	0.001931
	45.980000	0.001873
	46.000000	0.002198
	46.020000	0.001801
	46.040000	0.001625
	46.060000	0.001619
	46.080000	0.001710
	46.100000	0.001762
	46.120000	0.001795
	46.140000	0.001717
	46.160000	0.001690
	46.180000	0.001671
	46.200000	0.001762
	46.220000	0.001651
	46.240000	0.001756
	46.260000	0.001736
	46.280000	0.001697
	46.300000	0.001547
	46.320000	0.001599
	46.340000	0.001489
	46.360000	0.001756
	46.380000	0.001730
	46.400000	0.001918
	46.420000	0.001886
	46.440000	0.001677
	46.460000	0.001710
	46.480000	0.001469
	46.500000	0.001560
	46.520000	0.001619
	46.540000	0.001443
	46.560000	0.001365
	46.580000	0.001313
	46.600000	0.001098
	46.620000	0.001039
	46.640000	0.000955
	46.660000	0.000766
	46.680000	0.000792
	46.700000	0.000935
	46.720000	0.000994
	46.740000	0.001052
	46.760000	0.000987
	46.780000	0.000981
	46.800000	0.001169
	46.820000	0.001241
	46.840000	0.001039
	46.860000	0.000974
	46.880000	0.001033
	46.900000	0.001117
	46.920000	0.001235
	46.940000	0.001306
	46.960000	0.001169
	46.980000	0.001137
	47.000000	0.001189
	47.020000	0.001007
	47.040000	0.001345
	47.060000	0.001306
	47.080000	0.001228
	47.100000	0.001143
	47.120000	0.001156
	47.140000	0.001163
	47.160000	0.000935
	47.180000	0.001098
	47.200000	0.000935
	47.220000	0.001052
	47.240000	0.001176
	47.260000	0.001013
	47.280000	0.001091
	47.300000	0.001143
	47.320000	0.001241
	47.340000	0.001371
	47.360000	0.001130
	47.380000	0.001261
	47.400000	0.001306
	47.420000	0.001222
	47.440000	0.001215
	47.460000	0.001280
	47.480000	0.001391
	47.500000	0.001313
	47.520000	0.001248
	47.540000	0.001352
	47.560000	0.001391
	47.580000	0.001176
	47.600000	0.001274
	47.620000	0.001078
	47.640000	0.000994
	47.660000	0.001098
	47.680000	0.001111
	47.700000	0.000935
	47.720000	0.001156
	47.740000	0.001065
	47.760000	0.000981
	47.780000	0.001248
	47.800000	0.001306
	47.820000	0.001241
	47.840000	0.001358
	47.860000	0.001189
	47.880000	0.001254
	47.900000	0.001319
	47.920000	0.001345
	47.940000	0.001313
	47.960000	0.001469
	47.980000	0.001463
	48.000000	0.001554
	48.020000	0.001534
	48.040000	0.001580
	48.060000	0.001384
	48.080000	0.001586
	48.100000	0.001163
	48.120000	0.001384
	48.140000	0.001397
	48.160000	0.001209
	48.180000	0.000942
	48.200000	0.001163
	48.220000	0.000909
	48.240000	0.000916
	48.260000	0.001248
	48.280000	0.001137
	48.300000	0.000824
	48.320000	0.001196
	48.340000	0.001163
	48.360000	0.001124
	48.380000	0.001248
	48.400000	0.001176
	48.420000	0.001209
	48.440000	0.001391
	48.460000	0.001130
	48.480000	0.001274
	48.500000	0.001196
	48.520000	0.001306
	48.540000	0.001476
	48.560000	0.001456
	48.580000	0.001489
	48.600000	0.001482
	48.620000	0.001345
	48.640000	0.001482
	48.660000	0.001469
	48.680000	0.001384
	48.700000	0.001228
	48.720000	0.001163
	48.740000	0.000935
	48.760000	0.000961
	48.780000	0.001111
	48.800000	0.001150
	48.820000	0.001072
	48.840000	0.001293
	48.860000	0.001300
	48.880000	0.001078
	48.900000	0.001404
	48.920000	0.001274
	48.940000	0.001280
	48.960000	0.001352
	48.980000	0.001306
	49.000000	0.001274
	49.020000	0.001378
	49.040000	0.001430
	49.060000	0.001450
	49.080000	0.001443
	49.100000	0.001000
	49.120000	0.001463
	49.140000	0.001430
	49.160000	0.001345
	49.180000	0.001326
	49.200000	0.001332
	49.220000	0.001189
	49.240000	0.001117
	49.260000	0.001026
	49.280000	0.001052
	49.300000	0.001137
	49.320000	0.001085
	49.340000	0.001202
	49.360000	0.001332
	49.380000	0.001137
	49.400000	0.001280
	49.420000	0.001456
	49.440000	0.001391
	49.460000	0.001378
	49.480000	0.001371
	49.500000	0.001371
	49.520000	0.001378
	49.540000	0.001450
	49.560000	0.001319
	49.580000	0.001436
	49.600000	0.001593
	49.620000	0.001606
	49.640000	0.001508
	49.660000	0.001495
	49.680000	0.001430
	49.700000	0.001736
	49.720000	0.001638
	49.740000	0.001495
	49.760000	0.001306
	49.780000	0.001261
	49.800000	0.001052
	49.820000	0.001326
	49.840000	0.001254
	49.860000	0.001235
	49.880000	0.001339
	49.900000	0.001502
	49.920000	0.001423
	49.940000	0.001397
	49.960000	0.001567
	49.980000	0.001254
	50.000000	0.001358
