	0.000000	0.240408
	0.020000	0.240910
	0.040000	0.241945
	0.060000	0.241209
	0.080000	0.241522
	0.100000	0.241040
	0.120000	0.241379
	0.140000	0.242004
	0.160000	0.241672
	0.180000	0.241164
	0.200000	0.241724
	0.220000	0.241698
	0.240000	0.241522
	0.260000	0.241796
	0.280000	0.241470
	0.300000	0.241516
	0.320000	0.241743
	0.340000	0.241561
	0.360000	0.241926
	0.380000	0.242291
	0.400000	0.241828
	0.420000	0.241509
	0.440000	0.241359
	0.460000	0.241262
	0.480000	0.242102
	0.500000	0.242063
	0.520000	0.241457
	0.540000	0.242050
	0.560000	0.241574
	0.580000	0.241294
	0.600000	0.241529
	0.620000	0.241607
	0.640000	0.241600
	0.660000	0.241561
	0.680000	0.241581
	0.700000	0.241600
	0.720000	0.241405
	0.740000	0.241073
	0.760000	0.241216
	0.780000	0.241190
	0.800000	0.240493
	0.820000	0.241685
	0.840000	0.334894
	0.860000	0.444644
	0.880000	0.581492
	0.900000	0.752548
	0.920000	0.925245
	0.940000	1.181703
	0.960000	1.589601
	0.980000	2.292431
	1.000000	3.474886
	1.020000	5.281783
	1.040000	6.152595
	1.060000	6.927711
	1.080000	7.127375
	1.100000	6.242301
	1.120000	4.609098
	1.140000	3.202786
	1.160000	2.302252
	1.180000	1.748656
	1.200000	1.403990
	1.220000	1.164830
	1.240000	0.991650
	1.260000	0.863353
	1.280000	0.754749
	1.300000	0.640753
	1.320000	0.532540
	1.340000	0.442241
	1.360000	0.372763
	1.380000	0.321121
	1.400000	0.279371
	1.420000	0.245846
	1.440000	0.219205
	1.460000	0.197708
	1.480000	0.177852
	1.500000	0.157476
	1.520000	0.137678
	1.540000	0.119132
	1.560000	0.103170
	1.580000	0.089488
	1.600000	0.076425
	1.620000	0.061994
	1.640000	0.046748
	1.660000	0.036635
	1.680000	0.031113
	1.700000	0.027492
	1.720000	0.025213
	1.740000	0.023142
	1.760000	0.021540
	1.780000	0.020166
	1.800000	0.018805
	1.820000	0.017873
	1.840000	0.016760
	1.860000	0.015835
	1.880000	0.015353
	1.900000	0.014813
	1.920000	0.014207
	1.940000	0.013510
	1.960000	0.012989
	1.980000	0.012566
	2.000000	0.012201
	2.020000	0.011739
	2.040000	0.011739
	2.060000	0.011537
	2.080000	0.011361
	2.100000	0.011309
	2.120000	0.011055
	2.140000	0.010938
	2.160000	0.010795
	2.180000	0.010697
	2.200000	0.010554
	2.220000	0.010397
	2.240000	0.010215
	2.260000	0.010072
	2.280000	0.009779
	2.300000	0.009648
	2.320000	0.009297
	2.340000	0.009095
	2.360000	0.008665
	2.380000	0.008287
	2.400000	0.008151
	2.420000	0.007910
	2.440000	0.007486
	2.460000	0.007102
	2.480000	0.006757
	2.500000	0.006184
	2.520000	0.005897
	2.540000	0.005253
	2.560000	0.004777
	2.580000	0.003716
	2.600000	0.002179
	2.620000	0.000284
	2.640000	-0.000511
	2.660000	-0.000914
	2.680000	-0.000999
	2.700000	-0.000947
	2.720000	-0.001006
	2.740000	-0.000927
	2.760000	-0.000895
	2.780000	-0.000895
	2.800000	-0.000882
	2.820000	-0.000947
	2.840000	-0.000953
	2.860000	-0.000856
	2.880000	-0.000875
	2.900000	-0.000843
	2.920000	-0.000914
	2.940000	-0.000771
	2.960000	-0.000817
	2.980000	-0.000784
	3.000000	-0.000895
	3.020000	-0.000752
	3.040000	-0.000791
	3.060000	-0.000784
	3.080000	-0.000693
	3.100000	-0.000765
	3.120000	-0.000732
	3.140000	-0.000524
	3.160000	-0.000472
	3.180000	-0.000419
	3.200000	-0.000133
	3.220000	-2.706242E-6
	3.240000	-5.480391E-5
	3.260000	0.000238
	3.280000	0.000225
	3.300000	0.000590
	3.320000	0.000746
	3.340000	0.000987
	3.360000	0.001567
	3.380000	0.001801
	3.400000	0.002537
	3.420000	0.003117
	3.440000	0.004009
	3.460000	0.005096
	3.480000	0.006614
	3.500000	0.008763
	3.520000	0.011869
	3.540000	0.016812
	3.560000	0.024340
	3.580000	0.035619
	3.600000	0.048383
	3.620000	0.060652
	3.640000	0.070544
	3.660000	0.077115
	3.680000	0.081478
	3.700000	0.084754
	3.720000	0.086733
	3.740000	0.087984
	3.760000	0.089625
	3.780000	0.092067
	3.800000	0.094874
	3.820000	0.098260
	3.840000	0.099243
	3.860000	0.099914
	3.880000	0.101366
	3.900000	0.102740
	3.920000	0.104017
	3.940000	0.105261
	3.960000	0.106387
	3.980000	0.106947
	4.000000	0.106420
	4.020000	0.105567
	4.040000	0.105436
	4.060000	0.105534
	4.080000	0.106342
	4.100000	0.107305
	4.120000	0.108732
	4.140000	0.109793
	4.160000	0.108829
	4.180000	0.107097
	4.200000	0.104922
	4.220000	0.103633
	4.240000	0.102552
	4.260000	0.101301
	4.280000	0.098807
	4.300000	0.096280
	4.320000	0.095004
	4.340000	0.094874
	4.360000	0.092614
	4.380000	0.088485
	4.400000	0.083822
	4.420000	0.080026
	4.440000	0.076320
	4.460000	0.071755
	4.480000	0.065940
	4.500000	0.059897
	4.520000	0.053176
	4.540000	0.043382
	4.560000	0.024457
	4.580000	0.007239
	4.600000	0.001743
	4.620000	-8.736495E-5
	4.640000	-0.000823
	4.660000	-0.001103
	4.680000	-0.001273
	4.700000	-0.001455
	4.720000	-0.001357
	4.740000	-0.001312
	4.760000	-0.001299
	4.780000	-0.001299
	4.800000	-0.001435
	4.820000	-0.001357
	4.840000	-0.001514
	4.860000	-0.001507
	4.880000	-0.001260
	4.900000	-0.001416
	4.920000	-0.001312
	4.940000	-0.001292
	4.960000	-0.001357
	4.980000	-0.001325
	5.000000	-0.001390
	5.020000	-0.001331
	5.040000	-0.001442
	5.060000	-0.001403
	5.080000	-0.001416
	5.100000	-0.001299
	5.120000	-0.001468
	5.140000	-0.001448
	5.160000	-0.001514
	5.180000	-0.001507
	5.200000	-0.001670
	5.220000	-0.001429
	5.240000	-0.001566
	5.260000	-0.001553
	5.280000	-0.001468
	5.300000	-0.001299
	5.320000	-0.001396
	5.340000	-0.001487
	5.360000	-0.001494
	5.380000	-0.001487
	5.400000	-0.001325
	5.420000	-0.001292
	5.440000	-0.001318
	5.460000	-0.001312
	5.480000	-0.001396
	5.500000	-0.001299
	5.520000	-0.001123
	5.540000	-0.001227
	5.560000	-0.001396
	5.580000	-0.001331
	5.600000	-0.001468
	5.620000	-0.001260
	5.640000	-0.001227
	5.660000	-0.001155
	5.680000	-0.001136
	5.700000	-0.001110
	5.720000	-0.001142
	5.740000	-0.001260
	5.760000	-0.001220
	5.780000	-0.001071
	5.800000	-0.000986
	5.820000	-0.000999
	5.840000	-0.001123
	5.860000	-0.001110
	5.880000	-0.001103
	5.900000	-0.001012
	5.920000	-0.000980
	5.940000	-0.000973
	5.960000	-0.001038
	5.980000	-0.000999
	6.000000	-0.000953
	6.020000	-0.000901
	6.040000	-0.001064
	6.060000	-0.001051
	6.080000	-0.000914
	6.100000	-0.001019
	6.120000	-0.001103
	6.140000	-0.000973
	6.160000	-0.000980
	6.180000	-0.001168
	6.200000	-0.001077
	6.220000	-0.001025
	6.240000	-0.001051
	6.260000	-0.000940
	6.280000	-0.000875
	6.300000	-0.000973
	6.320000	-0.001077
	6.340000	-0.000914
	6.360000	-0.000908
	6.380000	-0.001012
	6.400000	-0.000953
	6.420000	-0.000817
	6.440000	-0.000634
	6.460000	-0.000778
	6.480000	-0.000608
	6.500000	-0.000439
	6.520000	-0.000322
	6.540000	-0.000120
	6.560000	0.000101
	6.580000	0.000863
	6.600000	0.001560
	6.620000	0.002381
	6.640000	0.003377
	6.660000	0.004224
	6.680000	0.004849
	6.700000	0.005448
	6.720000	0.006034
	6.740000	0.006314
	6.760000	0.006685
	6.780000	0.007128
	6.800000	0.007473
	6.820000	0.007701
	6.840000	0.007792
	6.860000	0.007766
	6.880000	0.007903
	6.900000	0.007858
	6.920000	0.008196
	6.940000	0.008196
	6.960000	0.008418
	6.980000	0.008600
	7.000000	0.008326
	7.020000	0.008509
	7.040000	0.008691
	7.060000	0.008626
	7.080000	0.008554
	7.100000	0.008196
	7.120000	0.007975
	7.140000	0.007760
	7.160000	0.007721
	7.180000	0.007871
	7.200000	0.008098
	7.220000	0.008125
	7.240000	0.008072
	7.260000	0.008118
	7.280000	0.007773
	7.300000	0.007245
	7.320000	0.006672
	7.340000	0.006177
	7.360000	0.006106
	7.380000	0.006190
	7.400000	0.005976
	7.420000	0.005930
	7.440000	0.005285
	7.460000	0.004224
	7.480000	0.003846
	7.500000	0.003677
	7.520000	0.002420
	7.540000	0.000707
	7.560000	6.892805E-5
	7.580000	-1.573066E-5
	7.600000	0.000121
	7.620000	0.000466
	7.640000	0.000844
	7.660000	0.000916
	7.680000	0.001326
	7.700000	0.001410
	7.720000	0.001612
	7.740000	0.001814
	7.760000	0.001925
	7.780000	0.002094
	7.800000	0.002159
	7.820000	0.002218
	7.840000	0.002133
	7.860000	0.002257
	7.880000	0.002478
	7.900000	0.002426
	7.920000	0.002374
	7.940000	0.002491
	7.960000	0.002557
	7.980000	0.002758
	8.000000	0.002674
	8.020000	0.002635
	8.040000	0.002635
	8.060000	0.002791
	8.080000	0.002491
	8.100000	0.002615
	8.120000	0.002511
	8.140000	0.002348
	8.160000	0.002146
	8.180000	0.002452
	8.200000	0.002524
	8.220000	0.002485
	8.240000	0.002394
	8.260000	0.002420
	8.280000	0.002172
	8.300000	0.002003
	8.320000	0.001801
	8.340000	0.001495
	8.360000	0.001606
	8.380000	0.001606
	8.400000	0.001482
	8.420000	0.001378
	8.440000	0.000922
	8.460000	0.000733
	8.480000	0.000551
	8.500000	0.000414
	8.520000	-0.000504
	8.540000	-0.001025
	8.560000	-0.001240
	8.580000	-0.001240
	8.600000	-0.001338
	8.620000	-0.001383
	8.640000	-0.001390
	8.660000	-0.001435
	8.680000	-0.001325
	8.700000	-0.001409
	8.720000	-0.001501
	8.740000	-0.001455
	8.760000	-0.001487
	8.780000	-0.001435
	8.800000	-0.001507
	8.820000	-0.001579
	8.840000	-0.001468
	8.860000	-0.001474
	8.880000	-0.001383
	8.900000	-0.001416
	8.920000	-0.001514
	8.940000	-0.001325
	8.960000	-0.001286
	8.980000	-0.001253
	9.000000	-0.001305
	9.020000	-0.001227
	9.040000	-0.001357
	9.060000	-0.001468
	9.080000	-0.001240
	9.100000	-0.001292
	9.120000	-0.001429
	9.140000	-0.001299
	9.160000	-0.001331
	9.180000	-0.001390
	9.200000	-0.001494
	9.220000	-0.001474
	9.240000	-0.001468
	9.260000	-0.001403
	9.280000	-0.001370
	9.300000	-0.001468
	9.320000	-0.001403
	9.340000	-0.001553
	9.360000	-0.001546
	9.380000	-0.001481
	9.400000	-0.001494
	9.420000	-0.001396
	9.440000	-0.001344
	9.460000	-0.001572
	9.480000	-0.001409
	9.500000	-0.001390
	9.520000	-0.001266
	9.540000	-0.001234
	9.560000	-0.001442
	9.580000	-0.001286
	9.600000	-0.001292
	9.620000	-0.001370
	9.640000	-0.001286
	9.660000	-0.001273
	9.680000	-0.001422
	9.700000	-0.001435
	9.720000	-0.001331
	9.740000	-0.001325
	9.760000	-0.001299
	9.780000	-0.001273
	9.800000	-0.001487
	9.820000	-0.001442
	9.840000	-0.001572
	9.860000	-0.001559
	9.880000	-0.001338
	9.900000	-0.001487
	9.920000	-0.001409
	9.940000	-0.001592
	9.960000	-0.001416
	9.980000	-0.001429
	10.000000	-0.001507
	10.020000	-0.001351
	10.040000	-0.001501
	10.060000	-0.001299
	10.080000	-0.001214
	10.100000	-0.001370
	10.120000	-0.001461
	10.140000	-0.001286
	10.160000	-0.001377
	10.180000	-0.001403
	10.200000	-0.001364
	10.220000	-0.001455
	10.240000	-0.001422
	10.260000	-0.001370
	10.280000	-0.001416
	10.300000	-0.001338
	10.320000	-0.001416
	10.340000	-0.001357
	10.360000	-0.001468
	10.380000	-0.001351
	10.400000	-0.001364
	10.420000	-0.001481
	10.440000	-0.001377
	10.460000	-0.001540
	10.480000	-0.001390
	10.500000	-0.001481
	10.520000	-0.001494
	10.540000	-0.001461
	10.560000	-0.001364
	10.580000	-0.001416
	10.600000	-0.001188
	10.620000	-0.001168
	10.640000	-0.001351
	10.660000	-0.001234
	10.680000	-0.001383
	10.700000	-0.001403
	10.720000	-0.001422
	10.740000	-0.001338
	10.760000	-0.001318
	10.780000	-0.001351
	10.800000	-0.001364
	10.820000	-0.001468
	10.840000	-0.001396
	10.860000	-0.001364
	10.880000	-0.001416
	10.900000	-0.001357
	10.920000	-0.001409
	10.940000	-0.001331
	10.960000	-0.001461
	10.980000	-0.001364
	11.000000	-0.001422
	11.020000	-0.001487
	11.040000	-0.001266
	11.060000	-0.001279
	11.080000	-0.001273
	11.100000	-0.001383
	11.120000	-0.001123
	11.140000	-0.001058
	11.160000	-0.001064
	11.180000	-0.001077
	11.200000	-0.001045
	11.220000	-0.000830
	11.240000	-0.000791
	11.260000	-0.000719
	11.280000	-0.000647
	11.300000	-0.000660
	11.320000	-0.000491
	11.340000	-0.000152
	11.360000	0.000128
	11.380000	0.000395
	11.400000	0.000974
	11.420000	0.001463
	11.440000	0.002459
	11.460000	0.003468
	11.480000	0.005227
	11.500000	0.007682
	11.520000	0.011928
	11.540000	0.018687
	11.560000	0.026841
	11.580000	0.035209
	11.600000	0.043577
	11.620000	0.050884
	11.640000	0.057064
	11.660000	0.063068
	11.680000	0.068642
	11.700000	0.074093
	11.720000	0.078958
	11.740000	0.083184
	11.760000	0.086636
	11.780000	0.089442
	11.800000	0.091338
	11.820000	0.092653
	11.840000	0.093519
	11.860000	0.094750
	11.880000	0.095948
	11.900000	0.097192
	11.920000	0.099002
	11.940000	0.100018
	11.960000	0.101347
	11.980000	0.102708
	12.000000	0.103887
	12.020000	0.104036
	12.040000	0.103633
	12.060000	0.102415
	12.080000	0.100904
	12.100000	0.099536
	12.120000	0.097921
	12.140000	0.097309
	12.160000	0.097153
	12.180000	0.096912
	12.200000	0.095121
	12.220000	0.094307
	12.240000	0.093272
	12.260000	0.090400
	12.280000	0.085418
	12.300000	0.080169
	12.320000	0.076184
	12.340000	0.073729
	12.360000	0.073208
	12.380000	0.071710
	12.400000	0.064755
	12.420000	0.055546
	12.440000	0.049822
	12.460000	0.045049
	12.480000	0.035437
	12.500000	0.016291
	12.520000	0.004523
	12.540000	0.001072
	12.560000	0.000180
	12.580000	-0.000250
	12.600000	-0.000296
	12.620000	-0.000296
	12.640000	-0.000198
	12.660000	-0.000367
	12.680000	-0.000270
	12.700000	-0.000224
	12.720000	3.805966E-6
	12.740000	5.590363E-5
	12.760000	0.000154
	12.780000	0.000134
	12.800000	0.000232
	12.820000	0.000395
	12.840000	0.000401
	12.860000	0.000440
	12.880000	0.000518
	12.900000	0.000219
	12.920000	0.000544
	12.940000	0.000863
	12.960000	0.000974
	12.980000	0.001150
	13.000000	0.001254
	13.020000	0.001391
	13.040000	0.001697
	13.060000	0.001749
	13.080000	0.001957
	13.100000	0.002257
	13.120000	0.002583
	13.140000	0.002980
	13.160000	0.003455
	13.180000	0.003996
	13.200000	0.004673
	13.220000	0.005520
	13.240000	0.006659
	13.260000	0.008001
	13.280000	0.009622
	13.300000	0.011752
	13.320000	0.014070
	13.340000	0.016962
	13.360000	0.020543
	13.380000	0.025265
	13.400000	0.031738
	13.420000	0.039826
	13.440000	0.051287
	13.460000	0.069007
	13.480000	0.092744
	13.500000	0.128509
	13.520000	0.187901
	13.540000	0.270339
	13.560000	0.364922
	13.580000	0.460352
	13.600000	0.550324
	13.620000	0.634091
	13.640000	0.712915
	13.660000	0.782022
	13.680000	0.846239
	13.700000	0.908222
	13.720000	0.961518
	13.740000	1.006668
	13.760000	1.046105
	13.780000	1.079344
	13.800000	1.105985
	13.820000	1.127847
	13.840000	1.149513
	13.860000	1.170157
	13.880000	1.192545
	13.900000	1.217409
	13.920000	1.239336
	13.940000	1.255349
	13.960000	1.276221
	13.980000	1.293459
	14.000000	1.300179
	14.020000	1.295295
	14.040000	1.284276
	14.060000	1.272125
	14.080000	1.259354
	14.100000	1.250263
	14.120000	1.243341
	14.140000	1.240313
	14.160000	1.238131
	14.180000	1.229157
	14.200000	1.213775
	14.220000	1.198869
	14.240000	1.171257
	14.260000	1.123724
	14.280000	1.060693
	14.300000	0.999960
	14.320000	0.958295
	14.340000	0.942666
	14.360000	0.943870
	14.380000	0.885814
	14.400000	0.763892
	14.420000	0.671523
	14.440000	0.615961
	14.460000	0.523416
	14.480000	0.301272
	14.500000	0.118526
	14.520000	0.041916
	14.540000	0.019593
	14.560000	0.011602
	14.580000	0.008255
	14.600000	0.006659
	14.620000	0.005572
	14.640000	0.005155
	14.660000	0.004836
	14.680000	0.004738
	14.700000	0.004803
	14.720000	0.004803
	14.740000	0.005070
	14.760000	0.005051
	14.780000	0.004947
	14.800000	0.004816
	14.820000	0.004803
	14.840000	0.004888
	14.860000	0.004960
	14.880000	0.005025
	14.900000	0.004907
	14.920000	0.004686
	14.940000	0.004693
	14.960000	0.004517
	14.980000	0.004243
	15.000000	0.003800
	15.020000	0.003605
	15.040000	0.003546
	15.060000	0.003833
	15.080000	0.003787
	15.100000	0.003976
	15.120000	0.004106
	15.140000	0.004380
	15.160000	0.004504
	15.180000	0.004888
	15.200000	0.005214
	15.220000	0.005611
	15.240000	0.006321
	15.260000	0.006731
	15.280000	0.007317
	15.300000	0.008561
	15.320000	0.009609
	15.340000	0.010866
	15.360000	0.013002
	15.380000	0.015347
	15.400000	0.018388
	15.420000	0.023617
	15.440000	0.030676
	15.460000	0.040692
	15.480000	0.057572
	15.500000	0.084480
	15.520000	0.119757
	15.540000	0.159709
	15.560000	0.200912
	15.580000	0.239861
	15.600000	0.276167
	15.620000	0.312453
	15.640000	0.346232
	15.660000	0.376396
	15.680000	0.402966
	15.700000	0.428501
	15.720000	0.449835
	15.740000	0.468596
	15.760000	0.485508
	15.780000	0.498657
	15.800000	0.510040
	15.820000	0.522114
	15.840000	0.531967
	15.860000	0.542516
	15.880000	0.555280
	15.900000	0.566781
	15.920000	0.575077
	15.940000	0.583784
	15.960000	0.592940
	15.980000	0.596450
	16.000000	0.592843
	16.020000	0.588375
	16.040000	0.584403
	16.060000	0.578646
	16.080000	0.573234
	16.100000	0.570174
	16.120000	0.569164
	16.140000	0.568676
	16.160000	0.565654
	16.180000	0.561578
	16.200000	0.554369
	16.220000	0.539390
	16.240000	0.514892
	16.260000	0.482832
	16.280000	0.454745
	16.300000	0.437702
	16.320000	0.433053
	16.340000	0.433404
	16.360000	0.400707
	16.380000	0.342852
	16.400000	0.301272
	16.420000	0.275978
	16.440000	0.236475
	16.460000	0.141631
	16.480000	0.056406
	16.500000	0.023878
	16.520000	0.017711
	16.540000	0.018179
	16.560000	0.020459
	16.580000	0.023461
	16.600000	0.026723
	16.620000	0.029485
	16.640000	0.032760
	16.660000	0.035697
	16.680000	0.038862
	16.700000	0.041220
	16.720000	0.043486
	16.740000	0.045576
	16.760000	0.047517
	16.780000	0.049184
	16.800000	0.050226
	16.820000	0.051489
	16.840000	0.052759
	16.860000	0.053495
	16.880000	0.054570
	16.900000	0.055657
	16.920000	0.056484
	16.940000	0.057396
	16.960000	0.058171
	16.980000	0.058861
	17.000000	0.058998
	17.020000	0.058881
	17.040000	0.058959
	17.060000	0.058028
	17.080000	0.057689
	17.100000	0.057227
	17.120000	0.056315
	17.140000	0.055748
	17.160000	0.055260
	17.180000	0.054863
	17.200000	0.055025
	17.220000	0.055019
	17.240000	0.053853
	17.260000	0.050968
	17.280000	0.047380
	17.300000	0.044808
	17.320000	0.044046
	17.340000	0.044984
	17.360000	0.043238
	17.380000	0.038283
	17.400000	0.035359
	17.420000	0.033131
	17.440000	0.031315
	17.460000	0.026072
	17.480000	0.021553
	17.500000	0.026417
	17.520000	0.038243
	17.540000	0.051711
	17.560000	0.065419
	17.580000	0.078495
	17.600000	0.102994
	17.620000	0.126998
	17.640000	0.140492
	17.660000	0.161839
	17.680000	0.166664
	17.700000	0.184319
	17.720000	0.190610
	17.740000	0.197760
	17.760000	0.214275
	17.780000	0.209996
	17.800000	0.222233
	17.820000	0.229064
	17.840000	0.219908
	17.860000	0.220663
	17.880000	0.241242
	17.900000	0.244830
	17.920000	0.241594
	17.940000	0.252508
	17.960000	0.244459
	17.980000	0.237784
	18.000000	0.231063
	18.020000	0.226811
	18.040000	0.224981
	18.060000	0.221842
	18.080000	0.219146
	18.100000	0.216124
	18.120000	0.212582
	18.140000	0.209970
	18.160000	0.208492
	18.180000	0.206245
	18.200000	0.205060
	18.220000	0.204741
	18.240000	0.200397
	18.260000	0.190043
	18.280000	0.176426
	18.300000	0.164411
	18.320000	0.158726
	18.340000	0.161025
	18.360000	0.152767
	18.380000	0.132898
	18.400000	0.117373
	18.420000	0.104635
	18.440000	0.088068
	18.460000	0.059551
	18.480000	0.023096
	18.500000	0.006405
	18.520000	0.001482
	18.540000	4.939143E-5
	18.560000	-0.000433
	18.580000	-0.000621
	18.600000	-0.000836
	18.620000	-0.000947
	18.640000	-0.001006
	18.660000	-0.000986
	18.680000	-0.001181
	18.700000	-0.001064
	18.720000	-0.000986
	18.740000	-0.001097
	18.760000	-0.000967
	18.780000	-0.000940
	18.800000	-0.001012
	18.820000	-0.000921
	18.840000	-0.000914
	18.860000	-0.000940
	18.880000	-0.000875
	18.900000	-0.000914
	18.920000	-0.000856
	18.940000	-0.000810
	18.960000	-0.000726
	18.980000	-0.000804
	19.000000	-0.000778
	19.020000	-0.000810
	19.040000	-0.000804
	19.060000	-0.000765
	19.080000	-0.000791
	19.100000	-0.000791
	19.120000	-0.000719
	19.140000	-0.000452
	19.160000	-0.000569
	19.180000	-0.000504
	19.200000	-0.000289
	19.220000	-6.782833E-5
	19.240000	-8.085274E-5
	19.260000	0.000238
	19.280000	0.000336
	19.300000	0.000837
	19.320000	0.001085
	19.340000	0.001749
	19.360000	0.002518
	19.380000	0.003664
	19.400000	0.005044
	19.420000	0.007070
	19.440000	0.010632
	19.460000	0.016284
	19.480000	0.026157
	19.500000	0.037644
	19.520000	0.048539
	19.540000	0.058796
	19.560000	0.067861
	19.580000	0.077154
	19.600000	0.086225
	19.620000	0.095636
	19.640000	0.104121
	19.660000	0.111030
	19.680000	0.117705
	19.700000	0.123488
	19.720000	0.128789
	19.740000	0.133543
	19.760000	0.138011
	19.780000	0.142406
	19.800000	0.146131
	19.820000	0.149479
	19.840000	0.152585
	19.860000	0.155906
	19.880000	0.158342
	19.900000	0.160588
	19.920000	0.163037
	19.940000	0.166020
	19.960000	0.166951
	19.980000	0.166775
	20.000000	0.166547
	20.020000	0.166404
	20.040000	0.165127
	20.060000	0.162952
	20.080000	0.161246
	20.100000	0.160595
	20.120000	0.159729
	20.140000	0.159677
	20.160000	0.160009
	20.180000	0.158830
	20.200000	0.154682
	20.220000	0.146854
	20.240000	0.135940
	20.260000	0.127142
	20.280000	0.124550
	20.300000	0.126386
	20.320000	0.117276
	20.340000	0.100676
	20.360000	0.089097
	20.380000	0.078450
	20.400000	0.068232
	20.420000	0.045563
	20.440000	0.017951
	20.460000	0.005546
	20.480000	0.001202
	20.500000	-0.000315
	20.520000	-0.000830
	20.540000	-0.000797
	20.560000	-0.000973
	20.580000	-0.001103
	20.600000	-0.001220
	20.620000	-0.001253
	20.640000	-0.001364
	20.660000	-0.001403
	20.680000	-0.001162
	20.700000	-0.001292
	20.720000	-0.001429
	20.740000	-0.001188
	20.760000	-0.001501
	20.780000	-0.001579
	20.800000	-0.001305
	20.820000	-0.001344
	20.840000	-0.001299
	20.860000	-0.001325
	20.880000	-0.001312
	20.900000	-0.001351
	20.920000	-0.001299
	20.940000	-0.001168
	20.960000	-0.001429
	20.980000	-0.001299
	21.000000	-0.001214
	21.020000	-0.001227
	21.040000	-0.001331
	21.060000	-0.001234
	21.080000	-0.001325
	21.100000	-0.001273
	21.120000	-0.001318
	21.140000	-0.001364
	21.160000	-0.001344
	21.180000	-0.001409
	21.200000	-0.001247
	21.220000	-0.001409
	21.240000	-0.001312
	21.260000	-0.001234
	21.280000	-0.001214
	21.300000	-0.001207
	21.320000	-0.001253
	21.340000	-0.001084
	21.360000	-0.001051
	21.380000	-0.000875
	21.400000	-0.000641
	21.420000	-0.000419
	21.440000	2.334259E-5
	21.460000	0.000525
	21.480000	0.001326
	21.500000	0.002544
	21.520000	0.003742
	21.540000	0.004881
	21.560000	0.005813
	21.580000	0.006718
	21.600000	0.007649
	21.620000	0.008847
	21.640000	0.009831
	21.660000	0.010606
	21.680000	0.011283
	21.700000	0.011882
	21.720000	0.012540
	21.740000	0.013041
	21.760000	0.013569
	21.780000	0.014161
	21.800000	0.014454
	21.820000	0.015054
	21.840000	0.015451
	21.860000	0.015861
	21.880000	0.016271
	21.900000	0.016499
	21.920000	0.016981
	21.940000	0.017359
	21.960000	0.017391
	21.980000	0.017300
	22.000000	0.017307
	22.020000	0.017430
	22.040000	0.017235
	22.060000	0.016864
	22.080000	0.016682
	22.100000	0.016577
	22.120000	0.016714
	22.140000	0.016636
	22.160000	0.016949
	22.180000	0.016669
	22.200000	0.016434
	22.220000	0.015627
	22.240000	0.014350
	22.260000	0.013198
	22.280000	0.012813
	22.300000	0.013139
	22.320000	0.012624
	22.340000	0.010729
	22.360000	0.009114
	22.380000	0.007890
	22.400000	0.006724
	22.420000	0.004907
	22.440000	0.001645
	22.460000	3.805966E-6
	22.480000	-0.000667
	22.500000	-0.000986
	22.520000	-0.001110
	22.540000	-0.001064
	22.560000	-0.001207
	22.580000	-0.001051
	22.600000	-0.001058
	22.620000	-0.001077
	22.640000	-0.001175
	22.660000	-0.001351
	22.680000	-0.001090
	22.700000	-0.001103
	22.720000	-0.001142
	22.740000	-0.001064
	22.760000	-0.001188
	22.780000	-0.001194
	22.800000	-0.001084
	22.820000	-0.001142
	22.840000	-0.001045
	22.860000	-0.001116
	22.880000	-0.001214
	22.900000	-0.001338
	22.920000	-0.001247
	22.940000	-0.001129
	22.960000	-0.001266
	22.980000	-0.001181
	23.000000	-0.001357
	23.020000	-0.001240
	23.040000	-0.001240
	23.060000	-0.001214
	23.080000	-0.001305
	23.100000	-0.001325
	23.120000	-0.001370
	23.140000	-0.001266
	23.160000	-0.001377
	23.180000	-0.001403
	23.200000	-0.001344
	23.220000	-0.001429
	23.240000	-0.001247
	23.260000	-0.001357
	23.280000	-0.001527
	23.300000	-0.001194
	23.320000	-0.001234
	23.340000	-0.001273
	23.360000	-0.001175
	23.380000	-0.001129
	23.400000	-0.001175
	23.420000	-0.001207
	23.440000	-0.001273
	23.460000	-0.001227
	23.480000	-0.001279
	23.500000	-0.001396
	23.520000	-0.001305
	23.540000	-0.001351
	23.560000	-0.001429
	23.580000	-0.001318
	23.600000	-0.001377
	23.620000	-0.001240
	23.640000	-0.001370
	23.660000	-0.001201
	23.680000	-0.001299
	23.700000	-0.001468
	23.720000	-0.001357
	23.740000	-0.001299
	23.760000	-0.001279
	23.780000	-0.001240
	23.800000	-0.001318
	23.820000	-0.001266
	23.840000	-0.001188
	23.860000	-0.001220
	23.880000	-0.001312
	23.900000	-0.001194
	23.920000	-0.001188
	23.940000	-0.001162
	23.960000	-0.001214
	23.980000	-0.001227
	24.000000	-0.001084
	24.020000	-0.001240
	24.040000	-0.001207
	24.060000	-0.001240
	24.080000	-0.001338
	24.100000	-0.001331
	24.120000	-0.001175
	24.140000	-0.001181
	24.160000	-0.001344
	24.180000	-0.001253
	24.200000	-0.001240
	24.220000	-0.001279
	24.240000	-0.001286
	24.260000	-0.001286
	24.280000	-0.001318
	24.300000	-0.001227
	24.320000	-0.001396
	24.340000	-0.001383
	24.360000	-0.001364
	24.380000	-0.001351
	24.400000	-0.001409
	24.420000	-0.001325
	24.440000	-0.001207
	24.460000	-0.001260
	24.480000	-0.001266
	24.500000	-0.001273
	24.520000	-0.001377
	24.540000	-0.001142
	24.560000	-0.001273
	24.580000	-0.001312
	24.600000	-0.001181
	24.620000	-0.001136
	24.640000	-0.001136
	24.660000	-0.001214
	24.680000	-0.001103
	24.700000	-0.001201
	24.720000	-0.001273
	24.740000	-0.001344
	24.760000	-0.001325
	24.780000	-0.001090
	24.800000	-0.001051
	24.820000	-0.001240
	24.840000	-0.001201
	24.860000	-0.000999
	24.880000	-0.001103
	24.900000	-0.001129
	24.920000	-0.001084
	24.940000	-0.001038
	24.960000	-0.001260
	24.980000	-0.001006
	25.000000	-0.000986
	25.020000	-0.001045
	25.040000	-0.001032
	25.060000	-0.000999
	25.080000	-0.001090
	25.100000	-0.001201
	25.120000	-0.001084
	25.140000	-0.001220
	25.160000	-0.001194
	25.180000	-0.001077
	25.200000	-0.001077
	25.220000	-0.001110
	25.240000	-0.001253
	25.260000	-0.001155
	25.280000	-0.001155
	25.300000	-0.001025
	25.320000	-0.001188
	25.340000	-0.001344
	25.360000	-0.001416
	25.380000	-0.001201
	25.400000	-0.001207
	25.420000	-0.001247
	25.440000	-0.001292
	25.460000	-0.001181
	25.480000	-0.001064
	25.500000	-0.000993
	25.520000	-0.001168
	25.540000	-0.000953
	25.560000	-0.000869
	25.580000	-0.000869
	25.600000	-0.000700
	25.620000	-0.000804
	25.640000	-0.000673
	25.660000	-0.000556
	25.680000	-0.000582
	25.700000	-0.000634
	25.720000	-0.000595
	25.740000	-0.000608
	25.760000	-0.000491
	25.780000	-0.000452
	25.800000	-0.000517
	25.820000	-0.000328
	25.840000	-0.000289
	25.860000	-0.000270
	25.880000	-0.000276
	25.900000	-0.000250
	25.920000	-8.085274E-5
	25.940000	6.892805E-5
	25.960000	-2.224287E-5
	25.980000	9.497689E-5
	26.000000	-4.177949E-5
	26.020000	0.000101
	26.040000	2.334259E-5
	26.060000	0.000147
	26.080000	-2.224287E-5
	26.100000	0.000101
	26.120000	-1.573066E-5
	26.140000	3.805966E-6
	26.160000	-6.131612E-5
	26.180000	-3.526728E-5
	26.200000	2.334259E-5
	26.220000	-0.000185
	26.240000	-0.000218
	26.260000	-0.000159
	26.280000	-0.000322
	26.300000	-0.000231
	26.320000	-0.000192
	26.340000	-0.000283
	26.360000	-0.000413
	26.380000	-0.000426
	26.400000	-0.000576
	26.420000	-0.000393
	26.440000	-0.000615
	26.460000	-0.000778
	26.480000	-0.000576
	26.500000	-0.000576
	26.520000	-0.000472
	26.540000	-0.000270
	26.560000	-0.000159
	26.580000	-2.875508E-5
	26.600000	0.000206
	26.620000	0.000440
	26.640000	0.000421
	26.660000	0.000766
	26.680000	0.000961
	26.700000	0.001143
	26.720000	0.001489
	26.740000	0.001645
	26.760000	0.001801
	26.780000	0.002309
	26.800000	0.002635
	26.820000	0.002980
	26.840000	0.003195
	26.860000	0.003872
	26.880000	0.004243
	26.900000	0.004621
	26.920000	0.005279
	26.940000	0.005682
	26.960000	0.006060
	26.980000	0.006816
	27.000000	0.007591
	27.020000	0.008392
	27.040000	0.009629
	27.060000	0.010808
	27.080000	0.012338
	27.100000	0.013999
	27.120000	0.016167
	27.140000	0.018785
	27.160000	0.022256
	27.180000	0.026600
	27.200000	0.031288
	27.220000	0.037058
	27.240000	0.044560
	27.260000	0.053450
	27.280000	0.063947
	27.300000	0.076789
	27.320000	0.092790
	27.340000	0.114729
	27.360000	0.143565
	27.380000	0.181890
	27.400000	0.235023
	27.420000	0.313404
	27.440000	0.423870
	27.460000	0.585158
	27.480000	0.850062
	27.500000	1.273942
	27.520000	1.783887
	27.540000	2.268922
	27.560000	2.698676
	27.580000	3.102719
	27.600000	3.513223
	27.620000	3.905838
	27.640000	4.263664
	27.660000	4.619016
	27.680000	4.985653
	27.700000	5.353150
	27.720000	5.711784
	27.740000	6.070248
	27.760000	6.417355
	27.780000	6.740595
	27.800000	7.044123
	27.820000	7.349376
	27.840000	7.654056
	27.860000	8.012586
	27.880000	8.247774
	27.900000	8.471573
	27.920000	8.692663
	27.940000	8.883900
	27.960000	8.997922
	27.980000	9.057711
	28.000000	9.083558
	28.020000	9.109796
	28.040000	9.097963
	28.060000	9.037367
	28.080000	8.984012
	28.100000	8.950357
	28.120000	8.929603
	28.140000	8.988825
	28.160000	9.006141
	28.180000	8.908230
	28.200000	8.655217
	28.220000	8.183258
	28.240000	7.568434
	28.260000	7.110574
	28.280000	6.960747
	28.300000	6.923992
	28.320000	6.180226
	28.340000	5.032866
	28.360000	4.297456
	28.380000	3.520452
	28.400000	2.935063
	28.420000	1.846814
	28.440000	0.784237
	28.460000	0.309054
	28.480000	0.125598
	28.500000	0.061062
	28.520000	0.041682
	28.540000	0.034323
	28.560000	0.031002
	28.580000	0.029810
	28.600000	0.030136
	28.620000	0.031464
	28.640000	0.032910
	28.660000	0.034662
	28.680000	0.036785
	28.700000	0.038882
	28.720000	0.041200
	28.740000	0.043460
	28.760000	0.046006
	28.780000	0.048331
	28.800000	0.050623
	28.820000	0.052844
	28.840000	0.055025
	28.860000	0.057396
	28.880000	0.059773
	28.900000	0.061811
	28.920000	0.063335
	28.940000	0.064546
	28.960000	0.065015
	28.980000	0.065185
	29.000000	0.065732
	29.020000	0.066025
	29.040000	0.065660
	29.060000	0.064950
	29.080000	0.064748
	29.100000	0.064436
	29.120000	0.064195
	29.140000	0.064442
	29.160000	0.064136
	29.180000	0.063153
	29.200000	0.060619
	29.220000	0.056334
	29.240000	0.052056
	29.260000	0.049829
	29.280000	0.050005
	29.300000	0.048175
	29.320000	0.040464
	29.340000	0.033275
	29.360000	0.028527
	29.380000	0.023109
	29.400000	0.018440
	29.420000	0.010020
	29.440000	0.003592
	29.460000	0.000857
	29.480000	-0.000472
	29.500000	-0.000784
	29.520000	-0.000934
	29.540000	-0.000980
	29.560000	-0.000856
	29.580000	-0.000849
	29.600000	-0.000888
	29.620000	-0.000732
	29.640000	-0.000745
	29.660000	-0.000719
	29.680000	-0.000530
	29.700000	-0.000485
	29.720000	-0.000439
	29.740000	-0.000504
	29.760000	-0.000393
	29.780000	-0.000302
	29.800000	-0.000218
	29.820000	-4.177949E-5
	29.840000	-8.736495E-5
	29.860000	-0.000120
	29.880000	2.334259E-5
	29.900000	-6.131612E-5
	29.920000	0.000108
	29.940000	0.000206
	29.960000	0.000121
	29.980000	0.000238
	30.000000	1.683038E-5
	30.020000	0.000245
	30.040000	0.000180
	30.060000	0.000147
	30.080000	9.497689E-5
	30.100000	0.000134
	30.120000	0.000134
	30.140000	7.544026E-5
	30.160000	0.000101
	30.180000	9.497689E-5
	30.200000	-6.782833E-5
	30.220000	-0.000185
	30.240000	-9.387716E-5
	30.260000	-0.000159
	30.280000	2.334259E-5
	30.300000	-0.000126
	30.320000	-0.000472
	30.340000	-0.000472
	30.360000	-0.000680
	30.380000	-0.000621
	30.400000	-0.000953
	30.420000	-0.000810
	30.440000	-0.001155
	30.460000	-0.001071
	30.480000	-0.001162
	30.500000	-0.001110
	30.520000	-0.001227
	30.540000	-0.001084
	30.560000	-0.001292
	30.580000	-0.001025
	30.600000	-0.001227
	30.620000	-0.001110
	30.640000	-0.001051
	30.660000	-0.000953
	30.680000	-0.001012
	30.700000	-0.001064
	30.720000	-0.000921
	30.740000	-0.000810
	30.760000	-0.000660
	30.780000	-0.000641
	30.800000	-0.000589
	30.820000	-0.000608
	30.840000	-0.000400
	30.860000	-0.000452
	30.880000	-0.000263
	30.900000	-0.000296
	30.920000	-0.000211
	30.940000	-2.224287E-5
	30.960000	0.000206
	30.980000	0.000212
	31.000000	0.000336
	31.020000	0.000609
	31.040000	0.000837
	31.060000	0.001098
	31.080000	0.001436
	31.100000	0.002055
	31.120000	0.002355
	31.140000	0.002934
	31.160000	0.003586
	31.180000	0.004654
	31.200000	0.005826
	31.220000	0.007037
	31.240000	0.008711
	31.260000	0.010905
	31.280000	0.013393
	31.300000	0.016356
	31.320000	0.020244
	31.340000	0.025291
	31.360000	0.031744
	31.380000	0.040660
	31.400000	0.053046
	31.420000	0.070824
	31.440000	0.098586
	31.460000	0.140609
	31.480000	0.209866
	31.500000	0.307178
	31.520000	0.410586
	31.540000	0.500701
	31.560000	0.580619
	31.580000	0.658271
	31.600000	0.741230
	31.620000	0.820164
	31.640000	0.897328
	31.660000	0.969691
	31.680000	1.042491
	31.700000	1.112784
	31.720000	1.187414
	31.740000	1.262623
	31.760000	1.338732
	31.780000	1.414221
	31.800000	1.492068
	31.820000	1.572924
	31.840000	1.649579
	31.860000	1.729516
	31.880000	1.803593
	31.900000	1.869294
	31.920000	1.916456
	31.940000	1.949870
	31.960000	1.972975
	31.980000	1.989672
	32.000000	2.003433
	32.020000	2.008870
	32.040000	2.000698
	32.060000	1.988709
	32.080000	1.974844
	32.100000	1.964887
	32.120000	1.976146
	32.140000	1.984918
	32.160000	1.963044
	32.180000	1.905261
	32.200000	1.802622
	32.220000	1.670060
	32.240000	1.570332
	32.260000	1.545423
	32.280000	1.529683
	32.300000	1.305356
	32.320000	1.046099
	32.340000	0.893928
	32.360000	0.722162
	32.380000	0.602539
	32.400000	0.412181
	32.420000	0.193879
	32.440000	0.078528
	32.460000	0.031634
	32.480000	0.012240
	32.500000	0.005533
	32.520000	0.003214
	32.540000	0.001821
	32.560000	0.000948
	32.580000	0.000486
	32.600000	4.939143E-5
	32.620000	-2.706242E-6
	32.640000	-0.000107
	32.660000	-0.000146
	32.680000	-0.000205
	32.700000	-0.000380
	32.720000	-0.000348
	32.740000	-0.000433
	32.760000	-0.000335
	32.780000	-0.000283
	32.800000	-0.000185
	32.820000	-7.434054E-5
	32.840000	-9.218451E-6
	32.860000	3.636701E-5
	32.880000	0.000115
	32.900000	0.000264
	32.920000	8.195247E-5
	32.940000	0.000355
	32.960000	0.000323
	32.980000	0.000147
	33.000000	0.000342
	33.020000	0.000193
	33.040000	0.000141
	33.060000	0.000212
	33.080000	0.000310
	33.100000	0.000199
	33.120000	0.000180
	33.140000	7.544026E-5
	33.160000	5.590363E-5
	33.180000	-9.218451E-6
	33.200000	8.195247E-5
	33.220000	-6.782833E-5
	33.240000	-2.224287E-5
	33.260000	-1.573066E-5
	33.280000	-0.000192
	33.300000	-0.000113
	33.320000	-0.000387
	33.340000	-0.000433
	33.360000	-0.000641
	33.380000	-0.000595
	33.400000	-0.000654
	33.420000	-0.000960
	33.440000	-0.000797
	33.460000	-0.000895
	33.480000	-0.000634
	33.500000	-0.000231
	33.520000	3.636701E-5
	33.540000	0.000447
	33.560000	0.000766
	33.580000	0.001156
	33.600000	0.001384
	33.620000	0.001658
	33.640000	0.001905
	33.660000	0.002303
	33.680000	0.002452
	33.700000	0.002785
	33.720000	0.002980
	33.740000	0.003312
	33.760000	0.003586
	33.780000	0.004009
	33.800000	0.004172
	33.820000	0.004491
	33.840000	0.004979
	33.860000	0.005220
	33.880000	0.005344
	33.900000	0.005695
	33.920000	0.006151
	33.940000	0.006158
	33.960000	0.006216
	33.980000	0.006373
	34.000000	0.006523
	34.020000	0.006685
	34.040000	0.006653
	34.060000	0.006418
	34.080000	0.006366
	34.100000	0.006568
	34.120000	0.006581
	34.140000	0.006653
	34.160000	0.006418
	34.180000	0.006229
	34.200000	0.005839
	34.220000	0.005383
	34.240000	0.004979
	34.260000	0.004842
	34.280000	0.004732
	34.300000	0.004015
	34.320000	0.002856
	34.340000	0.002146
	34.360000	0.001554
	34.380000	0.001137
	34.400000	0.000662
	34.420000	-0.000276
	34.440000	-0.000823
	34.460000	-0.000953
	34.480000	-0.001162
	34.500000	-0.001188
	34.520000	-0.001136
	34.540000	-0.001370
	34.560000	-0.001220
	34.580000	-0.001416
	34.600000	-0.001292
	34.620000	-0.001325
	34.640000	-0.001390
	34.660000	-0.001292
	34.680000	-0.001390
	34.700000	-0.001331
	34.720000	-0.001416
	34.740000	-0.001403
	34.760000	-0.001338
	34.780000	-0.001370
	34.800000	-0.001227
	34.820000	-0.001247
	34.840000	-0.001325
	34.860000	-0.001305
	34.880000	-0.001260
	34.900000	-0.001286
	34.920000	-0.001207
	34.940000	-0.001188
	34.960000	-0.001351
	34.980000	-0.001266
	35.000000	-0.001175
	35.020000	-0.001103
	35.040000	-0.001201
	35.060000	-0.001247
	35.080000	-0.001338
	35.100000	-0.001168
	35.120000	-0.001351
	35.140000	-0.001194
	35.160000	-0.001468
	35.180000	-0.001403
	35.200000	-0.001370
	35.220000	-0.001390
	35.240000	-0.001312
	35.260000	-0.001279
	35.280000	-0.001214
	35.300000	-0.001292
	35.320000	-0.001396
	35.340000	-0.001396
	35.360000	-0.001370
	35.380000	-0.001305
	35.400000	-0.001273
	35.420000	-0.001071
	35.440000	-0.001032
	35.460000	-0.000986
	35.480000	-0.000980
	35.500000	-0.000888
	35.520000	-0.000706
	35.540000	-0.000465
	35.560000	-0.000537
	35.580000	-0.000406
	35.600000	-0.000205
	35.620000	-4.177949E-5
	35.640000	-0.000257
	35.660000	2.985480E-5
	35.680000	0.000167
	35.700000	0.000206
	35.720000	0.000342
	35.740000	0.000310
	35.760000	0.000492
	35.780000	0.000635
	35.800000	0.000883
	35.820000	0.000863
	35.840000	0.000968
	35.860000	0.001013
	35.880000	0.001287
	35.900000	0.001443
	35.920000	0.001443
	35.940000	0.001560
	35.960000	0.001547
	35.980000	0.001658
	36.000000	0.001599
	36.020000	0.001625
	36.040000	0.001573
	36.060000	0.001677
	36.080000	0.001677
	36.100000	0.001677
	36.120000	0.001690
	36.140000	0.001502
	36.160000	0.001690
	36.180000	0.001404
	36.200000	0.001169
	36.220000	0.000974
	36.240000	0.001007
	36.260000	0.000811
	36.280000	0.000649
	36.300000	0.000115
	36.320000	-0.000211
	36.340000	-0.000406
	36.360000	-0.000537
	36.380000	-0.000732
	36.400000	-0.001097
	36.420000	-0.001142
	36.440000	-0.001220
	36.460000	-0.001266
	36.480000	-0.001194
	36.500000	-0.001188
	36.520000	-0.001299
	36.540000	-0.001305
	36.560000	-0.001338
	36.580000	-0.001214
	36.600000	-0.001253
	36.620000	-0.001201
	36.640000	-0.001194
	36.660000	-0.001260
	36.680000	-0.001286
	36.700000	-0.001214
	36.720000	-0.001090
	36.740000	-0.001240
	36.760000	-0.001162
	36.780000	-0.001279
	36.800000	-0.001227
	36.820000	-0.001318
	36.840000	-0.001370
	36.860000	-0.001207
	36.880000	-0.001266
	36.900000	-0.001162
	36.920000	-0.001273
	36.940000	-0.001194
	36.960000	-0.001299
	36.980000	-0.001207
	37.000000	-0.001220
	37.020000	-0.001194
	37.040000	-0.001286
	37.060000	-0.001188
	37.080000	-0.001006
	37.100000	-0.001051
	37.120000	-0.001032
	37.140000	-0.001201
	37.160000	-0.001207
	37.180000	-0.001051
	37.200000	-0.001097
	37.220000	-0.001051
	37.240000	-0.001253
	37.260000	-0.001207
	37.280000	-0.001260
	37.300000	-0.001240
	37.320000	-0.001168
	37.340000	-0.001396
	37.360000	-0.001487
	37.380000	-0.001266
	37.400000	-0.001273
	37.420000	-0.001279
	37.440000	-0.001194
	37.460000	-0.001325
	37.480000	-0.001455
	37.500000	-0.001181
	37.520000	-0.001220
	37.540000	-0.000980
	37.560000	-0.001149
	37.580000	-0.001025
	37.600000	-0.001006
	37.620000	-0.000869
	37.640000	-0.001051
	37.660000	-0.000967
	37.680000	-0.000921
	37.700000	-0.000940
	37.720000	-0.000934
	37.740000	-0.000732
	37.760000	-0.000810
	37.780000	-0.000745
	37.800000	-0.000980
	37.820000	-0.000882
	37.840000	-0.000745
	37.860000	-0.000706
	37.880000	-0.000739
	37.900000	-0.000908
	37.920000	-0.000719
	37.940000	-0.000810
	37.960000	-0.000608
	37.980000	-0.000537
	38.000000	-0.000446
	38.020000	-0.000686
	38.040000	-0.000498
	38.060000	-0.000660
	38.080000	-0.000628
	38.100000	-0.000491
	38.120000	-0.000569
	38.140000	-0.000556
	38.160000	-0.000556
	38.180000	-0.000621
	38.200000	-0.000713
	38.220000	-0.000569
	38.240000	-0.000797
	38.260000	-0.000752
	38.280000	-0.000967
	38.300000	-0.000953
	38.320000	-0.000940
	38.340000	-0.001129
	38.360000	-0.000980
	38.380000	-0.001129
	38.400000	-0.001116
	38.420000	-0.001247
	38.440000	-0.001396
	38.460000	-0.001201
	38.480000	-0.001194
	38.500000	-0.001123
	38.520000	-0.001305
	38.540000	-0.001240
	38.560000	-0.001110
	38.580000	-0.001227
	38.600000	-0.001077
	38.620000	-0.000914
	38.640000	-0.001097
	38.660000	-0.000784
	38.680000	-0.000953
	38.700000	-0.000921
	38.720000	-0.000869
	38.740000	-0.000680
	38.760000	-0.000817
	38.780000	-0.000797
	38.800000	-0.000791
	38.820000	-0.000765
	38.840000	-0.000582
	38.860000	-0.000706
	38.880000	-0.000563
	38.900000	-0.000628
	38.920000	-0.000608
	38.940000	-0.000511
	38.960000	-0.000361
	38.980000	-0.000348
	39.000000	-0.000218
	39.020000	-0.000152
	39.040000	-9.218451E-6
	39.060000	0.000284
	39.080000	0.000245
	39.100000	0.000544
	39.120000	0.000616
	39.140000	0.000837
	39.160000	0.001241
	39.180000	0.001443
	39.200000	0.001749
	39.220000	0.002114
	39.240000	0.002537
	39.260000	0.003071
	39.280000	0.003755
	39.300000	0.004478
	39.320000	0.005682
	39.340000	0.006900
	39.360000	0.008639
	39.380000	0.011009
	39.400000	0.014187
	39.420000	0.018355
	39.440000	0.024275
	39.460000	0.033131
	39.480000	0.046768
	39.500000	0.069346
	39.520000	0.103841
	39.540000	0.144327
	39.560000	0.176485
	39.580000	0.202709
	39.600000	0.228035
	39.620000	0.252821
	39.640000	0.277378
	39.660000	0.301278
	39.680000	0.325367
	39.700000	0.349481
	39.720000	0.374495
	39.740000	0.399228
	39.760000	0.423310
	39.780000	0.449639
	39.800000	0.478527
	39.820000	0.508132
	39.840000	0.539540
	39.860000	0.573488
	39.880000	0.605411
	39.900000	0.633642
	39.920000	0.656532
	39.940000	0.676140
	39.960000	0.694498
	39.980000	0.712654
	40.000000	0.728153
	40.020000	0.737414
	40.040000	0.742011
	40.060000	0.744610
	40.080000	0.745964
	40.100000	0.753277
	40.120000	0.754723
	40.140000	0.749325
	40.160000	0.728420
	40.180000	0.698204
	40.200000	0.661247
	40.220000	0.624687
	40.240000	0.606290
	40.260000	0.590518
	40.280000	0.505403
	40.300000	0.389473
	40.320000	0.308272
	40.340000	0.238741
	40.360000	0.190369
	40.380000	0.144738
	40.400000	0.082807
	40.420000	0.039644
	40.440000	0.017789
	40.460000	0.007591
	40.480000	0.002589
	40.500000	0.000681
	40.520000	-6.131612E-5
	40.540000	-0.000452
	40.560000	-0.000517
	40.580000	-0.000765
	40.600000	-0.000732
	40.620000	-0.000823
	40.640000	-0.000849
	40.660000	-0.000784
	40.680000	-0.000752
	40.700000	-0.000882
	40.720000	-0.000843
	40.740000	-0.000862
	40.760000	-0.000901
	40.780000	-0.000849
	40.800000	-0.000765
	40.820000	-0.000719
	40.840000	-0.000862
	40.860000	-0.000673
	40.880000	-0.000882
	40.900000	-0.000823
	40.920000	-0.000654
	40.940000	-0.000830
	40.960000	-0.000628
	40.980000	-0.000595
	41.000000	-0.000791
	41.020000	-0.000524
	41.040000	-0.000543
	41.060000	-0.000621
	41.080000	-0.000686
	41.100000	-0.000406
	41.120000	-0.000511
	41.140000	-0.000439
	41.160000	-0.000302
	41.180000	-0.000335
	41.200000	-0.000406
	41.220000	-0.000491
	41.240000	-0.000550
	41.260000	-0.000367
	41.280000	-0.000608
	41.300000	-0.000739
	41.320000	-0.000439
	41.340000	-0.000810
	41.360000	-0.000686
	41.380000	-0.000953
	41.400000	-0.000999
	41.420000	-0.001084
	41.440000	-0.000980
	41.460000	-0.001175
	41.480000	-0.001247
	41.500000	-0.001227
	41.520000	-0.001168
	41.540000	-0.001201
	41.560000	-0.001227
	41.580000	-0.001279
	41.600000	-0.001253
	41.620000	-0.001194
	41.640000	-0.001136
	41.660000	-0.001194
	41.680000	-0.001006
	41.700000	-0.001058
	41.720000	-0.001051
	41.740000	-0.000967
	41.760000	-0.000986
	41.780000	-0.001064
	41.800000	-0.000914
	41.820000	-0.001032
	41.840000	-0.001084
	41.860000	-0.000914
	41.880000	-0.001006
	41.900000	-0.000908
	41.920000	-0.001012
	41.940000	-0.000901
	41.960000	-0.000856
	41.980000	-0.000888
	42.000000	-0.001032
	42.020000	-0.001012
	42.040000	-0.000869
	42.060000	-0.000875
	42.080000	-0.000960
	42.100000	-0.000791
	42.120000	-0.000810
	42.140000	-0.000745
	42.160000	-0.000667
	42.180000	-0.000843
	42.200000	-0.000667
	42.220000	-0.000680
	42.240000	-0.000940
	42.260000	-0.000680
	42.280000	-0.000739
	42.300000	-0.000856
	42.320000	-0.001025
	42.340000	-0.000856
	42.360000	-0.000901
	42.380000	-0.000967
	42.400000	-0.001234
	42.420000	-0.001097
	42.440000	-0.001077
	42.460000	-0.001234
	42.480000	-0.001149
	42.500000	-0.001214
	42.520000	-0.001318
	42.540000	-0.001071
	42.560000	-0.001077
	42.580000	-0.001155
	42.600000	-0.001019
	42.620000	-0.001149
	42.640000	-0.001071
	42.660000	-0.001064
	42.680000	-0.000830
	42.700000	-0.000895
	42.720000	-0.000771
	42.740000	-0.000686
	42.760000	-0.000719
	42.780000	-0.000413
	42.800000	-0.000602
	42.820000	-0.000641
	42.840000	-0.000419
	42.860000	-0.000452
	42.880000	-0.000550
	42.900000	-0.000374
	42.920000	-0.000302
	42.940000	-0.000400
	42.960000	-0.000406
	42.980000	-0.000276
	43.000000	-0.000185
	43.020000	3.636701E-5
	43.040000	0.000134
	43.060000	6.892805E-5
	43.080000	0.000160
	43.100000	0.000355
	43.120000	0.000466
	43.140000	0.000583
	43.160000	0.000694
	43.180000	0.001007
	43.200000	0.001033
	43.220000	0.001300
	43.240000	0.001690
	43.260000	0.002029
	43.280000	0.002348
	43.300000	0.002680
	43.320000	0.003253
	43.340000	0.004015
	43.360000	0.004680
	43.380000	0.005513
	43.400000	0.006685
	43.420000	0.008672
	43.440000	0.010625
	43.460000	0.013536
	43.480000	0.017619
	43.500000	0.023200
	43.520000	0.031718
	43.540000	0.044691
	43.560000	0.065041
	43.580000	0.096736
	43.600000	0.133432
	43.620000	0.165433
	43.640000	0.191326
	43.660000	0.214972
	43.680000	0.237237
	43.700000	0.259366
	43.720000	0.282367
	43.740000	0.305094
	43.760000	0.329033
	43.780000	0.351214
	43.800000	0.372124
	43.820000	0.392840
	43.840000	0.416987
	43.860000	0.444097
	43.880000	0.473500
	43.900000	0.503384
	43.920000	0.533015
	43.940000	0.559370
	43.960000	0.583016
	43.980000	0.606629
	44.000000	0.629773
	44.020000	0.651635
	44.040000	0.673418
	44.060000	0.690962
	44.080000	0.703101
	44.100000	0.710974
	44.120000	0.720293
	44.140000	0.725014
	44.160000	0.721316
	44.180000	0.711130
	44.200000	0.687100
	44.220000	0.660049
	44.240000	0.632528
	44.260000	0.604916
	44.280000	0.592139
	44.300000	0.548345
	44.320000	0.436465
	44.340000	0.325744
	44.360000	0.250600
	44.380000	0.192798
	44.400000	0.155704
	44.420000	0.107559
	44.440000	0.058529
	44.460000	0.028892
	44.480000	0.014025
	44.500000	0.006386
	44.520000	0.002211
	44.540000	0.000844
	44.560000	0.000303
	44.580000	0.000173
	44.600000	0.000557
	44.620000	0.000922
	44.640000	0.001046
	44.660000	0.001104
	44.680000	0.001547
	44.700000	0.001671
	44.720000	0.001782
	44.740000	0.002290
	44.760000	0.002570
	44.780000	0.002537
	44.800000	0.002791
	44.820000	0.003162
	44.840000	0.003436
	44.860000	0.003859
	44.880000	0.004093
	44.900000	0.004419
	44.920000	0.004777
	44.940000	0.005070
	44.960000	0.005357
	44.980000	0.005578
	45.000000	0.005787
	45.020000	0.006164
	45.040000	0.006314
	45.060000	0.006483
	45.080000	0.006790
	45.100000	0.006763
	45.120000	0.006907
	45.140000	0.006724
	45.160000	0.006835
	45.180000	0.006796
	45.200000	0.006594
	45.220000	0.006229
	45.240000	0.006008
	45.260000	0.005578
	45.280000	0.005624
	45.300000	0.005279
	45.320000	0.004028
	45.340000	0.002719
	45.360000	0.001795
	45.380000	0.001130
	45.400000	0.000798
	45.420000	0.000408
	45.440000	-0.000387
	45.460000	-0.000673
	45.480000	-0.001064
	45.500000	-0.001240
	45.520000	-0.001038
	45.540000	-0.001155
	45.560000	-0.001032
	45.580000	-0.000980
	45.600000	-0.000823
	45.620000	-0.000615
	45.640000	-0.000589
	45.660000	-0.000608
	45.680000	-0.000498
	45.700000	-0.000335
	45.720000	-0.000348
	45.740000	-3.526728E-5
	45.760000	-0.000100
	45.780000	2.334259E-5
	45.800000	0.000147
	45.820000	0.000160
	45.840000	0.000427
	45.860000	0.000388
	45.880000	0.000649
	45.900000	0.000727
	45.920000	0.000850
	45.940000	0.000883
	45.960000	0.000785
	45.980000	0.001085
	46.000000	0.001156
	46.020000	0.001254
	46.040000	0.001306
	46.060000	0.001495
	46.080000	0.001417
	46.100000	0.001417
	46.120000	0.001593
	46.140000	0.001456
	46.160000	0.001684
	46.180000	0.001554
	46.200000	0.001287
	46.220000	0.001443
	46.240000	0.001332
	46.260000	0.001209
	46.280000	0.001137
	46.300000	0.001033
	46.320000	0.000622
	46.340000	0.000101
	46.360000	-0.000179
	46.380000	-0.000465
	46.400000	-0.000569
	46.420000	-0.000543
	46.440000	-0.000914
	46.460000	-0.001168
	46.480000	-0.001162
	46.500000	-0.001045
	46.520000	-0.001142
	46.540000	-0.001012
	46.560000	-0.001012
	46.580000	-0.001247
	46.600000	-0.001273
	46.620000	-0.001305
	46.640000	-0.001058
	46.660000	-0.001273
	46.680000	-0.001299
	46.700000	-0.001155
	46.720000	-0.001168
	46.740000	-0.001403
	46.760000	-0.001207
	46.780000	-0.001292
	46.800000	-0.001318
	46.820000	-0.001149
	46.840000	-0.001247
	46.860000	-0.001357
	46.880000	-0.001123
	46.900000	-0.001201
	46.920000	-0.001077
	46.940000	-0.001188
	46.960000	-0.001058
	46.980000	-0.000901
	47.000000	-0.001123
	47.020000	-0.001207
	47.040000	-0.001129
	47.060000	-0.001168
	47.080000	-0.001103
	47.100000	-0.001175
	47.120000	-0.001123
	47.140000	-0.001240
	47.160000	-0.001194
	47.180000	-0.001234
	47.200000	-0.001201
	47.220000	-0.001351
	47.240000	-0.001214
	47.260000	-0.001220
	47.280000	-0.001318
	47.300000	-0.001175
	47.320000	-0.001220
	47.340000	-0.001442
	47.360000	-0.001175
	47.380000	-0.001266
	47.400000	-0.001025
	47.420000	-0.001149
	47.440000	-0.001103
	47.460000	-0.001142
	47.480000	-0.001090
	47.500000	-0.001253
	47.520000	-0.001142
	47.540000	-0.001006
	47.560000	-0.001181
	47.580000	-0.001142
	47.600000	-0.001253
	47.620000	-0.001116
	47.640000	-0.001220
	47.660000	-0.001260
	47.680000	-0.001084
	47.700000	-0.001201
	47.720000	-0.001305
	47.740000	-0.001207
	47.760000	-0.001201
	47.780000	-0.001220
	47.800000	-0.000999
	47.820000	-0.001103
	47.840000	-0.001136
	47.860000	-0.001234
	47.880000	-0.001090
	47.900000	-0.001006
	47.920000	-0.001019
	47.940000	-0.001025
	47.960000	-0.001032
	47.980000	-0.001006
	48.000000	-0.001019
	48.020000	-0.001071
	48.040000	-0.001019
	48.060000	-0.001012
	48.080000	-0.001077
	48.100000	-0.000843
	48.120000	-0.000947
	48.140000	-0.001136
	48.160000	-0.001006
	48.180000	-0.001129
	48.200000	-0.001116
	48.220000	-0.000973
	48.240000	-0.001077
	48.260000	-0.001090
	48.280000	-0.000993
	48.300000	-0.001116
	48.320000	-0.001181
	48.340000	-0.000967
	48.360000	-0.001214
	48.380000	-0.001155
	48.400000	-0.001207
	48.420000	-0.001136
	48.440000	-0.001162
	48.460000	-0.001116
	48.480000	-0.001286
	48.500000	-0.001266
	48.520000	-0.001188
	48.540000	-0.001064
	48.560000	-0.001136
	48.580000	-0.001136
	48.600000	-0.001227
	48.620000	-0.001162
	48.640000	-0.001077
	48.660000	-0.000973
	48.680000	-0.001240
	48.700000	-0.001279
	48.720000	-0.001234
	48.740000	-0.001129
	48.760000	-0.001123
	48.780000	-0.001383
	48.800000	-0.001305
	48.820000	-0.001227
	48.840000	-0.001455
	48.860000	-0.001175
	48.880000	-0.001201
	48.900000	-0.001149
	48.920000	-0.001149
	48.940000	-0.001064
	48.960000	-0.001279
	48.980000	-0.001045
	49.000000	-0.001168
	49.020000	-0.001123
	49.040000	-0.001286
	49.060000	-0.001110
	49.080000	-0.001247
	49.100000	-0.001168
	49.120000	-0.000999
	49.140000	-0.001110
	49.160000	-0.001181
	49.180000	-0.001116
	49.200000	-0.001266
	49.220000	-0.001142
	49.240000	-0.001181
	49.260000	-0.001351
	49.280000	-0.001234
	49.300000	-0.001266
	49.320000	-0.001253
	49.340000	-0.001305
	49.360000	-0.001266
	49.380000	-0.001247
	49.400000	-0.001201
	49.420000	-0.001116
	49.440000	-0.001136
	49.460000	-0.001227
	49.480000	-0.001142
	49.500000	-0.001247
	49.520000	-0.001051
	49.540000	-0.001214
	49.560000	-0.001110
	49.580000	-0.001338
	49.600000	-0.001299
	49.620000	-0.001240
	49.640000	-0.001149
	49.660000	-0.001168
	49.680000	-0.001194
	49.700000	-0.001155
	49.720000	-0.001357
	49.740000	-0.001247
	49.760000	-0.001227
	49.780000	-0.001240
	49.800000	-0.001214
	49.820000	-0.001097
	49.840000	-0.001260
	49.860000	-0.001260
	49.880000	-0.001136
	49.900000	-0.001227
	49.920000	-0.001253
	49.940000	-0.001077
	49.960000	-0.001194
	49.980000	-0.001214
	50.000000	-0.001097
