	0.000000	0.109975
	0.020000	0.109865
	0.040000	0.109624
	0.060000	0.109617
	0.080000	0.109526
	0.100000	0.109858
	0.120000	0.109910
	0.140000	0.109708
	0.160000	0.109806
	0.180000	0.109702
	0.200000	0.110041
	0.220000	0.109774
	0.240000	0.109748
	0.260000	0.110002
	0.280000	0.109578
	0.300000	0.109363
	0.320000	0.109311
	0.340000	0.109194
	0.360000	0.108771
	0.380000	0.109923
	0.400000	0.109038
	0.420000	0.108810
	0.440000	0.109077
	0.460000	0.108999
	0.480000	0.108549
	0.500000	0.108927
	0.520000	0.109129
	0.540000	0.109109
	0.560000	0.109448
	0.580000	0.109865
	0.600000	0.109415
	0.620000	0.109461
	0.640000	0.109767
	0.660000	0.109923
	0.680000	0.109643
	0.700000	0.109949
	0.720000	0.109910
	0.740000	0.109721
	0.760000	0.109982
	0.780000	0.110021
	0.800000	0.109891
	0.820000	0.110900
	0.840000	0.157671
	0.860000	0.217818
	0.880000	0.276486
	0.900000	0.334419
	0.920000	0.413321
	0.940000	0.558022
	0.960000	0.709229
	0.980000	0.961870
	1.000000	1.409011
	1.020000	2.367999
	1.040000	2.959086
	1.060000	3.395398
	1.080000	3.712379
	1.100000	3.655424
	1.120000	2.993601
	1.140000	1.979676
	1.160000	1.303377
	1.180000	0.927512
	1.200000	0.708395
	1.220000	0.560972
	1.240000	0.459655
	1.260000	0.394754
	1.280000	0.352256
	1.300000	0.310161
	1.320000	0.264256
	1.340000	0.221178
	1.360000	0.185979
	1.380000	0.159091
	1.400000	0.137613
	1.420000	0.120564
	1.440000	0.106706
	1.460000	0.095238
	1.480000	0.085125
	1.500000	0.074770
	1.520000	0.064872
	1.540000	0.055683
	1.560000	0.047536
	1.580000	0.040692
	1.600000	0.034668
	1.620000	0.028638
	1.640000	0.021852
	1.660000	0.017098
	1.680000	0.014448
	1.700000	0.012729
	1.720000	0.011511
	1.740000	0.010593
	1.760000	0.009727
	1.780000	0.009075
	1.800000	0.008489
	1.820000	0.007903
	1.840000	0.007363
	1.860000	0.006874
	1.880000	0.006483
	1.900000	0.006327
	1.920000	0.006021
	1.940000	0.005650
	1.960000	0.005305
	1.980000	0.004999
	2.000000	0.004979
	2.020000	0.004738
	2.040000	0.004478
	2.060000	0.004549
	2.080000	0.004347
	2.100000	0.004426
	2.120000	0.004146
	2.140000	0.004204
	2.160000	0.004211
	2.180000	0.003976
	2.200000	0.003892
	2.220000	0.003950
	2.240000	0.003950
	2.260000	0.003892
	2.280000	0.003729
	2.300000	0.003527
	2.320000	0.003449
	2.340000	0.003260
	2.360000	0.003169
	2.380000	0.003058
	2.400000	0.002915
	2.420000	0.002693
	2.440000	0.002674
	2.460000	0.002439
	2.480000	0.002270
	2.500000	0.001990
	2.520000	0.001736
	2.540000	0.001534
	2.560000	0.001254
	2.580000	0.000720
	2.600000	8.846468E-5
	2.620000	-0.000647
	2.640000	-0.000960
	2.660000	-0.001325
	2.680000	-0.001162
	2.700000	-0.001123
	2.720000	-0.001266
	2.740000	-0.001071
	2.760000	-0.001110
	2.780000	-0.001019
	2.800000	-0.001175
	2.820000	-0.001331
	2.840000	-0.001175
	2.860000	-0.001260
	2.880000	-0.001090
	2.900000	-0.001220
	2.920000	-0.001220
	2.940000	-0.001305
	2.960000	-0.001168
	2.980000	-0.001175
	3.000000	-0.001175
	3.020000	-0.001110
	3.040000	-0.001038
	3.060000	-0.001077
	3.080000	-0.000953
	3.100000	-0.000967
	3.120000	-0.000862
	3.140000	-0.000856
	3.160000	-0.000673
	3.180000	-0.000693
	3.200000	-0.000810
	3.220000	-0.000602
	3.240000	-0.000563
	3.260000	-0.000152
	3.280000	-0.000283
	3.300000	-1.573066E-5
	3.320000	0.000212
	3.340000	0.000382
	3.360000	0.000772
	3.380000	0.001241
	3.400000	0.001645
	3.420000	0.002433
	3.440000	0.003345
	3.460000	0.004855
	3.480000	0.006952
	3.500000	0.010951
	3.520000	0.016942
	3.540000	0.023676
	3.560000	0.029706
	3.580000	0.034668
	3.600000	0.038738
	3.620000	0.041734
	3.640000	0.044065
	3.660000	0.045928
	3.680000	0.047074
	3.700000	0.047803
	3.720000	0.048852
	3.740000	0.049666
	3.760000	0.049972
	3.780000	0.050734
	3.800000	0.051867
	3.820000	0.053319
	3.840000	0.054381
	3.860000	0.054374
	3.880000	0.054439
	3.900000	0.054980
	3.920000	0.055364
	3.940000	0.056302
	3.960000	0.056230
	3.980000	0.056426
	4.000000	0.056400
	4.020000	0.056256
	4.040000	0.056087
	4.060000	0.056087
	4.080000	0.056256
	4.100000	0.056647
	4.120000	0.056914
	4.140000	0.056986
	4.160000	0.056790
	4.180000	0.056282
	4.200000	0.054850
	4.220000	0.053671
	4.240000	0.053098
	4.260000	0.052401
	4.280000	0.050884
	4.300000	0.049523
	4.320000	0.048630
	4.340000	0.048344
	4.360000	0.047999
	4.380000	0.046104
	4.400000	0.043616
	4.420000	0.041441
	4.440000	0.039364
	4.460000	0.037872
	4.480000	0.034909
	4.500000	0.031634
	4.520000	0.028736
	4.540000	0.024425
	4.560000	0.018381
	4.580000	0.006757
	4.600000	0.001033
	4.620000	-0.000537
	4.640000	-0.001097
	4.660000	-0.001299
	4.680000	-0.001566
	4.700000	-0.001474
	4.720000	-0.001390
	4.740000	-0.001357
	4.760000	-0.001546
	4.780000	-0.001553
	4.800000	-0.001474
	4.820000	-0.001344
	4.840000	-0.001344
	4.860000	-0.001540
	4.880000	-0.001520
	4.900000	-0.001448
	4.920000	-0.001487
	4.940000	-0.001422
	4.960000	-0.001501
	4.980000	-0.001487
	5.000000	-0.001487
	5.020000	-0.001442
	5.040000	-0.001683
	5.060000	-0.001566
	5.080000	-0.001527
	5.100000	-0.001448
	5.120000	-0.001670
	5.140000	-0.001520
	5.160000	-0.001566
	5.180000	-0.001605
	5.200000	-0.001533
	5.220000	-0.001540
	5.240000	-0.001481
	5.260000	-0.001514
	5.280000	-0.001631
	5.300000	-0.001631
	5.320000	-0.001461
	5.340000	-0.001579
	5.360000	-0.001598
	5.380000	-0.001455
	5.400000	-0.001494
	5.420000	-0.001611
	5.440000	-0.001553
	5.460000	-0.001501
	5.480000	-0.001435
	5.500000	-0.001487
	5.520000	-0.001325
	5.540000	-0.001494
	5.560000	-0.001344
	5.580000	-0.001403
	5.600000	-0.001409
	5.620000	-0.001442
	5.640000	-0.001461
	5.660000	-0.001605
	5.680000	-0.001331
	5.700000	-0.001481
	5.720000	-0.001448
	5.740000	-0.001214
	5.760000	-0.001501
	5.780000	-0.001396
	5.800000	-0.001214
	5.820000	-0.001312
	5.840000	-0.001260
	5.860000	-0.001077
	5.880000	-0.001129
	5.900000	-0.001227
	5.920000	-0.001168
	5.940000	-0.001364
	5.960000	-0.001507
	5.980000	-0.001305
	6.000000	-0.001357
	6.020000	-0.001214
	6.040000	-0.001227
	6.060000	-0.001234
	6.080000	-0.001318
	6.100000	-0.001240
	6.120000	-0.001299
	6.140000	-0.001260
	6.160000	-0.001273
	6.180000	-0.001409
	6.200000	-0.001331
	6.220000	-0.001240
	6.240000	-0.001429
	6.260000	-0.001390
	6.280000	-0.001234
	6.300000	-0.001312
	6.320000	-0.001123
	6.340000	-0.001253
	6.360000	-0.001155
	6.380000	-0.000921
	6.400000	-0.001058
	6.420000	-0.001110
	6.440000	-0.000830
	6.460000	-0.000732
	6.480000	-0.000589
	6.500000	-0.000257
	6.520000	0.000342
	6.540000	0.000662
	6.560000	0.001078
	6.580000	0.001469
	6.600000	0.001534
	6.620000	0.001847
	6.640000	0.002316
	6.660000	0.002472
	6.680000	0.002628
	6.700000	0.002947
	6.720000	0.003221
	6.740000	0.003520
	6.760000	0.003664
	6.780000	0.003937
	6.800000	0.004022
	6.820000	0.003885
	6.840000	0.003853
	6.860000	0.003892
	6.880000	0.003735
	6.900000	0.003781
	6.920000	0.003690
	6.940000	0.003546
	6.960000	0.003872
	6.980000	0.003690
	7.000000	0.003742
	7.020000	0.003787
	7.040000	0.004061
	7.060000	0.004093
	7.080000	0.004093
	7.100000	0.004022
	7.120000	0.003866
	7.140000	0.003813
	7.160000	0.003618
	7.180000	0.003488
	7.200000	0.003527
	7.220000	0.003586
	7.240000	0.003638
	7.260000	0.003664
	7.280000	0.003514
	7.300000	0.003403
	7.320000	0.003032
	7.340000	0.002876
	7.360000	0.002641
	7.380000	0.002368
	7.400000	0.002557
	7.420000	0.002563
	7.440000	0.002680
	7.460000	0.002439
	7.480000	0.001821
	7.500000	0.001970
	7.520000	0.001860
	7.540000	0.001254
	7.560000	0.000531
	7.580000	0.000225
	7.600000	0.000212
	7.620000	0.000193
	7.640000	0.000316
	7.660000	0.000297
	7.680000	0.000388
	7.700000	0.000590
	7.720000	0.000551
	7.740000	0.000850
	7.760000	0.000818
	7.780000	0.000909
	7.800000	0.000863
	7.820000	0.000772
	7.840000	0.000746
	7.860000	0.000746
	7.880000	0.000792
	7.900000	0.000766
	7.920000	0.000831
	7.940000	0.000883
	7.960000	0.000909
	7.980000	0.000942
	8.000000	0.000955
	8.020000	0.001059
	8.040000	0.001007
	8.060000	0.001072
	8.080000	0.000850
	8.100000	0.000968
	8.120000	0.000837
	8.140000	0.000870
	8.160000	0.000733
	8.180000	0.000649
	8.200000	0.000870
	8.220000	0.000779
	8.240000	0.000590
	8.260000	0.000570
	8.280000	0.000662
	8.300000	0.000596
	8.320000	0.000316
	8.340000	0.000355
	8.360000	0.000115
	8.380000	1.031817E-5
	8.400000	7.544026E-5
	8.420000	0.000225
	8.440000	6.892805E-5
	8.460000	-3.526728E-5
	8.480000	-0.000250
	8.500000	-0.000478
	8.520000	-0.000478
	8.540000	-0.000973
	8.560000	-0.001188
	8.580000	-0.001501
	8.600000	-0.001396
	8.620000	-0.001390
	8.640000	-0.001383
	8.660000	-0.001507
	8.680000	-0.001422
	8.700000	-0.001644
	8.720000	-0.001468
	8.740000	-0.001579
	8.760000	-0.001527
	8.780000	-0.001461
	8.800000	-0.001390
	8.820000	-0.001592
	8.840000	-0.001527
	8.860000	-0.001637
	8.880000	-0.001722
	8.900000	-0.001487
	8.920000	-0.001618
	8.940000	-0.001514
	8.960000	-0.001455
	8.980000	-0.001540
	9.000000	-0.001494
	9.020000	-0.001442
	9.040000	-0.001442
	9.060000	-0.001207
	9.080000	-0.001553
	9.100000	-0.001422
	9.120000	-0.001396
	9.140000	-0.001468
	9.160000	-0.001331
	9.180000	-0.001553
	9.200000	-0.001520
	9.220000	-0.001572
	9.240000	-0.001442
	9.260000	-0.001351
	9.280000	-0.001435
	9.300000	-0.001631
	9.320000	-0.001461
	9.340000	-0.001435
	9.360000	-0.001540
	9.380000	-0.001670
	9.400000	-0.001579
	9.420000	-0.001663
	9.440000	-0.001351
	9.460000	-0.001572
	9.480000	-0.001559
	9.500000	-0.001455
	9.520000	-0.001429
	9.540000	-0.001559
	9.560000	-0.001468
	9.580000	-0.001331
	9.600000	-0.001448
	9.620000	-0.001520
	9.640000	-0.001370
	9.660000	-0.001540
	9.680000	-0.001553
	9.700000	-0.001416
	9.720000	-0.001448
	9.740000	-0.001448
	9.760000	-0.001598
	9.780000	-0.001520
	9.800000	-0.001481
	9.820000	-0.001585
	9.840000	-0.001409
	9.860000	-0.001611
	9.880000	-0.001527
	9.900000	-0.001461
	9.920000	-0.001448
	9.940000	-0.001741
	9.960000	-0.001546
	9.980000	-0.001618
	10.000000	-0.001514
	10.020000	-0.001494
	10.040000	-0.001559
	10.060000	-0.001579
	10.080000	-0.001396
	10.100000	-0.001416
	10.120000	-0.001533
	10.140000	-0.001507
	10.160000	-0.001409
	10.180000	-0.001409
	10.200000	-0.001448
	10.220000	-0.001442
	10.240000	-0.001357
	10.260000	-0.001533
	10.280000	-0.001481
	10.300000	-0.001487
	10.320000	-0.001546
	10.340000	-0.001474
	10.360000	-0.001527
	10.380000	-0.001566
	10.400000	-0.001598
	10.420000	-0.001507
	10.440000	-0.001429
	10.460000	-0.001605
	10.480000	-0.001644
	10.500000	-0.001487
	10.520000	-0.001572
	10.540000	-0.001631
	10.560000	-0.001468
	10.580000	-0.001487
	10.600000	-0.001442
	10.620000	-0.001442
	10.640000	-0.001572
	10.660000	-0.001520
	10.680000	-0.001481
	10.700000	-0.001468
	10.720000	-0.001468
	10.740000	-0.001370
	10.760000	-0.001501
	10.780000	-0.001338
	10.800000	-0.001409
	10.820000	-0.001501
	10.840000	-0.001455
	10.860000	-0.001403
	10.880000	-0.001533
	10.900000	-0.001572
	10.920000	-0.001487
	10.940000	-0.001442
	10.960000	-0.001396
	10.980000	-0.001487
	11.000000	-0.001435
	11.020000	-0.001312
	11.040000	-0.001168
	11.060000	-0.001455
	11.080000	-0.001188
	11.100000	-0.001227
	11.120000	-0.001247
	11.140000	-0.001240
	11.160000	-0.001136
	11.180000	-0.000914
	11.200000	-0.000960
	11.220000	-0.000752
	11.240000	-0.000543
	11.260000	-0.000400
	11.280000	-2.875508E-5
	11.300000	0.000232
	11.320000	0.000857
	11.340000	0.001482
	11.360000	0.002550
	11.380000	0.004445
	11.400000	0.007245
	11.420000	0.011869
	11.440000	0.016857
	11.460000	0.021318
	11.480000	0.024946
	11.500000	0.028644
	11.520000	0.032298
	11.540000	0.035710
	11.560000	0.039044
	11.580000	0.041799
	11.600000	0.044417
	11.620000	0.046892
	11.640000	0.049184
	11.660000	0.051235
	11.680000	0.053111
	11.700000	0.054973
	11.720000	0.056276
	11.740000	0.057422
	11.760000	0.058145
	11.780000	0.058282
	11.800000	0.058607
	11.820000	0.058711
	11.840000	0.058920
	11.860000	0.059004
	11.880000	0.059389
	11.900000	0.059695
	11.920000	0.060046
	11.940000	0.060587
	11.960000	0.061043
	11.980000	0.061661
	12.000000	0.061902
	12.020000	0.061980
	12.040000	0.061948
	12.060000	0.061883
	12.080000	0.061017
	12.100000	0.059558
	12.120000	0.058184
	12.140000	0.057025
	12.160000	0.055937
	12.180000	0.055130
	12.200000	0.055091
	12.220000	0.054615
	12.240000	0.054257
	12.260000	0.053840
	12.280000	0.052434
	12.300000	0.049640
	12.320000	0.046299
	12.340000	0.043186
	12.360000	0.041115
	12.380000	0.041239
	12.400000	0.040894
	12.420000	0.037905
	12.440000	0.032754
	12.460000	0.028768
	12.480000	0.026235
	12.500000	0.022601
	12.520000	0.013855
	12.540000	0.004256
	12.560000	0.000779
	12.580000	-0.000107
	12.600000	-0.000315
	12.620000	-0.000511
	12.640000	-0.000582
	12.660000	-0.000387
	12.680000	-0.000608
	12.700000	-0.000446
	12.720000	-0.000328
	12.740000	-0.000367
	12.760000	-0.000302
	12.780000	-0.000237
	12.800000	-0.000237
	12.820000	-0.000198
	12.840000	-5.480391E-5
	12.860000	0.000115
	12.880000	2.334259E-5
	12.900000	0.000232
	12.920000	0.000408
	12.940000	0.000473
	12.960000	0.000662
	12.980000	0.000902
	13.000000	0.001150
	13.020000	0.001450
	13.040000	0.001703
	13.060000	0.002101
	13.080000	0.002387
	13.100000	0.002830
	13.120000	0.003507
	13.140000	0.004302
	13.160000	0.005331
	13.180000	0.006614
	13.200000	0.008313
	13.220000	0.010541
	13.240000	0.013549
	13.260000	0.017613
	13.280000	0.023168
	13.300000	0.030585
	13.320000	0.040725
	13.340000	0.057344
	13.360000	0.083666
	13.380000	0.125221
	13.400000	0.177396
	13.420000	0.229637
	13.440000	0.275959
	13.460000	0.319988
	13.480000	0.363437
	13.500000	0.402406
	13.520000	0.438269
	13.540000	0.471442
	13.560000	0.503111
	13.580000	0.535053
	13.600000	0.567100
	13.620000	0.597173
	13.640000	0.621894
	13.660000	0.643853
	13.680000	0.667251
	13.700000	0.686163
	13.720000	0.700594
	13.740000	0.710062
	13.760000	0.715220
	13.780000	0.720039
	13.800000	0.726096
	13.820000	0.731383
	13.840000	0.735708
	13.860000	0.740448
	13.880000	0.745925
	13.900000	0.752379
	13.920000	0.760089
	13.940000	0.769460
	13.960000	0.775328
	13.980000	0.778701
	14.000000	0.780485
	14.020000	0.781723
	14.040000	0.779776
	14.060000	0.771043
	14.080000	0.757185
	14.100000	0.742383
	14.120000	0.728700
	14.140000	0.716620
	14.160000	0.709418
	14.180000	0.705374
	14.200000	0.701050
	14.220000	0.697292
	14.240000	0.690539
	14.260000	0.675756
	14.280000	0.648503
	14.300000	0.610738
	14.320000	0.569158
	14.340000	0.536532
	14.360000	0.526190
	14.380000	0.532364
	14.400000	0.512795
	14.420000	0.461120
	14.440000	0.399743
	14.460000	0.356788
	14.480000	0.320932
	14.500000	0.259821
	14.520000	0.136285
	14.540000	0.046989
	14.560000	0.017463
	14.580000	0.008984
	14.600000	0.005930
	14.620000	0.004406
	14.640000	0.003742
	14.660000	0.003279
	14.680000	0.003032
	14.700000	0.003025
	14.720000	0.002934
	14.740000	0.002856
	14.760000	0.002752
	14.780000	0.002830
	14.800000	0.002726
	14.820000	0.002674
	14.840000	0.002739
	14.860000	0.002648
	14.880000	0.002824
	14.900000	0.002765
	14.920000	0.002850
	14.940000	0.002999
	14.960000	0.002980
	14.980000	0.002758
	15.000000	0.002745
	15.020000	0.002824
	15.040000	0.002661
	15.060000	0.002856
	15.080000	0.003136
	15.100000	0.003312
	15.120000	0.003709
	15.140000	0.004289
	15.160000	0.005168
	15.180000	0.006112
	15.200000	0.007213
	15.220000	0.009147
	15.240000	0.011348
	15.260000	0.014754
	15.280000	0.019462
	15.300000	0.026717
	15.320000	0.038556
	15.340000	0.055599
	15.360000	0.077414
	15.380000	0.100982
	15.400000	0.122101
	15.420000	0.142139
	15.440000	0.161708
	15.460000	0.181421
	15.480000	0.199414
	15.500000	0.215617
	15.520000	0.229748
	15.540000	0.244231
	15.560000	0.258714
	15.580000	0.272331
	15.600000	0.285727
	15.620000	0.298263
	15.640000	0.309236
	15.660000	0.319708
	15.680000	0.328616
	15.700000	0.335142
	15.720000	0.339049
	15.740000	0.342826
	15.760000	0.346987
	15.780000	0.350322
	15.800000	0.352881
	15.820000	0.354906
	15.840000	0.356443
	15.860000	0.359165
	15.880000	0.361920
	15.900000	0.365033
	15.920000	0.368634
	15.940000	0.371597
	15.960000	0.373258
	15.980000	0.373674
	16.000000	0.375263
	16.020000	0.374879
	16.040000	0.370705
	16.060000	0.364779
	16.080000	0.357583
	16.100000	0.349644
	16.120000	0.342741
	16.140000	0.338854
	16.160000	0.336945
	16.180000	0.336138
	16.200000	0.334985
	16.220000	0.331872
	16.240000	0.325614
	16.260000	0.313189
	16.280000	0.294707
	16.300000	0.273334
	16.320000	0.256201
	16.340000	0.253264
	16.360000	0.258011
	16.380000	0.252183
	16.400000	0.229891
	16.420000	0.201615
	16.440000	0.180021
	16.460000	0.163226
	16.480000	0.137698
	16.500000	0.085216
	16.520000	0.041975
	16.540000	0.024405
	16.560000	0.019723
	16.580000	0.018720
	16.600000	0.018433
	16.620000	0.018635
	16.640000	0.019078
	16.660000	0.019593
	16.680000	0.020218
	16.700000	0.020530
	16.720000	0.020999
	16.740000	0.021416
	16.760000	0.021729
	16.780000	0.022139
	16.800000	0.022373
	16.820000	0.022757
	16.840000	0.022849
	16.860000	0.022881
	16.880000	0.023291
	16.900000	0.023324
	16.920000	0.023422
	16.940000	0.023252
	16.960000	0.023285
	16.980000	0.023467
	17.000000	0.023350
	17.020000	0.023552
	17.040000	0.023337
	17.060000	0.023337
	17.080000	0.023148
	17.100000	0.022797
	17.120000	0.022419
	17.140000	0.022126
	17.160000	0.021872
	17.180000	0.022080
	17.200000	0.021937
	17.220000	0.022210
	17.240000	0.022588
	17.260000	0.023226
	17.280000	0.023754
	17.300000	0.024496
	17.320000	0.027375
	17.340000	0.031673
	17.360000	0.036466
	17.380000	0.040510
	17.400000	0.043896
	17.420000	0.046905
	17.440000	0.049933
	17.460000	0.052805
	17.480000	0.055091
	17.500000	0.055690
	17.520000	0.056009
	17.540000	0.057761
	17.560000	0.060593
	17.580000	0.063648
	17.600000	0.066389
	17.620000	0.068812
	17.640000	0.071299
	17.660000	0.073611
	17.680000	0.075897
	17.700000	0.077890
	17.720000	0.079414
	17.740000	0.080560
	17.760000	0.081830
	17.780000	0.083210
	17.800000	0.084168
	17.820000	0.085372
	17.840000	0.086056
	17.860000	0.086740
	17.880000	0.087534
	17.900000	0.087840
	17.920000	0.087958
	17.940000	0.087840
	17.960000	0.087652
	17.980000	0.087333
	18.000000	0.087736
	18.020000	0.088042
	18.040000	0.088094
	18.060000	0.087964
	18.080000	0.087131
	18.100000	0.085555
	18.120000	0.083894
	18.140000	0.082709
	18.160000	0.081419
	18.180000	0.080514
	18.200000	0.079401
	18.220000	0.078287
	18.240000	0.077525
	18.260000	0.076223
	18.280000	0.073527
	18.300000	0.068512
	18.320000	0.063140
	18.340000	0.059630
	18.360000	0.059545
	18.380000	0.058444
	18.400000	0.054075
	18.420000	0.048409
	18.440000	0.043147
	18.460000	0.037084
	18.480000	0.030494
	18.500000	0.020439
	18.520000	0.007669
	18.540000	0.001873
	18.560000	-0.000283
	18.580000	-0.000778
	18.600000	-0.001032
	18.620000	-0.001045
	18.640000	-0.001097
	18.660000	-0.001090
	18.680000	-0.001012
	18.700000	-0.001142
	18.720000	-0.001149
	18.740000	-0.001181
	18.760000	-0.001266
	18.780000	-0.001220
	18.800000	-0.001220
	18.820000	-0.001149
	18.840000	-0.001051
	18.860000	-0.001305
	18.880000	-0.001357
	18.900000	-0.001175
	18.920000	-0.001077
	18.940000	-0.001058
	18.960000	-0.001110
	18.980000	-0.001279
	19.000000	-0.001045
	19.020000	-0.000888
	19.040000	-0.000589
	19.060000	-0.000621
	19.080000	-0.000485
	19.100000	-8.736495E-5
	19.120000	1.683038E-5
	19.140000	0.000525
	19.160000	0.000916
	19.180000	0.001450
	19.200000	0.002550
	19.220000	0.003963
	19.240000	0.006425
	19.260000	0.010391
	19.280000	0.016076
	19.300000	0.021650
	19.320000	0.027023
	19.340000	0.032063
	19.360000	0.036928
	19.380000	0.041806
	19.400000	0.046612
	19.420000	0.051177
	19.440000	0.055683
	19.460000	0.059812
	19.480000	0.063843
	19.500000	0.067802
	19.520000	0.071326
	19.540000	0.074543
	19.560000	0.077538
	19.580000	0.080293
	19.600000	0.083406
	19.620000	0.086662
	19.640000	0.089071
	19.660000	0.091754
	19.680000	0.093955
	19.700000	0.095343
	19.720000	0.096879
	19.740000	0.098468
	19.760000	0.099198
	19.780000	0.100487
	19.800000	0.101295
	19.820000	0.102389
	19.840000	0.103066
	19.860000	0.103841
	19.880000	0.103939
	19.900000	0.104030
	19.920000	0.103613
	19.940000	0.102695
	19.960000	0.102363
	19.980000	0.102871
	20.000000	0.103561
	20.020000	0.103548
	20.040000	0.102695
	20.060000	0.101334
	20.080000	0.099575
	20.100000	0.097772
	20.120000	0.096482
	20.140000	0.095277
	20.160000	0.094581
	20.180000	0.093467
	20.200000	0.092549
	20.220000	0.090758
	20.240000	0.087118
	20.260000	0.081778
	20.280000	0.075734
	20.300000	0.071977
	20.320000	0.071671
	20.340000	0.069502
	20.360000	0.064488
	20.380000	0.058366
	20.400000	0.052525
	20.420000	0.045622
	20.440000	0.038126
	20.460000	0.028697
	20.480000	0.012664
	20.500000	0.003455
	20.520000	8.846468E-5
	20.540000	-0.000830
	20.560000	-0.001123
	20.580000	-0.001194
	20.600000	-0.001207
	20.620000	-0.001455
	20.640000	-0.001286
	20.660000	-0.001325
	20.680000	-0.001318
	20.700000	-0.001377
	20.720000	-0.001292
	20.740000	-0.001383
	20.760000	-0.001331
	20.780000	-0.001279
	20.800000	-0.001455
	20.820000	-0.001468
	20.840000	-0.001487
	20.860000	-0.001598
	20.880000	-0.001318
	20.900000	-0.001305
	20.920000	-0.001494
	20.940000	-0.001533
	20.960000	-0.001507
	20.980000	-0.001435
	21.000000	-0.001338
	21.020000	-0.001494
	21.040000	-0.001273
	21.060000	-0.001487
	21.080000	-0.001487
	21.100000	-0.001325
	21.120000	-0.001292
	21.140000	-0.001234
	21.160000	-0.001220
	21.180000	-0.001032
	21.200000	-0.000895
	21.220000	-0.000693
	21.240000	-0.000289
	21.260000	0.000134
	21.280000	0.000902
	21.300000	0.001619
	21.320000	0.001951
	21.340000	0.002557
	21.360000	0.003071
	21.380000	0.003579
	21.400000	0.003996
	21.420000	0.004491
	21.440000	0.005031
	21.460000	0.005500
	21.480000	0.005982
	21.500000	0.006203
	21.520000	0.006601
	21.540000	0.006855
	21.560000	0.007030
	21.580000	0.007571
	21.600000	0.007845
	21.620000	0.008151
	21.640000	0.008411
	21.660000	0.008893
	21.680000	0.009303
	21.700000	0.009349
	21.720000	0.009746
	21.740000	0.009798
	21.760000	0.009896
	21.780000	0.010046
	21.800000	0.010033
	21.820000	0.010195
	21.840000	0.010436
	21.860000	0.010495
	21.880000	0.010521
	21.900000	0.010391
	21.920000	0.010462
	21.940000	0.010378
	21.960000	0.010248
	21.980000	0.010261
	22.000000	0.010345
	22.020000	0.010378
	22.040000	0.010417
	22.060000	0.010254
	22.080000	0.009967
	22.100000	0.009727
	22.120000	0.009486
	22.140000	0.009440
	22.160000	0.009264
	22.180000	0.009336
	22.200000	0.009186
	22.220000	0.009127
	22.240000	0.008711
	22.260000	0.008261
	22.280000	0.007532
	22.300000	0.007180
	22.320000	0.006972
	22.340000	0.006926
	22.360000	0.006418
	22.380000	0.005689
	22.400000	0.005025
	22.420000	0.004308
	22.440000	0.003377
	22.460000	0.002576
	22.480000	0.001202
	22.500000	-0.000348
	22.520000	-0.001103
	22.540000	-0.001162
	22.560000	-0.001240
	22.580000	-0.001383
	22.600000	-0.001390
	22.620000	-0.001273
	22.640000	-0.001123
	22.660000	-0.001260
	22.680000	-0.001253
	22.700000	-0.001390
	22.720000	-0.001344
	22.740000	-0.001149
	22.760000	-0.001325
	22.780000	-0.001227
	22.800000	-0.001175
	22.820000	-0.001448
	22.840000	-0.001227
	22.860000	-0.001273
	22.880000	-0.001429
	22.900000	-0.001253
	22.920000	-0.001266
	22.940000	-0.001260
	22.960000	-0.001331
	22.980000	-0.001331
	23.000000	-0.001435
	23.020000	-0.001448
	23.040000	-0.001448
	23.060000	-0.001370
	23.080000	-0.001435
	23.100000	-0.001422
	23.120000	-0.001429
	23.140000	-0.001520
	23.160000	-0.001286
	23.180000	-0.001507
	23.200000	-0.001494
	23.220000	-0.001377
	23.240000	-0.001286
	23.260000	-0.001364
	23.280000	-0.001546
	23.300000	-0.001331
	23.320000	-0.001253
	23.340000	-0.001331
	23.360000	-0.001234
	23.380000	-0.001279
	23.400000	-0.001364
	23.420000	-0.001370
	23.440000	-0.001331
	23.460000	-0.001461
	23.480000	-0.001188
	23.500000	-0.001377
	23.520000	-0.001292
	23.540000	-0.001442
	23.560000	-0.001487
	23.580000	-0.001331
	23.600000	-0.001487
	23.620000	-0.001396
	23.640000	-0.001416
	23.660000	-0.001364
	23.680000	-0.001351
	23.700000	-0.001429
	23.720000	-0.001344
	23.740000	-0.001351
	23.760000	-0.001312
	23.780000	-0.001468
	23.800000	-0.001247
	23.820000	-0.001116
	23.840000	-0.001338
	23.860000	-0.001312
	23.880000	-0.001351
	23.900000	-0.001299
	23.920000	-0.001364
	23.940000	-0.001305
	23.960000	-0.001370
	23.980000	-0.001149
	24.000000	-0.001240
	24.020000	-0.001312
	24.040000	-0.001364
	24.060000	-0.001409
	24.080000	-0.001448
	24.100000	-0.001422
	24.120000	-0.001377
	24.140000	-0.001357
	24.160000	-0.001455
	24.180000	-0.001448
	24.200000	-0.001383
	24.220000	-0.001520
	24.240000	-0.001390
	24.260000	-0.001422
	24.280000	-0.001546
	24.300000	-0.001448
	24.320000	-0.001286
	24.340000	-0.001351
	24.360000	-0.001364
	24.380000	-0.001318
	24.400000	-0.001318
	24.420000	-0.001279
	24.440000	-0.001220
	24.460000	-0.001351
	24.480000	-0.001188
	24.500000	-0.001331
	24.520000	-0.001318
	24.540000	-0.001286
	24.560000	-0.001234
	24.580000	-0.001383
	24.600000	-0.001403
	24.620000	-0.001247
	24.640000	-0.001403
	24.660000	-0.001214
	24.680000	-0.001260
	24.700000	-0.001305
	24.720000	-0.001429
	24.740000	-0.001227
	24.760000	-0.001286
	24.780000	-0.001461
	24.800000	-0.001357
	24.820000	-0.001234
	24.840000	-0.001344
	24.860000	-0.001286
	24.880000	-0.001266
	24.900000	-0.001149
	24.920000	-0.001149
	24.940000	-0.001181
	24.960000	-0.001227
	24.980000	-0.001097
	25.000000	-0.001168
	25.020000	-0.001240
	25.040000	-0.001260
	25.060000	-0.001123
	25.080000	-0.001377
	25.100000	-0.001240
	25.120000	-0.001266
	25.140000	-0.001292
	25.160000	-0.001234
	25.180000	-0.001266
	25.200000	-0.001194
	25.220000	-0.001273
	25.240000	-0.001344
	25.260000	-0.001266
	25.280000	-0.001194
	25.300000	-0.001038
	25.320000	-0.001123
	25.340000	-0.000895
	25.360000	-0.001012
	25.380000	-0.000856
	25.400000	-0.000986
	25.420000	-0.000862
	25.440000	-0.000908
	25.460000	-0.000673
	25.480000	-0.000693
	25.500000	-0.000862
	25.520000	-0.000765
	25.540000	-0.000869
	25.560000	-0.000667
	25.580000	-0.000719
	25.600000	-0.000524
	25.620000	-0.000647
	25.640000	-0.000641
	25.660000	-0.000654
	25.680000	-0.000537
	25.700000	-0.000582
	25.720000	-0.000543
	25.740000	-0.000771
	25.760000	-0.000758
	25.780000	-0.000641
	25.800000	-0.000576
	25.820000	-0.000589
	25.840000	-0.000556
	25.860000	-0.000550
	25.880000	-0.000530
	25.900000	-0.000472
	25.920000	-0.000556
	25.940000	-0.000602
	25.960000	-0.000478
	25.980000	-0.000498
	26.000000	-0.000367
	26.020000	-0.000361
	26.040000	-0.000231
	26.060000	-0.000491
	26.080000	-0.000159
	26.100000	-0.000341
	26.120000	-0.000406
	26.140000	-0.000498
	26.160000	-0.000211
	26.180000	-0.000367
	26.200000	-0.000315
	26.220000	-0.000361
	26.240000	-0.000159
	26.260000	-0.000159
	26.280000	-0.000172
	26.300000	-6.782833E-5
	26.320000	-2.224287E-5
	26.340000	0.000115
	26.360000	0.000225
	26.380000	0.000342
	26.400000	0.000382
	26.420000	0.000479
	26.440000	0.000681
	26.460000	0.000662
	26.480000	0.000688
	26.500000	0.000876
	26.520000	0.000916
	26.540000	0.001013
	26.560000	0.001280
	26.580000	0.001521
	26.600000	0.001756
	26.620000	0.002127
	26.640000	0.002198
	26.660000	0.002576
	26.680000	0.002986
	26.700000	0.003403
	26.720000	0.003905
	26.740000	0.004484
	26.760000	0.005135
	26.780000	0.005702
	26.800000	0.006685
	26.820000	0.007610
	26.840000	0.008932
	26.860000	0.010528
	26.880000	0.012423
	26.900000	0.014760
	26.920000	0.017372
	26.940000	0.020387
	26.960000	0.023988
	26.980000	0.028781
	27.000000	0.034740
	27.020000	0.042392
	27.040000	0.052844
	27.060000	0.066096
	27.080000	0.084265
	27.100000	0.108745
	27.120000	0.141534
	27.140000	0.189932
	27.160000	0.265604
	27.180000	0.390385
	27.200000	0.600664
	27.220000	0.869898
	27.240000	1.129130
	27.260000	1.366786
	27.280000	1.582301
	27.300000	1.780448
	27.320000	1.992355
	27.340000	2.211107
	27.360000	2.436592
	27.380000	2.661394
	27.400000	2.888214
	27.420000	3.111531
	27.440000	3.333284
	27.460000	3.543446
	27.480000	3.755796
	27.500000	3.970269
	27.520000	4.187308
	27.540000	4.397705
	27.560000	4.606108
	27.580000	4.817768
	27.600000	5.021522
	27.620000	5.206990
	27.640000	5.377382
	27.660000	5.550060
	27.680000	5.692384
	27.700000	5.820075
	27.720000	5.929454
	27.740000	6.011710
	27.760000	6.083481
	27.780000	6.137064
	27.800000	6.192378
	27.820000	6.248618
	27.840000	6.306661
	27.860000	6.361898
	27.880000	6.400450
	27.900000	6.413520
	27.920000	6.414353
	27.940000	6.394224
	27.960000	6.378126
	27.980000	6.397057
	28.000000	6.445521
	28.020000	6.468281
	28.040000	6.438188
	28.060000	6.365876
	28.080000	6.272250
	28.100000	6.165001
	28.120000	6.087375
	28.140000	6.017200
	28.160000	5.948450
	28.180000	5.856485
	28.200000	5.760586
	28.220000	5.662011
	28.240000	5.477709
	28.260000	5.172618
	28.280000	4.794676
	28.300000	4.514801
	28.320000	4.401072
	28.340000	4.304808
	28.360000	3.964408
	28.380000	3.567177
	28.400000	3.181569
	28.420000	2.771919
	28.440000	2.150693
	28.460000	1.779295
	28.480000	1.281320
	28.500000	0.630164
	28.520000	0.259203
	28.540000	0.120734
	28.560000	0.068805
	28.580000	0.053007
	28.600000	0.047641
	28.620000	0.045335
	28.640000	0.044319
	28.660000	0.043877
	28.680000	0.043903
	28.700000	0.044078
	28.720000	0.044358
	28.740000	0.044606
	28.760000	0.044945
	28.780000	0.045218
	28.800000	0.045563
	28.820000	0.045928
	28.840000	0.046280
	28.860000	0.046423
	28.880000	0.046416
	28.900000	0.046436
	28.920000	0.046455
	28.940000	0.046586
	28.960000	0.046703
	28.980000	0.046950
	29.000000	0.047094
	29.020000	0.046931
	29.040000	0.046547
	29.060000	0.045843
	29.080000	0.045159
	29.100000	0.044547
	29.120000	0.044052
	29.140000	0.043557
	29.160000	0.042717
	29.180000	0.042079
	29.200000	0.041474
	29.220000	0.040243
	29.240000	0.038745
	29.260000	0.036036
	29.280000	0.033574
	29.300000	0.032076
	29.320000	0.031529
	29.340000	0.030110
	29.360000	0.027342
	29.380000	0.024770
	29.400000	0.022009
	29.420000	0.018700
	29.440000	0.014389
	29.460000	0.011661
	29.480000	0.007591
	29.500000	0.003201
	29.520000	0.000974
	29.540000	0.000141
	29.560000	-0.000211
	29.580000	-0.000211
	29.600000	-0.000231
	29.620000	-0.000361
	29.640000	-0.000166
	29.660000	-0.000335
	29.680000	-0.000198
	29.700000	-0.000139
	29.720000	3.805966E-6
	29.740000	-0.000120
	29.760000	-6.131612E-5
	29.780000	-0.000139
	29.800000	-6.782833E-5
	29.820000	1.683038E-5
	29.840000	7.544026E-5
	29.860000	1.683038E-5
	29.880000	-0.000172
	29.900000	4.939143E-5
	29.920000	-0.000192
	29.940000	-4.829170E-5
	29.960000	-8.085274E-5
	29.980000	-8.085274E-5
	30.000000	-0.000139
	30.020000	-7.434054E-5
	30.040000	5.590363E-5
	30.060000	-7.434054E-5
	30.080000	-6.131612E-5
	30.100000	-5.480391E-5
	30.120000	-0.000113
	30.140000	-0.000113
	30.160000	-8.085274E-5
	30.180000	-6.131612E-5
	30.200000	-1.573066E-5
	30.220000	-0.000211
	30.240000	-0.000341
	30.260000	-0.000172
	30.280000	-0.000250
	30.300000	-0.000328
	30.320000	-0.000367
	30.340000	-0.000309
	30.360000	-0.000374
	30.380000	-0.000537
	30.400000	-0.000563
	30.420000	-0.000647
	30.440000	-0.000713
	30.460000	-0.000719
	30.480000	-0.000999
	30.500000	-0.000960
	30.520000	-0.001025
	30.540000	-0.001090
	30.560000	-0.001012
	30.580000	-0.000843
	30.600000	-0.000921
	30.620000	-0.000758
	30.640000	-0.000719
	30.660000	-0.000830
	30.680000	-0.000478
	30.700000	-0.000406
	30.720000	-0.000166
	30.740000	-0.000198
	30.760000	0.000277
	30.780000	0.000538
	30.800000	0.000929
	30.820000	0.001202
	30.840000	0.001534
	30.860000	0.002068
	30.880000	0.002856
	30.900000	0.003507
	30.920000	0.004302
	30.940000	0.005741
	30.960000	0.007122
	30.980000	0.008847
	31.000000	0.011049
	31.020000	0.014096
	31.040000	0.018466
	31.060000	0.024366
	31.080000	0.032890
	31.100000	0.045231
	31.120000	0.064650
	31.140000	0.095922
	31.160000	0.144158
	31.180000	0.201973
	31.200000	0.255810
	31.220000	0.304196
	31.240000	0.348804
	31.260000	0.392475
	31.280000	0.438184
	31.300000	0.486036
	31.320000	0.532644
	31.340000	0.577487
	31.360000	0.625202
	31.380000	0.675124
	31.400000	0.724754
	31.420000	0.775093
	31.440000	0.825224
	31.460000	0.876625
	31.480000	0.926535
	31.500000	0.974849
	31.520000	1.023482
	31.540000	1.073600
	31.560000	1.123197
	31.580000	1.169538
	31.600000	1.217181
	31.620000	1.257231
	31.640000	1.293133
	31.660000	1.326743
	31.680000	1.354276
	31.700000	1.379589
	31.720000	1.401047
	31.740000	1.416793
	31.760000	1.432032
	31.780000	1.446079
	31.800000	1.461799
	31.820000	1.474596
	31.840000	1.483231
	31.860000	1.492693
	31.880000	1.497141
	31.900000	1.495936
	31.920000	1.495780
	31.940000	1.500058
	31.960000	1.509911
	31.980000	1.518091
	32.000000	1.518775
	32.020000	1.509775
	32.040000	1.491827
	32.060000	1.468637
	32.080000	1.446658
	32.100000	1.425656
	32.120000	1.408165
	32.140000	1.389090
	32.160000	1.361661
	32.180000	1.338894
	32.200000	1.316095
	32.220000	1.271955
	32.240000	1.201565
	32.260000	1.118424
	32.280000	1.056453
	32.300000	1.026406
	32.320000	0.993077
	32.340000	0.916011
	32.360000	0.828012
	32.380000	0.748068
	32.400000	0.656460
	32.420000	0.529062
	32.440000	0.399150
	32.460000	0.322091
	32.480000	0.182912
	32.500000	0.076809
	32.520000	0.032578
	32.540000	0.013745
	32.560000	0.005461
	32.580000	0.002895
	32.600000	0.001482
	32.620000	0.000948
	32.640000	0.000531
	32.660000	0.000193
	32.680000	6.241584E-5
	32.700000	0.000101
	32.720000	-0.000205
	32.740000	-0.000237
	32.760000	-0.000107
	32.780000	-0.000315
	32.800000	-0.000302
	32.820000	-0.000126
	32.840000	-0.000348
	32.860000	-0.000100
	32.880000	-0.000146
	32.900000	-0.000237
	32.920000	-0.000257
	32.940000	-0.000159
	32.960000	-1.573066E-5
	32.980000	-0.000185
	33.000000	-0.000107
	33.020000	-0.000166
	33.040000	3.805966E-6
	33.060000	-8.085274E-5
	33.080000	-9.218451E-6
	33.100000	-0.000192
	33.120000	0.000121
	33.140000	0.000225
	33.160000	0.000401
	33.180000	0.000505
	33.200000	0.000557
	33.220000	0.000701
	33.240000	0.000863
	33.260000	0.000987
	33.280000	0.000981
	33.300000	0.001267
	33.320000	0.001391
	33.340000	0.001651
	33.360000	0.001743
	33.380000	0.002023
	33.400000	0.002075
	33.420000	0.001879
	33.440000	0.002101
	33.460000	0.002407
	33.480000	0.002420
	33.500000	0.002537
	33.520000	0.002745
	33.540000	0.002973
	33.560000	0.003208
	33.580000	0.003351
	33.600000	0.003559
	33.620000	0.003872
	33.640000	0.003898
	33.660000	0.003989
	33.680000	0.004074
	33.700000	0.004191
	33.720000	0.004256
	33.740000	0.004387
	33.760000	0.004452
	33.780000	0.004601
	33.800000	0.004471
	33.820000	0.004640
	33.840000	0.004738
	33.860000	0.004654
	33.880000	0.004693
	33.900000	0.004614
	33.920000	0.004673
	33.940000	0.004693
	33.960000	0.004784
	33.980000	0.004797
	34.000000	0.004810
	34.020000	0.004719
	34.040000	0.004797
	34.060000	0.004601
	34.080000	0.004654
	34.100000	0.004478
	34.120000	0.004380
	34.140000	0.004321
	34.160000	0.004172
	34.180000	0.004152
	34.200000	0.003963
	34.220000	0.003794
	34.240000	0.003592
	34.260000	0.003253
	34.280000	0.002895
	34.300000	0.002713
	34.320000	0.002583
	34.340000	0.002257
	34.360000	0.002016
	34.380000	0.001717
	34.400000	0.001378
	34.420000	0.000870
	34.440000	0.000544
	34.460000	0.000115
	34.480000	-0.000322
	34.500000	-0.000732
	34.520000	-0.001142
	34.540000	-0.001286
	34.560000	-0.001123
	34.580000	-0.001370
	34.600000	-0.001468
	34.620000	-0.001299
	34.640000	-0.001312
	34.660000	-0.001220
	34.680000	-0.001357
	34.700000	-0.001416
	34.720000	-0.001338
	34.740000	-0.001403
	34.760000	-0.001442
	34.780000	-0.001455
	34.800000	-0.001357
	34.820000	-0.001403
	34.840000	-0.001383
	34.860000	-0.001501
	34.880000	-0.001364
	34.900000	-0.001501
	34.920000	-0.001364
	34.940000	-0.001546
	34.960000	-0.001370
	34.980000	-0.001194
	35.000000	-0.001312
	35.020000	-0.001357
	35.040000	-0.001234
	35.060000	-0.001253
	35.080000	-0.001318
	35.100000	-0.001038
	35.120000	-0.001045
	35.140000	-0.001012
	35.160000	-0.000973
	35.180000	-0.000973
	35.200000	-0.000895
	35.220000	-0.000882
	35.240000	-0.000576
	35.260000	-0.000771
	35.280000	-0.000726
	35.300000	-0.000608
	35.320000	-0.000537
	35.340000	-0.000354
	35.360000	-0.000367
	35.380000	-0.000328
	35.400000	-0.000159
	35.420000	-0.000237
	35.440000	-0.000205
	35.460000	-0.000100
	35.480000	-8.085274E-5
	35.500000	0.000154
	35.520000	0.000154
	35.540000	0.000271
	35.560000	0.000284
	35.580000	0.000681
	35.600000	0.000603
	35.620000	0.000642
	35.640000	0.000844
	35.660000	0.000968
	35.680000	0.000811
	35.700000	0.000844
	35.720000	0.000792
	35.740000	0.000883
	35.760000	0.000909
	35.780000	0.000929
	35.800000	0.000857
	35.820000	0.000857
	35.840000	0.000942
	35.860000	0.001046
	35.880000	0.000863
	35.900000	0.000831
	35.920000	0.000883
	35.940000	0.001072
	35.960000	0.001091
	35.980000	0.001059
	36.000000	0.000916
	36.020000	0.001046
	36.040000	0.001026
	36.060000	0.000733
	36.080000	0.000837
	36.100000	0.000720
	36.120000	0.000929
	36.140000	0.000766
	36.160000	0.000831
	36.180000	0.000824
	36.200000	0.000733
	36.220000	0.000596
	36.240000	0.000434
	36.260000	0.000375
	36.280000	0.000395
	36.300000	0.000167
	36.320000	0.000180
	36.340000	4.939143E-5
	36.360000	-8.085274E-5
	36.380000	-0.000257
	36.400000	-0.000387
	36.420000	-0.000647
	36.440000	-0.000888
	36.460000	-0.001162
	36.480000	-0.001032
	36.500000	-0.001299
	36.520000	-0.001416
	36.540000	-0.001507
	36.560000	-0.001220
	36.580000	-0.001207
	36.600000	-0.001214
	36.620000	-0.001266
	36.640000	-0.001162
	36.660000	-0.001175
	36.680000	-0.001266
	36.700000	-0.001175
	36.720000	-0.001220
	36.740000	-0.001396
	36.760000	-0.001214
	36.780000	-0.001260
	36.800000	-0.001396
	36.820000	-0.001194
	36.840000	-0.001312
	36.860000	-0.001305
	36.880000	-0.001129
	36.900000	-0.001260
	36.920000	-0.001273
	36.940000	-0.001201
	36.960000	-0.001253
	36.980000	-0.001370
	37.000000	-0.001357
	37.020000	-0.001273
	37.040000	-0.001370
	37.060000	-0.001325
	37.080000	-0.001422
	37.100000	-0.001266
	37.120000	-0.001058
	37.140000	-0.001234
	37.160000	-0.001084
	37.180000	-0.001084
	37.200000	-0.001136
	37.220000	-0.001064
	37.240000	-0.000973
	37.260000	-0.001045
	37.280000	-0.001097
	37.300000	-0.001116
	37.320000	-0.000973
	37.340000	-0.001038
	37.360000	-0.000888
	37.380000	-0.000986
	37.400000	-0.001110
	37.420000	-0.001038
	37.440000	-0.000967
	37.460000	-0.001032
	37.480000	-0.000973
	37.500000	-0.000967
	37.520000	-0.001071
	37.540000	-0.000953
	37.560000	-0.000914
	37.580000	-0.000973
	37.600000	-0.000999
	37.620000	-0.000901
	37.640000	-0.000914
	37.660000	-0.000849
	37.680000	-0.000888
	37.700000	-0.000797
	37.720000	-0.000719
	37.740000	-0.000856
	37.760000	-0.000778
	37.780000	-0.000667
	37.800000	-0.000569
	37.820000	-0.000810
	37.840000	-0.000713
	37.860000	-0.000810
	37.880000	-0.000784
	37.900000	-0.000641
	37.920000	-0.000713
	37.940000	-0.000667
	37.960000	-0.000778
	37.980000	-0.000797
	38.000000	-0.000797
	38.020000	-0.000849
	38.040000	-0.000914
	38.060000	-0.000823
	38.080000	-0.000667
	38.100000	-0.000797
	38.120000	-0.000817
	38.140000	-0.000882
	38.160000	-0.000830
	38.180000	-0.000752
	38.200000	-0.000797
	38.220000	-0.000771
	38.240000	-0.000739
	38.260000	-0.000673
	38.280000	-0.000752
	38.300000	-0.000641
	38.320000	-0.000726
	38.340000	-0.000693
	38.360000	-0.000530
	38.380000	-0.000758
	38.400000	-0.000765
	38.420000	-0.000647
	38.440000	-0.000797
	38.460000	-0.000921
	38.480000	-0.000817
	38.500000	-0.000869
	38.520000	-0.000823
	38.540000	-0.000726
	38.560000	-0.000771
	38.580000	-0.000830
	38.600000	-0.000673
	38.620000	-0.000654
	38.640000	-0.000589
	38.660000	-0.000641
	38.680000	-0.000426
	38.700000	-0.000296
	38.720000	-0.000289
	38.740000	6.241584E-5
	38.760000	-0.000100
	38.780000	0.000167
	38.800000	0.000492
	38.820000	0.000720
	38.840000	0.001306
	38.860000	0.001586
	38.880000	0.001892
	38.900000	0.002661
	38.920000	0.003423
	38.940000	0.004341
	38.960000	0.005624
	38.980000	0.007030
	39.000000	0.009193
	39.020000	0.012416
	39.040000	0.016812
	39.060000	0.023448
	39.080000	0.033411
	39.100000	0.049835
	39.120000	0.071925
	39.140000	0.091989
	39.160000	0.108920
	39.180000	0.124113
	39.200000	0.138733
	39.220000	0.152663
	39.240000	0.165629
	39.260000	0.180392
	39.280000	0.196099
	39.300000	0.213214
	39.320000	0.230386
	39.340000	0.248503
	39.360000	0.267115
	39.380000	0.286769
	39.400000	0.305589
	39.420000	0.325549
	39.440000	0.346805
	39.460000	0.369298
	39.480000	0.392560
	39.500000	0.416329
	39.520000	0.439610
	39.540000	0.460840
	39.560000	0.481933
	39.580000	0.502583
	39.600000	0.521664
	39.620000	0.540335
	39.640000	0.557937
	39.660000	0.572668
	39.680000	0.585979
	39.700000	0.596711
	39.720000	0.606668
	39.740000	0.614125
	39.760000	0.620324
	39.780000	0.627383
	39.800000	0.633557
	39.820000	0.639320
	39.840000	0.644745
	39.860000	0.649538
	39.880000	0.651264
	39.900000	0.650508
	39.920000	0.650411
	39.940000	0.650997
	39.960000	0.653810
	39.980000	0.656350
	40.000000	0.655288
	40.020000	0.649616
	40.040000	0.640278
	40.060000	0.631219
	40.080000	0.622727
	40.100000	0.613701
	40.120000	0.605483
	40.140000	0.592999
	40.160000	0.581681
	40.180000	0.572811
	40.200000	0.557547
	40.220000	0.532123
	40.240000	0.501157
	40.260000	0.474321
	40.280000	0.456471
	40.300000	0.440724
	40.320000	0.407492
	40.340000	0.361386
	40.360000	0.324592
	40.380000	0.287869
	40.400000	0.245338
	40.420000	0.190551
	40.440000	0.138792
	40.460000	0.116820
	40.480000	0.076900
	40.500000	0.037026
	40.520000	0.015262
	40.540000	0.006718
	40.560000	0.002537
	40.580000	0.000759
	40.600000	-5.480391E-5
	40.620000	-0.000354
	40.640000	-0.000231
	40.660000	-0.000511
	40.680000	-0.000569
	40.700000	-0.000439
	40.720000	-0.000660
	40.740000	-0.000700
	40.760000	-0.000589
	40.780000	-0.000582
	40.800000	-0.000947
	40.820000	-0.000732
	40.840000	-0.000563
	40.860000	-0.000758
	40.880000	-0.000582
	40.900000	-0.000582
	40.920000	-0.000791
	40.940000	-0.000615
	40.960000	-0.000615
	40.980000	-0.000459
	41.000000	-0.000530
	41.020000	-0.000576
	41.040000	-0.000608
	41.060000	-0.000400
	41.080000	-0.000524
	41.100000	-0.000517
	41.120000	-0.000472
	41.140000	-0.000602
	41.160000	-0.000660
	41.180000	-0.000556
	41.200000	-0.000615
	41.220000	-0.000680
	41.240000	-0.000595
	41.260000	-0.000478
	41.280000	-0.000739
	41.300000	-0.000667
	41.320000	-0.000680
	41.340000	-0.000804
	41.360000	-0.000732
	41.380000	-0.000647
	41.400000	-0.000778
	41.420000	-0.000686
	41.440000	-0.000693
	41.460000	-0.000895
	41.480000	-0.000869
	41.500000	-0.000849
	41.520000	-0.000869
	41.540000	-0.000888
	41.560000	-0.000934
	41.580000	-0.000901
	41.600000	-0.000778
	41.620000	-0.000862
	41.640000	-0.000940
	41.660000	-0.000830
	41.680000	-0.000869
	41.700000	-0.000927
	41.720000	-0.000771
	41.740000	-0.000836
	41.760000	-0.000927
	41.780000	-0.000895
	41.800000	-0.000869
	41.820000	-0.000947
	41.840000	-0.000862
	41.860000	-0.001032
	41.880000	-0.000914
	41.900000	-0.000758
	41.920000	-0.000810
	41.940000	-0.000700
	41.960000	-0.000843
	41.980000	-0.000673
	42.000000	-0.000771
	42.020000	-0.000706
	42.040000	-0.000680
	42.060000	-0.000817
	42.080000	-0.000647
	42.100000	-0.000752
	42.120000	-0.000628
	42.140000	-0.000667
	42.160000	-0.000550
	42.180000	-0.000608
	42.200000	-0.000485
	42.220000	-0.000550
	42.240000	-0.000400
	42.260000	-0.000491
	42.280000	-0.000556
	42.300000	-0.000660
	42.320000	-0.000439
	42.340000	-0.000641
	42.360000	-0.000576
	42.380000	-0.000504
	42.400000	-0.000647
	42.420000	-0.000491
	42.440000	-0.000406
	42.460000	-0.000589
	42.480000	-0.000439
	42.500000	-0.000387
	42.520000	-0.000628
	42.540000	-0.000491
	42.560000	-0.000270
	42.580000	-0.000263
	42.600000	-0.000159
	42.620000	-3.526728E-5
	42.640000	-0.000205
	42.660000	1.683038E-5
	42.680000	0.000271
	42.700000	0.000141
	42.720000	0.000258
	42.740000	0.000440
	42.760000	0.000681
	42.780000	0.000792
	42.800000	0.000948
	42.820000	0.001098
	42.840000	0.001515
	42.860000	0.001847
	42.880000	0.002127
	42.900000	0.002680
	42.920000	0.003390
	42.940000	0.004061
	42.960000	0.004986
	42.980000	0.006360
	43.000000	0.007910
	43.020000	0.010000
	43.040000	0.013419
	43.060000	0.017906
	43.080000	0.024692
	43.100000	0.035854
	43.120000	0.052232
	43.140000	0.073240
	43.160000	0.092588
	43.180000	0.109207
	43.200000	0.123703
	43.220000	0.137366
	43.240000	0.150950
	43.260000	0.164574
	43.280000	0.178093
	43.300000	0.192394
	43.320000	0.207984
	43.340000	0.224037
	43.360000	0.240500
	43.380000	0.257998
	43.400000	0.274988
	43.420000	0.292760
	43.440000	0.311991
	43.460000	0.331977
	43.480000	0.354620
	43.500000	0.378207
	43.520000	0.403057
	43.540000	0.428286
	43.560000	0.451743
	43.580000	0.476137
	43.600000	0.499080
	43.620000	0.519632
	43.640000	0.540986
	43.660000	0.561226
	43.680000	0.578561
	43.700000	0.594979
	43.720000	0.609781
	43.740000	0.620826
	43.760000	0.631447
	43.780000	0.641235
	43.800000	0.649134
	43.820000	0.656434
	43.840000	0.664288
	43.860000	0.670683
	43.880000	0.676518
	43.900000	0.681904
	43.920000	0.684196
	43.940000	0.683304
	43.960000	0.683545
	43.980000	0.685564
	44.000000	0.688748
	44.020000	0.691197
	44.040000	0.691131
	44.060000	0.683089
	44.080000	0.672481
	44.100000	0.664262
	44.120000	0.654513
	44.140000	0.645240
	44.160000	0.635693
	44.180000	0.621581
	44.200000	0.608374
	44.220000	0.599570
	44.240000	0.583068
	44.260000	0.555078
	44.280000	0.523989
	44.300000	0.498670
	44.320000	0.481302
	44.340000	0.458704
	44.360000	0.415776
	44.380000	0.366980
	44.400000	0.327509
	44.420000	0.285629
	44.440000	0.237224
	44.460000	0.182111
	44.480000	0.134917
	44.500000	0.113342
	44.520000	0.079629
	44.540000	0.043212
	44.560000	0.021540
	44.580000	0.012566
	44.600000	0.008574
	44.620000	0.006796
	44.640000	0.005956
	44.660000	0.005943
	44.680000	0.005774
	44.700000	0.005832
	44.720000	0.006132
	44.740000	0.006067
	44.760000	0.006164
	44.780000	0.006360
	44.800000	0.006197
	44.820000	0.006510
	44.840000	0.006620
	44.860000	0.006620
	44.880000	0.006620
	44.900000	0.006998
	44.920000	0.006731
	44.940000	0.006763
	44.960000	0.006783
	44.980000	0.006855
	45.000000	0.006822
	45.020000	0.006777
	45.040000	0.006848
	45.060000	0.006835
	45.080000	0.006666
	45.100000	0.006588
	45.120000	0.006529
	45.140000	0.006412
	45.160000	0.006614
	45.180000	0.006516
	45.200000	0.006223
	45.220000	0.006184
	45.240000	0.006269
	45.260000	0.005917
	45.280000	0.005617
	45.300000	0.005396
	45.320000	0.005148
	45.340000	0.005246
	45.360000	0.004601
	45.380000	0.004133
	45.400000	0.003885
	45.420000	0.003371
	45.440000	0.002934
	45.460000	0.002322
	45.480000	0.001886
	45.500000	0.001547
	45.520000	0.001332
	45.540000	0.000994
	45.560000	0.000792
	45.580000	0.000772
	45.600000	0.000707
	45.620000	0.000876
	45.640000	0.000961
	45.660000	0.000961
	45.680000	0.000889
	45.700000	0.000994
	45.720000	0.001176
	45.740000	0.001319
	45.760000	0.001417
	45.780000	0.001410
	45.800000	0.001358
	45.820000	0.001463
	45.840000	0.001450
	45.860000	0.001612
	45.880000	0.001671
	45.900000	0.001743
	45.920000	0.001593
	45.940000	0.001541
	45.960000	0.001541
	45.980000	0.001775
	46.000000	0.001528
	46.020000	0.001749
	46.040000	0.001554
	46.060000	0.001625
	46.080000	0.001593
	46.100000	0.001508
	46.120000	0.001515
	46.140000	0.001684
	46.160000	0.001430
	46.180000	0.001280
	46.200000	0.001261
	46.220000	0.001059
	46.240000	0.001156
	46.260000	0.001156
	46.280000	0.001039
	46.300000	0.000857
	46.320000	0.000792
	46.340000	0.000694
	46.360000	0.000492
	46.380000	0.000421
	46.400000	6.241584E-5
	46.420000	4.939143E-5
	46.440000	-0.000159
	46.460000	-0.000354
	46.480000	-0.000706
	46.500000	-0.000804
	46.520000	-0.000908
	46.540000	-0.000797
	46.560000	-0.000980
	46.580000	-0.001220
	46.600000	-0.001253
	46.620000	-0.001220
	46.640000	-0.001260
	46.660000	-0.001240
	46.680000	-0.001234
	46.700000	-0.001429
	46.720000	-0.001234
	46.740000	-0.001149
	46.760000	-0.001253
	46.780000	-0.001201
	46.800000	-0.001247
	46.820000	-0.001286
	46.840000	-0.001325
	46.860000	-0.001103
	46.880000	-0.001227
	46.900000	-0.001077
	46.920000	-0.001247
	46.940000	-0.001162
	46.960000	-0.001149
	46.980000	-0.001181
	47.000000	-0.001038
	47.020000	-0.001012
	47.040000	-0.001234
	47.060000	-0.001045
	47.080000	-0.001051
	47.100000	-0.001220
	47.120000	-0.001116
	47.140000	-0.001110
	47.160000	-0.001181
	47.180000	-0.001142
	47.200000	-0.001194
	47.220000	-0.001344
	47.240000	-0.001194
	47.260000	-0.001214
	47.280000	-0.001338
	47.300000	-0.001220
	47.320000	-0.001253
	47.340000	-0.001286
	47.360000	-0.001103
	47.380000	-0.001240
	47.400000	-0.001220
	47.420000	-0.001240
	47.440000	-0.001162
	47.460000	-0.001116
	47.480000	-0.001084
	47.500000	-0.000967
	47.520000	-0.001025
	47.540000	-0.001045
	47.560000	-0.001058
	47.580000	-0.001207
	47.600000	-0.000980
	47.620000	-0.001116
	47.640000	-0.001201
	47.660000	-0.001123
	47.680000	-0.001038
	47.700000	-0.001058
	47.720000	-0.001090
	47.740000	-0.001292
	47.760000	-0.001136
	47.780000	-0.001012
	47.800000	-0.001162
	47.820000	-0.001168
	47.840000	-0.001116
	47.860000	-0.001129
	47.880000	-0.001116
	47.900000	-0.001214
	47.920000	-0.001123
	47.940000	-0.001116
	47.960000	-0.001097
	47.980000	-0.001103
	48.000000	-0.001019
	48.020000	-0.000869
	48.040000	-0.001019
	48.060000	-0.001045
	48.080000	-0.000784
	48.100000	-0.001175
	48.120000	-0.001273
	48.140000	-0.001077
	48.160000	-0.001188
	48.180000	-0.001064
	48.200000	-0.000986
	48.220000	-0.001175
	48.240000	-0.001149
	48.260000	-0.001077
	48.280000	-0.001025
	48.300000	-0.001110
	48.320000	-0.001168
	48.340000	-0.001168
	48.360000	-0.001142
	48.380000	-0.001136
	48.400000	-0.001168
	48.420000	-0.001175
	48.440000	-0.001279
	48.460000	-0.001188
	48.480000	-0.001214
	48.500000	-0.001168
	48.520000	-0.001201
	48.540000	-0.001194
	48.560000	-0.001038
	48.580000	-0.001077
	48.600000	-0.001168
	48.620000	-0.001168
	48.640000	-0.001220
	48.660000	-0.001194
	48.680000	-0.001103
	48.700000	-0.001155
	48.720000	-0.001188
	48.740000	-0.001325
	48.760000	-0.001103
	48.780000	-0.001286
	48.800000	-0.001116
	48.820000	-0.001292
	48.840000	-0.001116
	48.860000	-0.001188
	48.880000	-0.001247
	48.900000	-0.001364
	48.920000	-0.001207
	48.940000	-0.001116
	48.960000	-0.001357
	48.980000	-0.001273
	49.000000	-0.001240
	49.020000	-0.001175
	49.040000	-0.001155
	49.060000	-0.001123
	49.080000	-0.001207
	49.100000	-0.000940
	49.120000	-0.001012
	49.140000	-0.001181
	49.160000	-0.001240
	49.180000	-0.001123
	49.200000	-0.001071
	49.220000	-0.001188
	49.240000	-0.001155
	49.260000	-0.001260
	49.280000	-0.001129
	49.300000	-0.001220
	49.320000	-0.001064
	49.340000	-0.001338
	49.360000	-0.001220
	49.380000	-0.001260
	49.400000	-0.001351
	49.420000	-0.001227
	49.440000	-0.001207
	49.460000	-0.001188
	49.480000	-0.001279
	49.500000	-0.001155
	49.520000	-0.001175
	49.540000	-0.001292
	49.560000	-0.001149
	49.580000	-0.001103
	49.600000	-0.001142
	49.620000	-0.001051
	49.640000	-0.001194
	49.660000	-0.001142
	49.680000	-0.000980
	49.700000	-0.001064
	49.720000	-0.001058
	49.740000	-0.001116
	49.760000	-0.001240
	49.780000	-0.001012
	49.800000	-0.001116
	49.820000	-0.001273
	49.840000	-0.001142
	49.860000	-0.001019
	49.880000	-0.001077
	49.900000	-0.001077
	49.920000	-0.001168
	49.940000	-0.001149
	49.960000	-0.001149
	49.980000	-0.001266
	50.000000	-0.001168
