	0.000000	0.109012
	0.020000	0.109083
	0.040000	0.109116
	0.060000	0.109357
	0.080000	0.109227
	0.100000	0.108699
	0.120000	0.108614
	0.140000	0.108341
	0.160000	0.109402
	0.180000	0.108432
	0.200000	0.108282
	0.220000	0.108523
	0.240000	0.108289
	0.260000	0.108373
	0.280000	0.108816
	0.300000	0.108784
	0.320000	0.108777
	0.340000	0.109415
	0.360000	0.109324
	0.380000	0.109005
	0.400000	0.109233
	0.420000	0.109246
	0.440000	0.109383
	0.460000	0.109051
	0.480000	0.109207
	0.500000	0.109122
	0.520000	0.109520
	0.540000	0.109591
	0.560000	0.109422
	0.580000	0.109689
	0.600000	0.109344
	0.620000	0.109214
	0.640000	0.109441
	0.660000	0.109253
	0.680000	0.108920
	0.700000	0.108439
	0.720000	0.108894
	0.740000	0.108758
	0.760000	0.108653
	0.780000	0.108575
	0.800000	0.108855
	0.820000	0.109435
	0.840000	0.157957
	0.860000	0.207659
	0.880000	0.278362
	0.900000	0.341224
	0.920000	0.421643
	0.940000	0.568930
	0.960000	0.728922
	0.980000	1.004564
	1.000000	1.496529
	1.020000	2.452176
	1.040000	2.989856
	1.060000	3.504568
	1.080000	3.705854
	1.100000	3.520471
	1.120000	2.725995
	1.140000	1.772119
	1.160000	1.186411
	1.180000	0.849261
	1.200000	0.656057
	1.220000	0.523383
	1.240000	0.433268
	1.260000	0.376299
	1.280000	0.335630
	1.300000	0.292350
	1.320000	0.246634
	1.340000	0.205405
	1.360000	0.173092
	1.380000	0.149231
	1.400000	0.129655
	1.420000	0.114326
	1.440000	0.101275
	1.460000	0.090185
	1.480000	0.080247
	1.500000	0.070297
	1.520000	0.060841
	1.540000	0.052121
	1.560000	0.044534
	1.580000	0.038055
	1.600000	0.032519
	1.620000	0.026567
	1.640000	0.020302
	1.660000	0.015874
	1.680000	0.013432
	1.700000	0.011993
	1.720000	0.010866
	1.740000	0.009987
	1.760000	0.009199
	1.780000	0.008450
	1.800000	0.007838
	1.820000	0.007304
	1.840000	0.006835
	1.860000	0.006503
	1.880000	0.005982
	1.900000	0.005800
	1.920000	0.005559
	1.940000	0.005233
	1.960000	0.004927
	1.980000	0.004738
	2.000000	0.004621
	2.020000	0.004256
	2.040000	0.004302
	2.060000	0.004093
	2.080000	0.003970
	2.100000	0.004035
	2.120000	0.003937
	2.140000	0.004028
	2.160000	0.003963
	2.180000	0.003892
	2.200000	0.003846
	2.220000	0.003768
	2.240000	0.003709
	2.260000	0.003813
	2.280000	0.003514
	2.300000	0.003475
	2.320000	0.003377
	2.340000	0.003253
	2.360000	0.002902
	2.380000	0.002967
	2.400000	0.002602
	2.420000	0.002589
	2.440000	0.002361
	2.460000	0.002355
	2.480000	0.002133
	2.500000	0.002029
	2.520000	0.001593
	2.540000	0.001463
	2.560000	0.001078
	2.580000	0.000779
	2.600000	-8.736495E-5
	2.620000	-0.000882
	2.640000	-0.001155
	2.660000	-0.001064
	2.680000	-0.001207
	2.700000	-0.001305
	2.720000	-0.001019
	2.740000	-0.001351
	2.760000	-0.001214
	2.780000	-0.001344
	2.800000	-0.001344
	2.820000	-0.001351
	2.840000	-0.001260
	2.860000	-0.001318
	2.880000	-0.001305
	2.900000	-0.001142
	2.920000	-0.001240
	2.940000	-0.001273
	2.960000	-0.001175
	2.980000	-0.001247
	3.000000	-0.001227
	3.020000	-0.001155
	3.040000	-0.001181
	3.060000	-0.001103
	3.080000	-0.001188
	3.100000	-0.001084
	3.120000	-0.001071
	3.140000	-0.000953
	3.160000	-0.000901
	3.180000	-0.000856
	3.200000	-0.000869
	3.220000	-0.000758
	3.240000	-0.000758
	3.260000	-0.000713
	3.280000	-0.000726
	3.300000	-0.000576
	3.320000	-0.000550
	3.340000	-0.000224
	3.360000	-0.000146
	3.380000	0.000199
	3.400000	0.000401
	3.420000	0.000792
	3.440000	0.001235
	3.460000	0.001925
	3.480000	0.002706
	3.500000	0.003918
	3.520000	0.005624
	3.540000	0.008365
	3.560000	0.013054
	3.580000	0.019391
	3.600000	0.026333
	3.620000	0.032024
	3.640000	0.036707
	3.660000	0.040139
	3.680000	0.042398
	3.700000	0.044059
	3.720000	0.045387
	3.740000	0.046130
	3.760000	0.046937
	3.780000	0.047829
	3.800000	0.049366
	3.820000	0.051229
	3.840000	0.051515
	3.860000	0.051763
	3.880000	0.052101
	3.900000	0.052421
	3.920000	0.053124
	3.940000	0.053541
	3.960000	0.053782
	3.980000	0.054075
	4.000000	0.053970
	4.020000	0.053410
	4.040000	0.053417
	4.060000	0.053619
	4.080000	0.053853
	4.100000	0.054010
	4.120000	0.054908
	4.140000	0.055377
	4.160000	0.055273
	4.180000	0.054576
	4.200000	0.053456
	4.220000	0.052629
	4.240000	0.051952
	4.260000	0.051392
	4.280000	0.050135
	4.300000	0.048819
	4.320000	0.047921
	4.340000	0.047621
	4.360000	0.046827
	4.380000	0.044691
	4.400000	0.042353
	4.420000	0.040217
	4.440000	0.038367
	4.460000	0.036433
	4.480000	0.033509
	4.500000	0.030090
	4.520000	0.026860
	4.540000	0.022139
	4.560000	0.013106
	4.580000	0.003384
	4.600000	0.000180
	4.620000	-0.000823
	4.640000	-0.001058
	4.660000	-0.001286
	4.680000	-0.001370
	4.700000	-0.001422
	4.720000	-0.001474
	4.740000	-0.001325
	4.760000	-0.001396
	4.780000	-0.001325
	4.800000	-0.001455
	4.820000	-0.001435
	4.840000	-0.001514
	4.860000	-0.001409
	4.880000	-0.001370
	4.900000	-0.001546
	4.920000	-0.001416
	4.940000	-0.001527
	4.960000	-0.001611
	4.980000	-0.001631
	5.000000	-0.001435
	5.020000	-0.001533
	5.040000	-0.001357
	5.060000	-0.001455
	5.080000	-0.001631
	5.100000	-0.001416
	5.120000	-0.001592
	5.140000	-0.001448
	5.160000	-0.001442
	5.180000	-0.001605
	5.200000	-0.001344
	5.220000	-0.001377
	5.240000	-0.001312
	5.260000	-0.001338
	5.280000	-0.001448
	5.300000	-0.001364
	5.320000	-0.001351
	5.340000	-0.001442
	5.360000	-0.001351
	5.380000	-0.001455
	5.400000	-0.001501
	5.420000	-0.001540
	5.440000	-0.001579
	5.460000	-0.001409
	5.480000	-0.001429
	5.500000	-0.001494
	5.520000	-0.001468
	5.540000	-0.001579
	5.560000	-0.001422
	5.580000	-0.001553
	5.600000	-0.001494
	5.620000	-0.001429
	5.640000	-0.001422
	5.660000	-0.001442
	5.680000	-0.001247
	5.700000	-0.001247
	5.720000	-0.001299
	5.740000	-0.001279
	5.760000	-0.001234
	5.780000	-0.001123
	5.800000	-0.001220
	5.820000	-0.001305
	5.840000	-0.001175
	5.860000	-0.001194
	5.880000	-0.001273
	5.900000	-0.001299
	5.920000	-0.001318
	5.940000	-0.001214
	5.960000	-0.001194
	5.980000	-0.001338
	6.000000	-0.001468
	6.020000	-0.001299
	6.040000	-0.001344
	6.060000	-0.001299
	6.080000	-0.001260
	6.100000	-0.001344
	6.120000	-0.001396
	6.140000	-0.001181
	6.160000	-0.001435
	6.180000	-0.001286
	6.200000	-0.001338
	6.220000	-0.001266
	6.240000	-0.001084
	6.260000	-0.001214
	6.280000	-0.001175
	6.300000	-0.001142
	6.320000	-0.001220
	6.340000	-0.001201
	6.360000	-0.001168
	6.380000	-0.001129
	6.400000	-0.001227
	6.420000	-0.001142
	6.440000	-0.001103
	6.460000	-0.001194
	6.480000	-0.001077
	6.500000	-0.001051
	6.520000	-0.000960
	6.540000	-0.000882
	6.560000	-0.000752
	6.580000	-0.000354
	6.600000	2.334259E-5
	6.620000	0.000590
	6.640000	0.000981
	6.660000	0.001300
	6.680000	0.001664
	6.700000	0.002010
	6.720000	0.002166
	6.740000	0.002478
	6.760000	0.002902
	6.780000	0.003025
	6.800000	0.003332
	6.820000	0.003260
	6.840000	0.003618
	6.860000	0.003345
	6.880000	0.003436
	6.900000	0.003481
	6.920000	0.003397
	6.940000	0.003481
	6.960000	0.003377
	6.980000	0.003403
	7.000000	0.003494
	7.020000	0.003644
	7.040000	0.003592
	7.060000	0.003670
	7.080000	0.003625
	7.100000	0.003501
	7.120000	0.003384
	7.140000	0.003201
	7.160000	0.003065
	7.180000	0.002993
	7.200000	0.003078
	7.220000	0.003449
	7.240000	0.003436
	7.260000	0.003377
	7.280000	0.003436
	7.300000	0.003045
	7.320000	0.002785
	7.340000	0.002550
	7.360000	0.002413
	7.380000	0.002439
	7.400000	0.002537
	7.420000	0.002244
	7.440000	0.002133
	7.460000	0.001489
	7.480000	0.001098
	7.500000	0.001196
	7.520000	0.000564
	7.540000	-0.000328
	7.560000	-0.000830
	7.580000	-0.000849
	7.600000	-0.000634
	7.620000	-0.000524
	7.640000	-0.000452
	7.660000	-0.000270
	7.680000	-2.224287E-5
	7.700000	0.000219
	7.720000	0.000284
	7.740000	0.000473
	7.760000	0.000401
	7.780000	0.000518
	7.800000	0.000557
	7.820000	0.000655
	7.840000	0.000701
	7.860000	0.000759
	7.880000	0.000837
	7.900000	0.000629
	7.920000	0.000675
	7.940000	0.000889
	7.960000	0.000870
	7.980000	0.000857
	8.000000	0.000818
	8.020000	0.000870
	8.040000	0.000798
	8.060000	0.000818
	8.080000	0.000792
	8.100000	0.000688
	8.120000	0.000596
	8.140000	0.000655
	8.160000	0.000551
	8.180000	0.000388
	8.200000	0.000701
	8.220000	0.000635
	8.240000	0.000740
	8.260000	0.000714
	8.280000	0.000603
	8.300000	0.000342
	8.320000	0.000271
	8.340000	0.000108
	8.360000	0.000180
	8.380000	0.000238
	8.400000	0.000212
	8.420000	1.683038E-5
	8.440000	-0.000152
	8.460000	-0.000296
	8.480000	-0.000348
	8.500000	-0.000465
	8.520000	-0.000817
	8.540000	-0.001292
	8.560000	-0.001403
	8.580000	-0.001292
	8.600000	-0.001455
	8.620000	-0.001429
	8.640000	-0.001377
	8.660000	-0.001364
	8.680000	-0.001553
	8.700000	-0.001553
	8.720000	-0.001650
	8.740000	-0.001670
	8.760000	-0.001553
	8.780000	-0.001507
	8.800000	-0.001494
	8.820000	-0.001494
	8.840000	-0.001546
	8.860000	-0.001520
	8.880000	-0.001527
	8.900000	-0.001442
	8.920000	-0.001377
	8.940000	-0.001468
	8.960000	-0.001494
	8.980000	-0.001572
	9.000000	-0.001299
	9.020000	-0.001416
	9.040000	-0.001461
	9.060000	-0.001540
	9.080000	-0.001435
	9.100000	-0.001331
	9.120000	-0.001501
	9.140000	-0.001435
	9.160000	-0.001461
	9.180000	-0.001520
	9.200000	-0.001429
	9.220000	-0.001416
	9.240000	-0.001566
	9.260000	-0.001501
	9.280000	-0.001709
	9.300000	-0.001474
	9.320000	-0.001644
	9.340000	-0.001474
	9.360000	-0.001409
	9.380000	-0.001585
	9.400000	-0.001357
	9.420000	-0.001435
	9.440000	-0.001364
	9.460000	-0.001468
	9.480000	-0.001585
	9.500000	-0.001331
	9.520000	-0.001520
	9.540000	-0.001474
	9.560000	-0.001357
	9.580000	-0.001533
	9.600000	-0.001481
	9.620000	-0.001546
	9.640000	-0.001507
	9.660000	-0.001429
	9.680000	-0.001559
	9.700000	-0.001533
	9.720000	-0.001481
	9.740000	-0.001396
	9.760000	-0.001520
	9.780000	-0.001579
	9.800000	-0.001527
	9.820000	-0.001533
	9.840000	-0.001422
	9.860000	-0.001559
	9.880000	-0.001605
	9.900000	-0.001507
	9.920000	-0.001370
	9.940000	-0.001546
	9.960000	-0.001357
	9.980000	-0.001422
	10.000000	-0.001396
	10.020000	-0.001357
	10.040000	-0.001299
	10.060000	-0.001514
	10.080000	-0.001383
	10.100000	-0.001494
	10.120000	-0.001461
	10.140000	-0.001351
	10.160000	-0.001429
	10.180000	-0.001546
	10.200000	-0.001292
	10.220000	-0.001442
	10.240000	-0.001585
	10.260000	-0.001572
	10.280000	-0.001403
	10.300000	-0.001579
	10.320000	-0.001435
	10.340000	-0.001598
	10.360000	-0.001624
	10.380000	-0.001461
	10.400000	-0.001422
	10.420000	-0.001527
	10.440000	-0.001364
	10.460000	-0.001364
	10.480000	-0.001429
	10.500000	-0.001442
	10.520000	-0.001416
	10.540000	-0.001396
	10.560000	-0.001422
	10.580000	-0.001429
	10.600000	-0.001553
	10.620000	-0.001429
	10.640000	-0.001481
	10.660000	-0.001325
	10.680000	-0.001312
	10.700000	-0.001442
	10.720000	-0.001494
	10.740000	-0.001527
	10.760000	-0.001572
	10.780000	-0.001474
	10.800000	-0.001377
	10.820000	-0.001637
	10.840000	-0.001474
	10.860000	-0.001527
	10.880000	-0.001448
	10.900000	-0.001618
	10.920000	-0.001416
	10.940000	-0.001468
	10.960000	-0.001474
	10.980000	-0.001448
	11.000000	-0.001422
	11.020000	-0.001429
	11.040000	-0.001474
	11.060000	-0.001364
	11.080000	-0.001325
	11.100000	-0.001416
	11.120000	-0.001357
	11.140000	-0.001325
	11.160000	-0.001273
	11.180000	-0.001214
	11.200000	-0.001344
	11.220000	-0.001247
	11.240000	-0.001279
	11.260000	-0.001012
	11.280000	-0.001136
	11.300000	-0.001064
	11.320000	-0.001025
	11.340000	-0.000732
	11.360000	-0.000739
	11.380000	-0.000556
	11.400000	-0.000237
	11.420000	-2.875508E-5
	11.440000	0.000557
	11.460000	0.001091
	11.480000	0.001990
	11.500000	0.003371
	11.520000	0.005624
	11.540000	0.009310
	11.560000	0.013745
	11.580000	0.017945
	11.600000	0.022158
	11.620000	0.026059
	11.640000	0.029367
	11.660000	0.032526
	11.680000	0.035515
	11.700000	0.038530
	11.720000	0.041233
	11.740000	0.043557
	11.760000	0.045615
	11.780000	0.047133
	11.800000	0.048149
	11.820000	0.048787
	11.840000	0.049353
	11.860000	0.049777
	11.880000	0.050434
	11.900000	0.050955
	11.920000	0.051730
	11.940000	0.052434
	11.960000	0.053365
	11.980000	0.053814
	12.000000	0.054726
	12.020000	0.055084
	12.040000	0.054811
	12.060000	0.054120
	12.080000	0.053651
	12.100000	0.052662
	12.120000	0.051932
	12.140000	0.051248
	12.160000	0.051144
	12.180000	0.051092
	12.200000	0.050324
	12.220000	0.049751
	12.240000	0.049431
	12.260000	0.048116
	12.280000	0.045876
	12.300000	0.042932
	12.320000	0.040366
	12.340000	0.038777
	12.360000	0.038276
	12.380000	0.038172
	12.400000	0.034857
	12.420000	0.029667
	12.440000	0.026027
	12.460000	0.023773
	12.480000	0.019417
	12.500000	0.009668
	12.520000	0.002244
	12.540000	-6.782833E-5
	12.560000	-0.000706
	12.580000	-0.000901
	12.600000	-0.001012
	12.620000	-0.001045
	12.640000	-0.000862
	12.660000	-0.000940
	12.680000	-0.000856
	12.700000	-0.000713
	12.720000	-0.000823
	12.740000	-0.000791
	12.760000	-0.000602
	12.780000	-0.000556
	12.800000	-0.000608
	12.820000	-0.000615
	12.840000	-0.000589
	12.860000	-0.000452
	12.880000	-0.000433
	12.900000	-0.000426
	12.920000	-0.000433
	12.940000	-0.000224
	12.960000	-0.000263
	12.980000	-0.000133
	13.000000	-6.782833E-5
	13.020000	4.939143E-5
	13.040000	4.939143E-5
	13.060000	1.683038E-5
	13.080000	0.000101
	13.100000	0.000147
	13.120000	0.000492
	13.140000	0.000518
	13.160000	0.000850
	13.180000	0.001085
	13.200000	0.001391
	13.220000	0.001886
	13.240000	0.002719
	13.260000	0.003201
	13.280000	0.003963
	13.300000	0.004921
	13.320000	0.006034
	13.340000	0.007525
	13.360000	0.009186
	13.380000	0.011726
	13.400000	0.014917
	13.420000	0.019085
	13.440000	0.024952
	13.460000	0.033867
	13.480000	0.046221
	13.500000	0.064794
	13.520000	0.096313
	13.540000	0.139189
	13.560000	0.186312
	13.580000	0.233401
	13.600000	0.279137
	13.620000	0.321310
	13.640000	0.362004
	13.660000	0.398564
	13.680000	0.432271
	13.700000	0.465334
	13.720000	0.494404
	13.740000	0.518245
	13.760000	0.539775
	13.780000	0.557866
	13.800000	0.571313
	13.820000	0.581388
	13.840000	0.591671
	13.860000	0.602891
	13.880000	0.613675
	13.900000	0.626315
	13.920000	0.638122
	13.940000	0.647812
	13.960000	0.658186
	13.980000	0.667870
	14.000000	0.673776
	14.020000	0.673809
	14.040000	0.668306
	14.060000	0.663331
	14.080000	0.656708
	14.100000	0.649890
	14.120000	0.644250
	14.140000	0.642817
	14.160000	0.642498
	14.180000	0.638532
	14.200000	0.631408
	14.220000	0.623893
	14.240000	0.611168
	14.260000	0.589990
	14.280000	0.559077
	14.300000	0.524152
	14.320000	0.496918
	14.340000	0.484421
	14.360000	0.487006
	14.380000	0.467945
	14.400000	0.406079
	14.420000	0.349814
	14.440000	0.318933
	14.460000	0.277847
	14.480000	0.183485
	14.500000	0.075376
	14.520000	0.024320
	14.540000	0.010124
	14.560000	0.005624
	14.580000	0.003520
	14.600000	0.002635
	14.620000	0.002081
	14.640000	0.002036
	14.660000	0.001762
	14.680000	0.001690
	14.700000	0.001697
	14.720000	0.001651
	14.740000	0.001743
	14.760000	0.001769
	14.780000	0.001827
	14.800000	0.001795
	14.820000	0.001703
	14.840000	0.001762
	14.860000	0.001788
	14.880000	0.001905
	14.900000	0.001879
	14.920000	0.001834
	14.940000	0.001703
	14.960000	0.001788
	14.980000	0.001547
	15.000000	0.001287
	15.020000	0.001183
	15.040000	0.001313
	15.060000	0.001202
	15.080000	0.001332
	15.100000	0.001469
	15.120000	0.001410
	15.140000	0.001456
	15.160000	0.001730
	15.180000	0.001651
	15.200000	0.001879
	15.220000	0.001912
	15.240000	0.002257
	15.260000	0.002583
	15.280000	0.003012
	15.300000	0.003371
	15.320000	0.004191
	15.340000	0.004764
	15.360000	0.005819
	15.380000	0.006959
	15.400000	0.008776
	15.420000	0.011166
	15.440000	0.014865
	15.460000	0.020322
	15.480000	0.029152
	15.500000	0.043160
	15.520000	0.061277
	15.540000	0.081472
	15.560000	0.101822
	15.580000	0.121717
	15.600000	0.140472
	15.620000	0.159084
	15.640000	0.177312
	15.660000	0.194139
	15.680000	0.209026
	15.700000	0.222292
	15.720000	0.235140
	15.740000	0.245911
	15.760000	0.254586
	15.780000	0.262218
	15.800000	0.268300
	15.820000	0.273210
	15.840000	0.278720
	15.860000	0.284262
	15.880000	0.290259
	15.900000	0.296238
	15.920000	0.301760
	15.940000	0.307582
	15.960000	0.312180
	15.980000	0.315436
	16.000000	0.315468
	16.020000	0.313046
	16.040000	0.310551
	16.060000	0.308025
	16.080000	0.304749
	16.100000	0.301578
	16.120000	0.301044
	16.140000	0.300952
	16.160000	0.299474
	16.180000	0.297188
	16.200000	0.294623
	16.220000	0.287739
	16.240000	0.276551
	16.260000	0.261482
	16.280000	0.244212
	16.300000	0.230946
	16.320000	0.226407
	16.340000	0.229234
	16.360000	0.217909
	16.380000	0.186826
	16.400000	0.160302
	16.420000	0.145389
	16.440000	0.128262
	16.460000	0.086427
	16.480000	0.035469
	16.500000	0.012651
	16.520000	0.007024
	16.540000	0.006015
	16.560000	0.006379
	16.580000	0.007122
	16.600000	0.007916
	16.620000	0.008906
	16.640000	0.009902
	16.660000	0.011107
	16.680000	0.012130
	16.700000	0.012872
	16.720000	0.013797
	16.740000	0.014578
	16.760000	0.015171
	16.780000	0.015750
	16.800000	0.016258
	16.820000	0.016727
	16.840000	0.017274
	16.860000	0.017450
	16.880000	0.018049
	16.900000	0.018394
	16.920000	0.018479
	16.940000	0.018798
	16.960000	0.019254
	16.980000	0.019260
	17.000000	0.019482
	17.020000	0.019697
	17.040000	0.019716
	17.060000	0.019508
	17.080000	0.019286
	17.100000	0.018993
	17.120000	0.018837
	17.140000	0.018818
	17.160000	0.018655
	17.180000	0.018303
	17.200000	0.018303
	17.220000	0.018056
	17.240000	0.017932
	17.260000	0.017229
	17.280000	0.015868
	17.300000	0.014715
	17.320000	0.014200
	17.340000	0.014611
	17.360000	0.014383
	17.380000	0.012631
	17.400000	0.011159
	17.420000	0.010560
	17.440000	0.009779
	17.460000	0.008476
	17.480000	0.006750
	17.500000	0.007955
	17.520000	0.011784
	17.540000	0.015789
	17.560000	0.020185
	17.580000	0.024340
	17.600000	0.028286
	17.620000	0.032584
	17.640000	0.036602
	17.660000	0.040497
	17.680000	0.044235
	17.700000	0.047497
	17.720000	0.050617
	17.740000	0.053443
	17.760000	0.056230
	17.780000	0.058855
	17.800000	0.060691
	17.820000	0.062488
	17.840000	0.064436
	17.860000	0.065888
	17.880000	0.067210
	17.900000	0.068297
	17.920000	0.069886
	17.940000	0.071006
	17.960000	0.072231
	17.980000	0.073279
	18.000000	0.074093
	18.020000	0.074243
	18.040000	0.073976
	18.060000	0.073820
	18.080000	0.073540
	18.100000	0.073064
	18.120000	0.072048
	18.140000	0.071065
	18.160000	0.070446
	18.180000	0.069580
	18.200000	0.069124
	18.220000	0.068682
	18.240000	0.067685
	18.260000	0.065562
	18.280000	0.061153
	18.300000	0.055963
	18.320000	0.052955
	18.340000	0.053730
	18.360000	0.052427
	18.380000	0.045387
	18.400000	0.039364
	18.420000	0.035411
	18.440000	0.029113
	18.460000	0.021442
	18.480000	0.008685
	18.500000	0.001801
	18.520000	-0.000354
	18.540000	-0.001032
	18.560000	-0.001175
	18.580000	-0.001299
	18.600000	-0.001292
	18.620000	-0.001377
	18.640000	-0.001416
	18.660000	-0.001344
	18.680000	-0.001292
	18.700000	-0.001273
	18.720000	-0.001175
	18.740000	-0.001338
	18.760000	-0.001364
	18.780000	-0.001260
	18.800000	-0.001442
	18.820000	-0.001487
	18.840000	-0.001227
	18.860000	-0.001455
	18.880000	-0.001253
	18.900000	-0.001292
	18.920000	-0.001227
	18.940000	-0.001318
	18.960000	-0.001279
	18.980000	-0.001292
	19.000000	-0.001175
	19.020000	-0.001260
	19.040000	-0.001162
	19.060000	-0.001175
	19.080000	-0.001312
	19.100000	-0.001162
	19.120000	-0.001142
	19.140000	-0.001032
	19.160000	-0.000953
	19.180000	-0.000980
	19.200000	-0.000862
	19.220000	-0.000934
	19.240000	-0.000634
	19.260000	-0.000869
	19.280000	-0.000765
	19.300000	-0.000413
	19.320000	-0.000166
	19.340000	0.000128
	19.360000	0.000479
	19.380000	0.000831
	19.400000	0.001521
	19.420000	0.002557
	19.440000	0.004263
	19.460000	0.007219
	19.480000	0.011934
	19.500000	0.017502
	19.520000	0.022660
	19.540000	0.027401
	19.560000	0.031699
	19.580000	0.036173
	19.600000	0.040998
	19.620000	0.045667
	19.640000	0.049985
	19.660000	0.053821
	19.680000	0.057220
	19.700000	0.060385
	19.720000	0.063400
	19.740000	0.066298
	19.760000	0.068688
	19.780000	0.070687
	19.800000	0.073103
	19.820000	0.075109
	19.840000	0.077017
	19.860000	0.078756
	19.880000	0.080163
	19.900000	0.081009
	19.920000	0.082286
	19.940000	0.083406
	19.960000	0.084780
	19.980000	0.085340
	20.000000	0.085411
	20.020000	0.085294
	20.040000	0.085066
	20.060000	0.084246
	20.080000	0.083165
	20.100000	0.082448
	20.120000	0.082058
	20.140000	0.081517
	20.160000	0.081159
	20.180000	0.080846
	20.200000	0.079739
	20.220000	0.077037
	20.240000	0.071579
	20.260000	0.065972
	20.280000	0.062814
	20.300000	0.063478
	20.320000	0.061616
	20.340000	0.052662
	20.360000	0.045505
	20.380000	0.040230
	20.400000	0.033874
	20.420000	0.025160
	20.440000	0.010912
	20.460000	0.002882
	20.480000	-0.000179
	20.500000	-0.000862
	20.520000	-0.001194
	20.540000	-0.001383
	20.560000	-0.001416
	20.580000	-0.001416
	20.600000	-0.001566
	20.620000	-0.001487
	20.640000	-0.001448
	20.660000	-0.001507
	20.680000	-0.001494
	20.700000	-0.001409
	20.720000	-0.001312
	20.740000	-0.001227
	20.760000	-0.001520
	20.780000	-0.001364
	20.800000	-0.001429
	20.820000	-0.001364
	20.840000	-0.001481
	20.860000	-0.001266
	20.880000	-0.001507
	20.900000	-0.001605
	20.920000	-0.001422
	20.940000	-0.001514
	20.960000	-0.001514
	20.980000	-0.001403
	21.000000	-0.001448
	21.020000	-0.001540
	21.040000	-0.001429
	21.060000	-0.001501
	21.080000	-0.001481
	21.100000	-0.001455
	21.120000	-0.001448
	21.140000	-0.001481
	21.160000	-0.001468
	21.180000	-0.001383
	21.200000	-0.001383
	21.220000	-0.001435
	21.240000	-0.001331
	21.260000	-0.001487
	21.280000	-0.001279
	21.300000	-0.001305
	21.320000	-0.001207
	21.340000	-0.001299
	21.360000	-0.001234
	21.380000	-0.001064
	21.400000	-0.001051
	21.420000	-0.001019
	21.440000	-0.000862
	21.460000	-0.000726
	21.480000	-0.000257
	21.500000	0.000427
	21.520000	0.000942
	21.540000	0.001365
	21.560000	0.001957
	21.580000	0.002413
	21.600000	0.002706
	21.620000	0.003358
	21.640000	0.003859
	21.660000	0.004243
	21.680000	0.004823
	21.700000	0.005109
	21.720000	0.005481
	21.740000	0.005871
	21.760000	0.006060
	21.780000	0.006275
	21.800000	0.006529
	21.820000	0.006724
	21.840000	0.007030
	21.860000	0.007258
	21.880000	0.007402
	21.900000	0.007519
	21.920000	0.007623
	21.940000	0.007766
	21.960000	0.007988
	21.980000	0.008046
	22.000000	0.008033
	22.020000	0.008033
	22.040000	0.008242
	22.060000	0.007864
	22.080000	0.007877
	22.100000	0.007825
	22.120000	0.007656
	22.140000	0.007812
	22.160000	0.007701
	22.180000	0.007682
	22.200000	0.007532
	22.220000	0.007291
	22.240000	0.006907
	22.260000	0.006314
	22.280000	0.005943
	22.300000	0.005832
	22.320000	0.005611
	22.340000	0.005057
	22.360000	0.003911
	22.380000	0.003390
	22.400000	0.002732
	22.420000	0.002068
	22.440000	0.000544
	22.460000	-0.000576
	22.480000	-0.001084
	22.500000	-0.001240
	22.520000	-0.001338
	22.540000	-0.001266
	22.560000	-0.001344
	22.580000	-0.001435
	22.600000	-0.001370
	22.620000	-0.001331
	22.640000	-0.001305
	22.660000	-0.001338
	22.680000	-0.001448
	22.700000	-0.001286
	22.720000	-0.001260
	22.740000	-0.001266
	22.760000	-0.001461
	22.780000	-0.001240
	22.800000	-0.001435
	22.820000	-0.001338
	22.840000	-0.001234
	22.860000	-0.001383
	22.880000	-0.001461
	22.900000	-0.001266
	22.920000	-0.001266
	22.940000	-0.001305
	22.960000	-0.001351
	22.980000	-0.001416
	23.000000	-0.001448
	23.020000	-0.001553
	23.040000	-0.001403
	23.060000	-0.001520
	23.080000	-0.001364
	23.100000	-0.001409
	23.120000	-0.001624
	23.140000	-0.001429
	23.160000	-0.001494
	23.180000	-0.001631
	23.200000	-0.001370
	23.220000	-0.001429
	23.240000	-0.001474
	23.260000	-0.001409
	23.280000	-0.001494
	23.300000	-0.001377
	23.320000	-0.001409
	23.340000	-0.001370
	23.360000	-0.001422
	23.380000	-0.001325
	23.400000	-0.001234
	23.420000	-0.001442
	23.440000	-0.001351
	23.460000	-0.001435
	23.480000	-0.001253
	23.500000	-0.001487
	23.520000	-0.001416
	23.540000	-0.001383
	23.560000	-0.001422
	23.580000	-0.001344
	23.600000	-0.001416
	23.620000	-0.001579
	23.640000	-0.001416
	23.660000	-0.001194
	23.680000	-0.001442
	23.700000	-0.001305
	23.720000	-0.001507
	23.740000	-0.001468
	23.760000	-0.001442
	23.780000	-0.001435
	23.800000	-0.001507
	23.820000	-0.001286
	23.840000	-0.001435
	23.860000	-0.001318
	23.880000	-0.001305
	23.900000	-0.001364
	23.920000	-0.001390
	23.940000	-0.001286
	23.960000	-0.001227
	23.980000	-0.001331
	24.000000	-0.001442
	24.020000	-0.001292
	24.040000	-0.001299
	24.060000	-0.001422
	24.080000	-0.001383
	24.100000	-0.001364
	24.120000	-0.001234
	24.140000	-0.001318
	24.160000	-0.001422
	24.180000	-0.001435
	24.200000	-0.001318
	24.220000	-0.001364
	24.240000	-0.001553
	24.260000	-0.001448
	24.280000	-0.001344
	24.300000	-0.001403
	24.320000	-0.001468
	24.340000	-0.001409
	24.360000	-0.001468
	24.380000	-0.001331
	24.400000	-0.001448
	24.420000	-0.001338
	24.440000	-0.001240
	24.460000	-0.001474
	24.480000	-0.001364
	24.500000	-0.001214
	24.520000	-0.001370
	24.540000	-0.001247
	24.560000	-0.001344
	24.580000	-0.001396
	24.600000	-0.001448
	24.620000	-0.001527
	24.640000	-0.001416
	24.660000	-0.001377
	24.680000	-0.001461
	24.700000	-0.001234
	24.720000	-0.001416
	24.740000	-0.001344
	24.760000	-0.001494
	24.780000	-0.001403
	24.800000	-0.001481
	24.820000	-0.001299
	24.840000	-0.001344
	24.860000	-0.001416
	24.880000	-0.001214
	24.900000	-0.001097
	24.920000	-0.001448
	24.940000	-0.001175
	24.960000	-0.001331
	24.980000	-0.001312
	25.000000	-0.001299
	25.020000	-0.001260
	25.040000	-0.001234
	25.060000	-0.001207
	25.080000	-0.001194
	25.100000	-0.001220
	25.120000	-0.001227
	25.140000	-0.001396
	25.160000	-0.001181
	25.180000	-0.001351
	25.200000	-0.001318
	25.220000	-0.001383
	25.240000	-0.001305
	25.260000	-0.001429
	25.280000	-0.001331
	25.300000	-0.001338
	25.320000	-0.001364
	25.340000	-0.001416
	25.360000	-0.001461
	25.380000	-0.001207
	25.400000	-0.001253
	25.420000	-0.001338
	25.440000	-0.001370
	25.460000	-0.001403
	25.480000	-0.001422
	25.500000	-0.001240
	25.520000	-0.001149
	25.540000	-0.001149
	25.560000	-0.001266
	25.580000	-0.001181
	25.600000	-0.001273
	25.620000	-0.001038
	25.640000	-0.001227
	25.660000	-0.001097
	25.680000	-0.001110
	25.700000	-0.001077
	25.720000	-0.000882
	25.740000	-0.000980
	25.760000	-0.001045
	25.780000	-0.001051
	25.800000	-0.000804
	25.820000	-0.000999
	25.840000	-0.000804
	25.860000	-0.000869
	25.880000	-0.000908
	25.900000	-0.000836
	25.920000	-0.000810
	25.940000	-0.000647
	25.960000	-0.000739
	25.980000	-0.000836
	26.000000	-0.000647
	26.020000	-0.000647
	26.040000	-0.000621
	26.060000	-0.000680
	26.080000	-0.000719
	26.100000	-0.000504
	26.120000	-0.000615
	26.140000	-0.000739
	26.160000	-0.000745
	26.180000	-0.000595
	26.200000	-0.000804
	26.220000	-0.000797
	26.240000	-0.000791
	26.260000	-0.000836
	26.280000	-0.000908
	26.300000	-0.000849
	26.320000	-0.000895
	26.340000	-0.000986
	26.360000	-0.000999
	26.380000	-0.000999
	26.400000	-0.001064
	26.420000	-0.000843
	26.440000	-0.001077
	26.460000	-0.001123
	26.480000	-0.000921
	26.500000	-0.001103
	26.520000	-0.001110
	26.540000	-0.000745
	26.560000	-0.000843
	26.580000	-0.000745
	26.600000	-0.000595
	26.620000	-0.000589
	26.640000	-0.000374
	26.660000	-0.000172
	26.680000	-0.000224
	26.700000	-0.000100
	26.720000	0.000160
	26.740000	0.000258
	26.760000	0.000277
	26.780000	0.000473
	26.800000	0.000707
	26.820000	0.000557
	26.840000	0.001000
	26.860000	0.001254
	26.880000	0.001306
	26.900000	0.001456
	26.920000	0.001931
	26.940000	0.002140
	26.960000	0.002309
	26.980000	0.002478
	27.000000	0.002902
	27.020000	0.003553
	27.040000	0.003905
	27.060000	0.004465
	27.080000	0.005174
	27.100000	0.006093
	27.120000	0.006894
	27.140000	0.008040
	27.160000	0.009596
	27.180000	0.011446
	27.200000	0.013725
	27.220000	0.016187
	27.240000	0.019560
	27.260000	0.023806
	27.280000	0.028807
	27.300000	0.034890
	27.320000	0.042463
	27.340000	0.052805
	27.360000	0.066396
	27.380000	0.084584
	27.400000	0.109624
	27.420000	0.145923
	27.440000	0.198854
	27.460000	0.274181
	27.480000	0.398479
	27.500000	0.600234
	27.520000	0.838626
	27.540000	1.059527
	27.560000	1.261601
	27.580000	1.447648
	27.600000	1.629717
	27.620000	1.808457
	27.640000	1.980731
	27.660000	2.160891
	27.680000	2.346633
	27.700000	2.536542
	27.720000	2.729817
	27.740000	2.915305
	27.760000	3.096683
	27.780000	3.274557
	27.800000	3.435558
	27.820000	3.601131
	27.840000	3.765545
	27.860000	3.925700
	27.880000	4.078287
	27.900000	4.210902
	27.920000	4.337512
	27.940000	4.444202
	27.960000	4.531713
	27.980000	4.581896
	28.000000	4.605998
	28.020000	4.624147
	28.040000	4.632874
	28.060000	4.617915
	28.080000	4.585224
	28.100000	4.558543
	28.120000	4.539996
	28.140000	4.542465
	28.160000	4.554655
	28.180000	4.531583
	28.200000	4.455025
	28.220000	4.284991
	28.240000	3.985547
	28.260000	3.668728
	28.280000	3.514044
	28.300000	3.517528
	28.320000	3.318000
	28.340000	2.716402
	28.360000	2.233756
	28.380000	1.842594
	28.400000	1.457846
	28.420000	1.089620
	28.440000	0.546912
	28.460000	0.214308
	28.480000	0.086427
	28.500000	0.037149
	28.520000	0.022236
	28.540000	0.016675
	28.560000	0.014506
	28.580000	0.013666
	28.600000	0.013601
	28.620000	0.013986
	28.640000	0.014734
	28.660000	0.015737
	28.680000	0.016701
	28.700000	0.017834
	28.720000	0.019032
	28.740000	0.020263
	28.760000	0.021409
	28.780000	0.022764
	28.800000	0.023962
	28.820000	0.025271
	28.840000	0.026587
	28.860000	0.027700
	28.880000	0.028925
	28.900000	0.030038
	28.920000	0.030859
	28.940000	0.031555
	28.960000	0.032116
	28.980000	0.032428
	29.000000	0.032702
	29.020000	0.032812
	29.040000	0.032877
	29.060000	0.032363
	29.080000	0.032369
	29.100000	0.031901
	29.120000	0.031972
	29.140000	0.032109
	29.160000	0.032018
	29.180000	0.031699
	29.200000	0.030917
	29.220000	0.029257
	29.240000	0.026873
	29.260000	0.025004
	29.280000	0.024444
	29.300000	0.024516
	29.320000	0.021357
	29.340000	0.016844
	29.360000	0.014239
	29.380000	0.010964
	29.400000	0.008730
	29.420000	0.005363
	29.440000	0.001918
	29.460000	-9.218451E-6
	29.480000	-0.000830
	29.500000	-0.001025
	29.520000	-0.001194
	29.540000	-0.001201
	29.560000	-0.001097
	29.580000	-0.001090
	29.600000	-0.001084
	29.620000	-0.001045
	29.640000	-0.001032
	29.660000	-0.000986
	29.680000	-0.000888
	29.700000	-0.000869
	29.720000	-0.000986
	29.740000	-0.000875
	29.760000	-0.000719
	29.780000	-0.000719
	29.800000	-0.000628
	29.820000	-0.000660
	29.840000	-0.000504
	29.860000	-0.000752
	29.880000	-0.000452
	29.900000	-0.000563
	29.920000	-0.000419
	29.940000	-0.000543
	29.960000	-0.000563
	29.980000	-0.000361
	30.000000	-0.000465
	30.020000	-0.000426
	30.040000	-0.000328
	30.060000	-0.000439
	30.080000	-0.000517
	30.100000	-0.000543
	30.120000	-0.000511
	30.140000	-0.000354
	30.160000	-0.000530
	30.180000	-0.000446
	30.200000	-0.000641
	30.220000	-0.000647
	30.240000	-0.000524
	30.260000	-0.000823
	30.280000	-0.000706
	30.300000	-0.000667
	30.320000	-0.000810
	30.340000	-0.000817
	30.360000	-0.000830
	30.380000	-0.000953
	30.400000	-0.001090
	30.420000	-0.000960
	30.440000	-0.001194
	30.460000	-0.001214
	30.480000	-0.001181
	30.500000	-0.001299
	30.520000	-0.001396
	30.540000	-0.001357
	30.560000	-0.001286
	30.580000	-0.001266
	30.600000	-0.001207
	30.620000	-0.001194
	30.640000	-0.001357
	30.660000	-0.001266
	30.680000	-0.001253
	30.700000	-0.001142
	30.720000	-0.001234
	30.740000	-0.001273
	30.760000	-0.001110
	30.780000	-0.001084
	30.800000	-0.001006
	30.820000	-0.001051
	30.840000	-0.000960
	30.860000	-0.000934
	30.880000	-0.000817
	30.900000	-0.000973
	30.920000	-0.000823
	30.940000	-0.000765
	30.960000	-0.000654
	30.980000	-0.000602
	31.000000	-0.000485
	31.020000	-0.000387
	31.040000	-0.000322
	31.060000	-0.000185
	31.080000	-0.000159
	31.100000	2.334259E-5
	31.120000	0.000219
	31.140000	0.000499
	31.160000	0.000981
	31.180000	0.001436
	31.200000	0.001769
	31.220000	0.002498
	31.240000	0.003351
	31.260000	0.004054
	31.280000	0.005389
	31.300000	0.006757
	31.320000	0.008672
	31.340000	0.011009
	31.360000	0.013927
	31.380000	0.018160
	31.400000	0.023923
	31.420000	0.032050
	31.440000	0.044261
	31.460000	0.064279
	31.480000	0.096704
	31.500000	0.142172
	31.520000	0.190655
	31.540000	0.232796
	31.560000	0.269922
	31.580000	0.305036
	31.600000	0.340573
	31.620000	0.378194
	31.640000	0.416310
	31.660000	0.452251
	31.680000	0.487163
	31.700000	0.524393
	31.720000	0.563127
	31.740000	0.601595
	31.760000	0.641398
	31.780000	0.680647
	31.800000	0.722905
	31.820000	0.766061
	31.840000	0.806860
	31.860000	0.848753
	31.880000	0.887175
	31.900000	0.922282
	31.920000	0.952447
	31.940000	0.974894
	31.960000	0.990778
	31.980000	1.002272
	32.000000	1.009956
	32.020000	1.015733
	32.040000	1.015830
	32.060000	1.009292
	32.080000	1.002493
	32.100000	0.997524
	32.120000	0.999231
	32.140000	1.005079
	32.160000	1.000572
	32.180000	0.980684
	32.200000	0.942705
	32.220000	0.878891
	32.240000	0.810350
	32.260000	0.780713
	32.280000	0.784028
	32.300000	0.701779
	32.320000	0.555905
	32.340000	0.459779
	32.360000	0.371512
	32.380000	0.288104
	32.400000	0.226257
	32.420000	0.122466
	32.440000	0.050734
	32.460000	0.019886
	32.480000	0.007089
	32.500000	0.002804
	32.520000	0.001026
	32.540000	0.000277
	32.560000	-0.000139
	32.580000	-0.000276
	32.600000	-0.000524
	32.620000	-0.000745
	32.640000	-0.000726
	32.660000	-0.000686
	32.680000	-0.000817
	32.700000	-0.000739
	32.720000	-0.001038
	32.740000	-0.000771
	32.760000	-0.000895
	32.780000	-0.000908
	32.800000	-0.000895
	32.820000	-0.000817
	32.840000	-0.000791
	32.860000	-0.000693
	32.880000	-0.000765
	32.900000	-0.000706
	32.920000	-0.000752
	32.940000	-0.000537
	32.960000	-0.000641
	32.980000	-0.000543
	33.000000	-0.000556
	33.020000	-0.000491
	33.040000	-0.000608
	33.060000	-0.000700
	33.080000	-0.000608
	33.100000	-0.000517
	33.120000	-0.000608
	33.140000	-0.000647
	33.160000	-0.000439
	33.180000	-0.000576
	33.200000	-0.000634
	33.220000	-0.000556
	33.240000	-0.000745
	33.260000	-0.000862
	33.280000	-0.000830
	33.300000	-0.000856
	33.320000	-0.001019
	33.340000	-0.000791
	33.360000	-0.001103
	33.380000	-0.001247
	33.400000	-0.001058
	33.420000	-0.001097
	33.440000	-0.001390
	33.460000	-0.001266
	33.480000	-0.001058
	33.500000	-0.001097
	33.520000	-0.000771
	33.540000	-0.000478
	33.560000	-0.000393
	33.580000	-0.000133
	33.600000	2.334259E-5
	33.620000	7.544026E-5
	33.640000	0.000264
	33.660000	0.000297
	33.680000	0.000538
	33.700000	0.000596
	33.720000	0.000675
	33.740000	0.000759
	33.760000	0.000994
	33.780000	0.001189
	33.800000	0.001423
	33.820000	0.001502
	33.840000	0.001430
	33.860000	0.001840
	33.880000	0.001743
	33.900000	0.001912
	33.920000	0.002218
	33.940000	0.002277
	33.960000	0.002439
	33.980000	0.002465
	34.000000	0.002537
	34.020000	0.002544
	34.040000	0.002563
	34.060000	0.002648
	34.080000	0.002648
	34.100000	0.002700
	34.120000	0.002524
	34.140000	0.002622
	34.160000	0.002804
	34.180000	0.002511
	34.200000	0.002439
	34.220000	0.002244
	34.240000	0.001866
	34.260000	0.001769
	34.280000	0.001743
	34.300000	0.001450
	34.320000	0.000720
	34.340000	0.000505
	34.360000	-3.526728E-5
	34.380000	-0.000387
	34.400000	-0.000517
	34.420000	-0.000830
	34.440000	-0.001181
	34.460000	-0.001299
	34.480000	-0.001312
	34.500000	-0.001409
	34.520000	-0.001455
	34.540000	-0.001338
	34.560000	-0.001370
	34.580000	-0.001338
	34.600000	-0.001390
	34.620000	-0.001305
	34.640000	-0.001279
	34.660000	-0.001305
	34.680000	-0.001422
	34.700000	-0.001305
	34.720000	-0.001240
	34.740000	-0.001338
	34.760000	-0.001214
	34.780000	-0.001331
	34.800000	-0.001448
	34.820000	-0.001422
	34.840000	-0.001234
	34.860000	-0.001396
	34.880000	-0.001533
	34.900000	-0.001253
	34.920000	-0.001514
	34.940000	-0.001351
	34.960000	-0.001442
	34.980000	-0.001507
	35.000000	-0.001292
	35.020000	-0.001338
	35.040000	-0.001344
	35.060000	-0.001377
	35.080000	-0.001318
	35.100000	-0.001429
	35.120000	-0.001396
	35.140000	-0.001357
	35.160000	-0.001273
	35.180000	-0.001442
	35.200000	-0.001318
	35.220000	-0.001403
	35.240000	-0.001318
	35.260000	-0.001136
	35.280000	-0.001331
	35.300000	-0.001188
	35.320000	-0.001227
	35.340000	-0.001312
	35.360000	-0.001344
	35.380000	-0.001364
	35.400000	-0.001155
	35.420000	-0.001181
	35.440000	-0.001344
	35.460000	-0.001383
	35.480000	-0.001227
	35.500000	-0.001032
	35.520000	-0.001175
	35.540000	-0.001116
	35.560000	-0.001090
	35.580000	-0.001006
	35.600000	-0.000908
	35.620000	-0.000921
	35.640000	-0.000797
	35.660000	-0.000973
	35.680000	-0.000882
	35.700000	-0.000726
	35.720000	-0.000673
	35.740000	-0.000634
	35.760000	-0.000263
	35.780000	-0.000393
	35.800000	-0.000446
	35.820000	-0.000276
	35.840000	-0.000276
	35.860000	-9.387716E-5
	35.880000	-0.000224
	35.900000	-8.085274E-5
	35.920000	6.241584E-5
	35.940000	-2.224287E-5
	35.960000	-0.000185
	35.980000	-0.000100
	36.000000	4.939143E-5
	36.020000	0.000232
	36.040000	0.000232
	36.060000	-1.573066E-5
	36.080000	-1.573066E-5
	36.100000	0.000186
	36.120000	-3.526728E-5
	36.140000	1.031817E-5
	36.160000	-2.706242E-6
	36.180000	0.000147
	36.200000	-2.706242E-6
	36.220000	-4.829170E-5
	36.240000	-0.000244
	36.260000	-0.000426
	36.280000	-0.000185
	36.300000	-0.000419
	36.320000	-0.000693
	36.340000	-0.000765
	36.360000	-0.000908
	36.380000	-0.000960
	36.400000	-0.001051
	36.420000	-0.001273
	36.440000	-0.001299
	36.460000	-0.001442
	36.480000	-0.001286
	36.500000	-0.001435
	36.520000	-0.001273
	36.540000	-0.001312
	36.560000	-0.001383
	36.580000	-0.001409
	36.600000	-0.001299
	36.620000	-0.001383
	36.640000	-0.001487
	36.660000	-0.001461
	36.680000	-0.001461
	36.700000	-0.001305
	36.720000	-0.001318
	36.740000	-0.001331
	36.760000	-0.001227
	36.780000	-0.001312
	36.800000	-0.001338
	36.820000	-0.001181
	36.840000	-0.001214
	36.860000	-0.001390
	36.880000	-0.001103
	36.900000	-0.001292
	36.920000	-0.001273
	36.940000	-0.001292
	36.960000	-0.001305
	36.980000	-0.001214
	37.000000	-0.001416
	37.020000	-0.001266
	37.040000	-0.001442
	37.060000	-0.001403
	37.080000	-0.001273
	37.100000	-0.001481
	37.120000	-0.001338
	37.140000	-0.001240
	37.160000	-0.001325
	37.180000	-0.001331
	37.200000	-0.001409
	37.220000	-0.001370
	37.240000	-0.001357
	37.260000	-0.001364
	37.280000	-0.001253
	37.300000	-0.001390
	37.320000	-0.001357
	37.340000	-0.001253
	37.360000	-0.001292
	37.380000	-0.001325
	37.400000	-0.001273
	37.420000	-0.001325
	37.440000	-0.001175
	37.460000	-0.001292
	37.480000	-0.001338
	37.500000	-0.001396
	37.520000	-0.001403
	37.540000	-0.001422
	37.560000	-0.001318
	37.580000	-0.001253
	37.600000	-0.001201
	37.620000	-0.001266
	37.640000	-0.001181
	37.660000	-0.001279
	37.680000	-0.001279
	37.700000	-0.001162
	37.720000	-0.001240
	37.740000	-0.001168
	37.760000	-0.001123
	37.780000	-0.001168
	37.800000	-0.001162
	37.820000	-0.001214
	37.840000	-0.001110
	37.860000	-0.001162
	37.880000	-0.001025
	37.900000	-0.000986
	37.920000	-0.001077
	37.940000	-0.000999
	37.960000	-0.001038
	37.980000	-0.000908
	38.000000	-0.001084
	38.020000	-0.000986
	38.040000	-0.000999
	38.060000	-0.001038
	38.080000	-0.001025
	38.100000	-0.001032
	38.120000	-0.000836
	38.140000	-0.001012
	38.160000	-0.001051
	38.180000	-0.001058
	38.200000	-0.001071
	38.220000	-0.000973
	38.240000	-0.001142
	38.260000	-0.001194
	38.280000	-0.001064
	38.300000	-0.001253
	38.320000	-0.001175
	38.340000	-0.001266
	38.360000	-0.001058
	38.380000	-0.001207
	38.400000	-0.001123
	38.420000	-0.001247
	38.440000	-0.001207
	38.460000	-0.001123
	38.480000	-0.001162
	38.500000	-0.001396
	38.520000	-0.001312
	38.540000	-0.001155
	38.560000	-0.001344
	38.580000	-0.001279
	38.600000	-0.001377
	38.620000	-0.001279
	38.640000	-0.001071
	38.660000	-0.001162
	38.680000	-0.001181
	38.700000	-0.001149
	38.720000	-0.001155
	38.740000	-0.001071
	38.760000	-0.001220
	38.780000	-0.001220
	38.800000	-0.001247
	38.820000	-0.001116
	38.840000	-0.001071
	38.860000	-0.001103
	38.880000	-0.001110
	38.900000	-0.000967
	38.920000	-0.000986
	38.940000	-0.000927
	38.960000	-0.000849
	38.980000	-0.000862
	39.000000	-0.000641
	39.020000	-0.000778
	39.040000	-0.000667
	39.060000	-0.000752
	39.080000	-0.000563
	39.100000	-0.000498
	39.120000	-0.000393
	39.140000	-0.000322
	39.160000	-0.000237
	39.180000	-9.218451E-6
	39.200000	-2.706242E-6
	39.220000	0.000232
	39.240000	0.000303
	39.260000	0.000551
	39.280000	0.000955
	39.300000	0.001319
	39.320000	0.001795
	39.340000	0.002407
	39.360000	0.003104
	39.380000	0.004289
	39.400000	0.005709
	39.420000	0.007512
	39.440000	0.010482
	39.460000	0.014565
	39.480000	0.020869
	39.500000	0.031288
	39.520000	0.047152
	39.540000	0.065536
	39.560000	0.080566
	39.580000	0.092933
	39.600000	0.104447
	39.620000	0.115556
	39.640000	0.126393
	39.660000	0.137398
	39.680000	0.148573
	39.700000	0.160080
	39.720000	0.171907
	39.740000	0.183622
	39.760000	0.195175
	39.780000	0.207756
	39.800000	0.222474
	39.820000	0.237823
	39.840000	0.254429
	39.860000	0.271211
	39.880000	0.288423
	39.900000	0.305198
	39.920000	0.318972
	39.940000	0.330687
	39.960000	0.342162
	39.980000	0.351611
	40.000000	0.359725
	40.020000	0.366804
	40.040000	0.370822
	40.060000	0.371825
	40.080000	0.371929
	40.100000	0.374684
	40.120000	0.377399
	40.140000	0.375967
	40.160000	0.369363
	40.180000	0.356332
	40.200000	0.338274
	40.220000	0.318112
	40.240000	0.303909
	40.260000	0.300112
	40.280000	0.270313
	40.300000	0.207665
	40.320000	0.159019
	40.340000	0.122381
	40.360000	0.090283
	40.380000	0.071801
	40.400000	0.046032
	40.420000	0.023624
	40.440000	0.010293
	40.460000	0.004263
	40.480000	0.001176
	40.500000	-0.000100
	40.520000	-0.000537
	40.540000	-0.000810
	40.560000	-0.000999
	40.580000	-0.000940
	40.600000	-0.001116
	40.620000	-0.001123
	40.640000	-0.001084
	40.660000	-0.001123
	40.680000	-0.001325
	40.700000	-0.001136
	40.720000	-0.001025
	40.740000	-0.001175
	40.760000	-0.001084
	40.780000	-0.001123
	40.800000	-0.001194
	40.820000	-0.001136
	40.840000	-0.001116
	40.860000	-0.001220
	40.880000	-0.001116
	40.900000	-0.001207
	40.920000	-0.001045
	40.940000	-0.000882
	40.960000	-0.001019
	40.980000	-0.001084
	41.000000	-0.000908
	41.020000	-0.000901
	41.040000	-0.000817
	41.060000	-0.000843
	41.080000	-0.000888
	41.100000	-0.000953
	41.120000	-0.000726
	41.140000	-0.000732
	41.160000	-0.000986
	41.180000	-0.000986
	41.200000	-0.000836
	41.220000	-0.000960
	41.240000	-0.000869
	41.260000	-0.000921
	41.280000	-0.001006
	41.300000	-0.001006
	41.320000	-0.001032
	41.340000	-0.001038
	41.360000	-0.001012
	41.380000	-0.001175
	41.400000	-0.001240
	41.420000	-0.001162
	41.440000	-0.001103
	41.460000	-0.001279
	41.480000	-0.001273
	41.500000	-0.001260
	41.520000	-0.001370
	41.540000	-0.001116
	41.560000	-0.001312
	41.580000	-0.001162
	41.600000	-0.001045
	41.620000	-0.001181
	41.640000	-0.001247
	41.660000	-0.001084
	41.680000	-0.001188
	41.700000	-0.001142
	41.720000	-0.001045
	41.740000	-0.001181
	41.760000	-0.001234
	41.780000	-0.001214
	41.800000	-0.001136
	41.820000	-0.001207
	41.840000	-0.001162
	41.860000	-0.001201
	41.880000	-0.001207
	41.900000	-0.001032
	41.920000	-0.001240
	41.940000	-0.001090
	41.960000	-0.001006
	41.980000	-0.001181
	42.000000	-0.001038
	42.020000	-0.001064
	42.040000	-0.001032
	42.060000	-0.001266
	42.080000	-0.000875
	42.100000	-0.000745
	42.120000	-0.000914
	42.140000	-0.001038
	42.160000	-0.000940
	42.180000	-0.001077
	42.200000	-0.000934
	42.220000	-0.001058
	42.240000	-0.001071
	42.260000	-0.000908
	42.280000	-0.001175
	42.300000	-0.001025
	42.320000	-0.000940
	42.340000	-0.001084
	42.360000	-0.001051
	42.380000	-0.001116
	42.400000	-0.001247
	42.420000	-0.001207
	42.440000	-0.001168
	42.460000	-0.001240
	42.480000	-0.001364
	42.500000	-0.001312
	42.520000	-0.001240
	42.540000	-0.001201
	42.560000	-0.001162
	42.580000	-0.001377
	42.600000	-0.001162
	42.620000	-0.001006
	42.640000	-0.001103
	42.660000	-0.001077
	42.680000	-0.000999
	42.700000	-0.001188
	42.720000	-0.000901
	42.740000	-0.000901
	42.760000	-0.001097
	42.780000	-0.000888
	42.800000	-0.000752
	42.820000	-0.000875
	42.840000	-0.000947
	42.860000	-0.000849
	42.880000	-0.000836
	42.900000	-0.000700
	42.920000	-0.000823
	42.940000	-0.000765
	42.960000	-0.000667
	42.980000	-0.000745
	43.000000	-0.000634
	43.020000	-0.000680
	43.040000	-0.000595
	43.060000	-0.000459
	43.080000	-0.000439
	43.100000	-0.000367
	43.120000	-0.000348
	43.140000	-0.000244
	43.160000	-0.000198
	43.180000	-5.480391E-5
	43.200000	8.846468E-5
	43.220000	-2.875508E-5
	43.240000	0.000427
	43.260000	0.000368
	43.280000	0.000596
	43.300000	0.000779
	43.320000	0.001033
	43.340000	0.001235
	43.360000	0.001534
	43.380000	0.001997
	43.400000	0.002498
	43.420000	0.003416
	43.440000	0.004341
	43.460000	0.005845
	43.480000	0.007506
	43.500000	0.010313
	43.520000	0.014344
	43.540000	0.020517
	43.560000	0.030260
	43.580000	0.045596
	43.600000	0.062801
	43.620000	0.077206
	43.640000	0.089501
	43.660000	0.099895
	43.680000	0.110184
	43.700000	0.119666
	43.720000	0.129434
	43.740000	0.139639
	43.760000	0.150768
	43.780000	0.160973
	43.800000	0.170988
	43.820000	0.182014
	43.840000	0.193827
	43.860000	0.207268
	43.880000	0.222702
	43.900000	0.238559
	43.920000	0.254110
	43.940000	0.269596
	43.960000	0.283168
	43.980000	0.296622
	44.000000	0.308735
	44.020000	0.321140
	44.040000	0.333305
	44.060000	0.342409
	44.080000	0.349130
	44.100000	0.353714
	44.120000	0.355649
	44.140000	0.359263
	44.160000	0.360722
	44.180000	0.358169
	44.200000	0.349097
	44.220000	0.335812
	44.240000	0.321043
	44.260000	0.304437
	44.280000	0.296225
	44.300000	0.285121
	44.320000	0.235485
	44.340000	0.172922
	44.360000	0.128939
	44.380000	0.095343
	44.400000	0.073546
	44.420000	0.055338
	44.440000	0.033418
	44.460000	0.016981
	44.480000	0.007740
	44.500000	0.003332
	44.520000	0.000896
	44.540000	-4.177949E-5
	44.560000	-0.000621
	44.580000	-0.000667
	44.600000	-0.000472
	44.620000	-0.000361
	44.640000	-0.000322
	44.660000	-0.000283
	44.680000	-0.000139
	44.700000	0.000180
	44.720000	0.000277
	44.740000	0.000277
	44.760000	0.000388
	44.780000	0.000590
	44.800000	0.000668
	44.820000	0.000922
	44.840000	0.001059
	44.860000	0.001072
	44.880000	0.001209
	44.900000	0.001599
	44.920000	0.001658
	44.940000	0.001723
	44.960000	0.001808
	44.980000	0.002049
	45.000000	0.002088
	45.020000	0.002439
	45.040000	0.002290
	45.060000	0.002459
	45.080000	0.002628
	45.100000	0.002615
	45.120000	0.002726
	45.140000	0.002771
	45.160000	0.002687
	45.180000	0.002726
	45.200000	0.002726
	45.220000	0.002778
	45.240000	0.002504
	45.260000	0.002355
	45.280000	0.002361
	45.300000	0.002153
	45.320000	0.001443
	45.340000	0.000902
	45.360000	0.000329
	45.380000	-4.177949E-5
	45.400000	-0.000270
	45.420000	-0.000654
	45.440000	-0.000628
	45.460000	-0.000940
	45.480000	-0.001110
	45.500000	-0.001194
	45.520000	-0.001338
	45.540000	-0.001188
	45.560000	-0.001201
	45.580000	-0.001155
	45.600000	-0.001038
	45.620000	-0.001129
	45.640000	-0.001123
	45.660000	-0.000810
	45.680000	-0.000758
	45.700000	-0.000862
	45.720000	-0.000843
	45.740000	-0.000771
	45.760000	-0.000615
	45.780000	-0.000530
	45.800000	-0.000686
	45.820000	-0.000589
	45.840000	-0.000530
	45.860000	-0.000491
	45.880000	-0.000446
	45.900000	-0.000315
	45.920000	-0.000257
	45.940000	-0.000348
	45.960000	-0.000244
	45.980000	-0.000276
	46.000000	-0.000120
	46.020000	-0.000152
	46.040000	2.334259E-5
	46.060000	-9.218451E-6
	46.080000	0.000206
	46.100000	-3.526728E-5
	46.120000	0.000206
	46.140000	0.000128
	46.160000	0.000101
	46.180000	0.000160
	46.200000	0.000258
	46.220000	7.544026E-5
	46.240000	-1.573066E-5
	46.260000	4.287922E-5
	46.280000	-0.000146
	46.300000	-5.480391E-5
	46.320000	-0.000126
	46.340000	-0.000498
	46.360000	-0.000667
	46.380000	-0.000823
	46.400000	-0.000869
	46.420000	-0.000901
	46.440000	-0.001097
	46.460000	-0.001429
	46.480000	-0.001077
	46.500000	-0.001025
	46.520000	-0.001260
	46.540000	-0.001318
	46.560000	-0.001273
	46.580000	-0.001227
	46.600000	-0.001168
	46.620000	-0.001312
	46.640000	-0.001416
	46.660000	-0.001357
	46.680000	-0.001286
	46.700000	-0.001207
	46.720000	-0.001318
	46.740000	-0.001318
	46.760000	-0.001149
	46.780000	-0.001162
	46.800000	-0.001318
	46.820000	-0.001220
	46.840000	-0.001123
	46.860000	-0.001214
	46.880000	-0.001247
	46.900000	-0.001110
	46.920000	-0.001273
	46.940000	-0.001240
	46.960000	-0.001116
	46.980000	-0.001370
	47.000000	-0.001155
	47.020000	-0.001207
	47.040000	-0.001422
	47.060000	-0.001181
	47.080000	-0.001312
	47.100000	-0.001220
	47.120000	-0.001325
	47.140000	-0.001344
	47.160000	-0.001396
	47.180000	-0.001286
	47.200000	-0.001364
	47.220000	-0.001312
	47.240000	-0.001338
	47.260000	-0.001331
	47.280000	-0.001058
	47.300000	-0.001240
	47.320000	-0.001312
	47.340000	-0.001077
	47.360000	-0.001123
	47.380000	-0.001234
	47.400000	-0.001188
	47.420000	-0.001090
	47.440000	-0.001188
	47.460000	-0.001084
	47.480000	-0.001344
	47.500000	-0.001207
	47.520000	-0.001175
	47.540000	-0.001214
	47.560000	-0.001260
	47.580000	-0.001305
	47.600000	-0.001103
	47.620000	-0.001344
	47.640000	-0.001273
	47.660000	-0.001201
	47.680000	-0.001377
	47.700000	-0.001286
	47.720000	-0.001344
	47.740000	-0.001299
	47.760000	-0.001149
	47.780000	-0.001331
	47.800000	-0.001318
	47.820000	-0.001220
	47.840000	-0.001292
	47.860000	-0.001162
	47.880000	-0.001123
	47.900000	-0.001273
	47.920000	-0.001019
	47.940000	-0.001168
	47.960000	-0.001032
	47.980000	-0.001188
	48.000000	-0.001168
	48.020000	-0.001181
	48.040000	-0.001149
	48.060000	-0.001142
	48.080000	-0.001325
	48.100000	-0.001247
	48.120000	-0.001286
	48.140000	-0.001299
	48.160000	-0.001234
	48.180000	-0.001253
	48.200000	-0.001279
	48.220000	-0.001201
	48.240000	-0.001129
	48.260000	-0.001240
	48.280000	-0.001234
	48.300000	-0.001325
	48.320000	-0.001305
	48.340000	-0.001188
	48.360000	-0.001181
	48.380000	-0.001188
	48.400000	-0.001234
	48.420000	-0.001422
	48.440000	-0.001116
	48.460000	-0.001084
	48.480000	-0.001194
	48.500000	-0.001240
	48.520000	-0.001155
	48.540000	-0.001260
	48.560000	-0.001214
	48.580000	-0.001253
	48.600000	-0.001168
	48.620000	-0.001292
	48.640000	-0.001214
	48.660000	-0.001292
	48.680000	-0.001357
	48.700000	-0.001351
	48.720000	-0.001305
	48.740000	-0.001266
	48.760000	-0.001325
	48.780000	-0.001338
	48.800000	-0.001344
	48.820000	-0.001188
	48.840000	-0.001292
	48.860000	-0.001220
	48.880000	-0.001155
	48.900000	-0.001155
	48.920000	-0.001162
	48.940000	-0.001110
	48.960000	-0.001279
	48.980000	-0.001240
	49.000000	-0.001194
	49.020000	-0.001181
	49.040000	-0.001247
	49.060000	-0.001305
	49.080000	-0.001240
	49.100000	-0.001299
	49.120000	-0.001305
	49.140000	-0.001129
	49.160000	-0.001279
	49.180000	-0.001344
	49.200000	-0.001435
	49.220000	-0.001247
	49.240000	-0.001292
	49.260000	-0.001305
	49.280000	-0.001292
	49.300000	-0.001364
	49.320000	-0.001351
	49.340000	-0.001279
	49.360000	-0.001364
	49.380000	-0.001142
	49.400000	-0.001318
	49.420000	-0.001045
	49.440000	-0.001168
	49.460000	-0.001227
	49.480000	-0.001168
	49.500000	-0.001097
	49.520000	-0.001097
	49.540000	-0.001279
	49.560000	-0.001142
	49.580000	-0.001234
	49.600000	-0.001344
	49.620000	-0.001149
	49.640000	-0.001188
	49.660000	-0.001227
	49.680000	-0.001318
	49.700000	-0.001364
	49.720000	-0.001331
	49.740000	-0.001240
	49.760000	-0.001292
	49.780000	-0.001220
	49.800000	-0.001292
	49.820000	-0.001292
	49.840000	-0.001299
	49.860000	-0.001240
	49.880000	-0.001090
	49.900000	-0.001155
	49.920000	-0.001149
	49.940000	-0.001077
	49.960000	-0.001142
	49.980000	-0.001220
	50.000000	-0.001045
