	0.006683	1.748160E-5
	0.012767	-6.196734E-5
	0.018800	-4.047705E-5
	0.024833	-3.396484E-5
	0.030867	-1.442822E-5
	0.036900	-1.247456E-5
	0.042950	-4.959414E-5
	0.048950	-2.940630E-5
	0.054983	-1.247456E-5
	0.061033	-4.438438E-5
	0.067067	-5.350147E-5
	0.073067	-5.089659E-5
	0.079083	-1.377700E-5
	0.085117	-2.680141E-5
	0.091183	-6.522344E-5
	0.097200	-3.201118E-5
	0.103233	-5.415269E-5
	0.109250	-7.499176E-5
	0.115250	-1.963798E-5
	0.121283	-5.675757E-5
	0.127300	-5.545513E-5
	0.133333	-5.962347E-6
	0.139317	-6.847955E-5
	0.145367	-6.001368E-5
	0.151383	-6.457222E-5
	0.157400	-7.434054E-5
	0.163500	-6.522344E-5
	0.169483	-9.843571E-5
	0.175517	-6.652589E-5
	0.181550	-2.745263E-5
	0.187600	-8.280641E-5
	0.193617	-0.000103
	0.199650	-6.847955E-5
	0.205700	-9.843571E-5
	0.211750	-2.419653E-5
	0.217733	-5.806001E-5
	0.223783	-5.350147E-5
	0.229750	-8.671373E-5
	0.235767	-4.503560E-5
	0.241817	-0.000110
	0.247833	-5.675757E-5
	0.253900	-2.745263E-5
	0.259950	-4.829170E-5
	0.266000	-3.526728E-5
	0.272000	-5.024536E-5
	0.278017	-6.913077E-5
	0.284050	-4.047705E-5
	0.290067	-6.457222E-5
	0.296083	-9.452838E-5
	0.302117	-7.238687E-5
	0.308150	-6.196734E-5
	0.314217	-7.629420E-5
	0.320250	-0.000124
	0.326250	-4.177949E-5
	0.332250	-3.201118E-5
	0.338250	3.245968E-5
	0.344250	1.617916E-5
	0.350283	-2.810386E-5
	0.356317	1.031817E-5
	0.362350	-3.005752E-5
	0.368367	9.693055E-5
	0.374400	4.874020E-5
	0.380400	0.000101
	0.386433	0.000471
	0.392467	0.000656
	0.398467	0.001371
	0.404517	0.002381
	0.410533	0.002532
	0.416583	0.003060
	0.422600	0.004362
	0.428600	0.007466
	0.434600	0.012353
	0.440650	0.013640
	0.446683	0.034322
	0.452717	0.038159
	0.458767	0.038126
	0.464817	0.037849
	0.470833	0.037700
	0.476883	0.037403
	0.482917	0.045596
	0.488950	0.050651
	0.494983	0.051894
	0.500967	0.054369
	0.507017	0.055921
	0.513067	0.057776
	0.519117	0.059258
	0.525150	0.061416
	0.531150	0.064118
	0.537117	0.064839
	0.543150	0.065168
	0.549150	0.065171
	0.555200	0.065387
	0.561217	0.065392
	0.567217	0.065812
	0.573233	0.065529
	0.579250	0.065667
	0.585267	0.065622
	0.591317	0.065616
	0.597350	0.065674
	0.603400	0.065762
	0.609417	0.065687
	0.615400	0.065992
	0.621400	0.065950
	0.627417	0.065875
	0.633450	0.065887
	0.639450	0.065888
	0.645500	0.065840
	0.651533	0.065908
	0.657600	0.065923
	0.663650	0.065918
	0.669650	0.065789
	0.675633	0.065894
	0.681650	0.065786
	0.687700	0.065752
	0.693700	0.065765
	0.699700	0.065634
	0.705733	0.065554
	0.711767	0.065469
	0.717817	0.065453
	0.723817	0.065464
	0.729833	0.065457
	0.735867	0.065147
	0.741883	0.064677
	0.747917	0.064393
	0.753950	0.064193
	0.759983	0.061585
	0.766067	0.061347
	0.772083	0.062195
	0.778100	0.062686
	0.784117	0.063139
	0.790117	0.063336
	0.796150	0.063379
	0.802200	0.063290
	0.808233	0.062496
	0.814283	0.062223
	0.820300	0.062164
	0.826333	0.062664
	0.832367	0.062540
	0.838367	0.062395
	0.844383	0.062453
	0.850400	0.062380
	0.856450	0.062340
	0.862467	0.062301
	0.868483	0.062365
	0.874483	0.062227
	0.880483	0.062330
	0.886517	0.062138
	0.892517	0.062059
	0.898533	0.062095
	0.904567	0.062167
	0.910617	0.061858
	0.916667	0.146775
	0.922667	0.630694
	0.928683	0.631351
	0.934700	0.630419
	0.940717	0.628600
	0.946717	0.628211
	0.952767	0.628388
	0.958800	0.627913
	0.964833	0.629122
	0.970833	0.629591
	0.976900	0.628915
	0.982917	0.629555
	0.988950	0.628352
	0.994967	0.628082
	1.000983	0.628331
	1.007033	0.626936
	1.013083	0.628017
	1.019083	0.627852
	1.025100	0.627368
	1.031133	0.626570
	1.037167	0.626538
	1.043200	0.625552
	1.049233	0.626097
	1.055283	0.625707
	1.061300	0.625229
	1.067317	0.624613
	1.073367	0.624424
	1.079367	0.624786
	1.085417	0.623744
	1.091467	0.623742
	1.097533	0.623670
	1.103550	0.623392
	1.109533	0.623249
	1.115567	0.622850
	1.121600	0.622858
	1.127583	0.622635
	1.133600	0.622150
	1.139633	0.621180
	1.145650	0.621173
	1.151700	0.620809
	1.157750	0.621348
	1.163783	0.620796
	1.169800	0.619784
	1.175833	0.620537
	1.181867	0.620102
	1.187900	0.619090
	1.193933	0.618830
	1.199933	0.619419
	1.205983	0.618791
	1.212017	0.619295
	1.218033	0.618805
	1.224050	0.618682
	1.230067	0.619135
	1.236067	0.618647
	1.242050	0.618148
	1.248083	0.617695
	1.254133	0.617514
	1.260133	0.617385
	1.266167	0.616704
	1.272183	0.617219
	1.278167	0.616866
	1.284150	0.616861
	1.290183	0.616724
	1.296217	0.616757
	1.302250	0.616408
	1.308300	0.615845
	1.314317	0.616551
	1.320350	0.615783
	1.326383	0.616237
	1.332417	0.616374
	1.338400	0.615561
	1.344400	0.616212
	1.350400	0.615872
	1.356433	0.614648
	1.362500	0.615208
	1.368533	0.615251
	1.374567	0.614875
	1.380550	0.615589
	1.386600	0.614409
	1.392650	0.614290
	1.398667	0.614300
	1.404733	0.614504
	1.410750	0.614368
	1.416767	0.614814
	1.422800	0.614610
	1.428817	0.613770
	1.434850	0.614176
	1.440867	0.614218
	1.446883	0.614347
	1.452950	0.613967
	1.458983	0.613908
	1.465033	0.613993
	1.471067	0.613802
