	0.000000	2.019856
	0.020000	2.015343
	0.040000	2.019257
	0.060000	2.013448
	0.080000	2.016359
	0.100000	2.016542
	0.120000	2.011098
	0.140000	2.002755
	0.160000	2.018007
	0.180000	2.008414
	0.200000	2.018847
	0.220000	2.014419
	0.240000	2.020677
	0.260000	2.019739
	0.280000	2.019003
	0.300000	2.014523
	0.320000	2.022390
	0.340000	2.018593
	0.360000	2.017278
	0.380000	2.007939
	0.400000	2.013207
	0.420000	2.009958
	0.440000	2.011716
	0.460000	2.011762
	0.480000	2.018085
	0.500000	2.021367
	0.520000	2.010739
	0.540000	2.012862
	0.560000	2.008239
	0.580000	2.022194
	0.600000	2.012231
	0.620000	2.017929
	0.640000	2.022045
	0.660000	2.020612
	0.680000	2.021458
	0.700000	2.021921
	0.720000	2.022129
	0.740000	2.012439
	0.760000	2.018339
	0.780000	2.022351
	0.800000	2.020280
	0.820000	2.030348
	0.840000	2.640222
	0.860000	3.181810
	0.880000	4.136428
	0.900000	5.183370
	0.920000	7.220552
	0.940000	9.084391
	0.960000	10.338174
	0.980000	10.578885
	1.000000	10.642118
	1.020000	10.662625
	1.040000	10.665373
	1.060000	10.665373
	1.080000	10.665373
	1.100000	10.665373
	1.120000	10.658672
	1.140000	10.634935
	1.160000	10.604960
	1.180000	10.546115
	1.200000	9.884097
	1.220000	8.268614
	1.240000	7.301752
	1.260000	6.557707
	1.280000	5.783131
	1.300000	5.022375
	1.320000	4.400544
	1.340000	3.921864
	1.360000	3.536895
	1.380000	3.232299
	1.400000	2.965924
	1.420000	2.736740
	1.440000	2.512472
	1.460000	2.315087
	1.480000	2.137148
	1.500000	1.933557
	1.520000	1.750127
	1.540000	1.579266
	1.560000	1.425448
	1.580000	1.299873
	1.600000	1.109984
	1.620000	0.907141
	1.640000	0.641326
	1.660000	0.483242
	1.680000	0.426345
	1.700000	0.396500
	1.720000	0.378480
	1.740000	0.367748
	1.760000	0.359191
	1.780000	0.346955
	1.800000	0.339511
	1.820000	0.336281
	1.840000	0.326077
	1.860000	0.320085
	1.880000	0.322495
	1.900000	0.324566
	1.920000	0.322462
	1.940000	0.319525
	1.960000	0.316679
	1.980000	0.320274
	2.000000	0.319910
	2.020000	0.320554
	2.040000	0.318672
	2.060000	0.319962
	2.080000	0.327079
	2.100000	0.329867
	2.120000	0.326109
	2.140000	0.328883
	2.160000	0.326832
	2.180000	0.325015
	2.200000	0.323902
	2.220000	0.318861
	2.240000	0.320404
	2.260000	0.316478
	2.280000	0.307289
	2.300000	0.296869
	2.320000	0.286984
	2.340000	0.282100
	2.360000	0.271276
	2.380000	0.260303
	2.400000	0.252332
	2.420000	0.248112
	2.440000	0.240083
	2.460000	0.229364
	2.480000	0.215590
	2.500000	0.203432
	2.520000	0.186370
	2.540000	0.171802
	2.560000	0.159403
	2.580000	0.132879
	2.600000	0.090595
	2.620000	0.034193
	2.640000	0.011810
	2.660000	0.004914
	2.680000	0.003130
	2.700000	0.002172
	2.720000	0.001710
	2.740000	0.001248
	2.760000	0.001612
	2.780000	0.001130
	2.800000	0.000948
	2.820000	0.001007
	2.840000	0.000460
	2.860000	0.000427
	2.880000	0.001124
	2.900000	-0.000172
	2.920000	3.805966E-6
	2.940000	-8.085274E-5
	2.960000	0.000121
	2.980000	0.000108
	3.000000	-0.000107
	3.020000	-0.000680
	3.040000	0.000889
	3.060000	0.000115
	3.080000	-0.000120
	3.100000	0.000577
	3.120000	0.000440
	3.140000	-0.000152
	3.160000	0.000408
	3.180000	0.000238
	3.200000	0.000167
	3.220000	0.000154
	3.240000	0.000290
	3.260000	0.000609
	3.280000	7.544026E-5
	3.300000	0.000395
	3.320000	0.001150
	3.340000	0.000557
	3.360000	0.000466
	3.380000	0.000675
	3.400000	0.000740
	3.420000	0.000837
	3.440000	0.000329
	3.460000	0.000889
	3.480000	0.000225
	3.500000	0.000577
	3.520000	0.000544
	3.540000	0.000486
	3.560000	0.000355
	3.580000	0.000642
	3.600000	0.000590
	3.620000	0.000792
	3.640000	0.001124
	3.660000	0.001007
	3.680000	0.001280
	3.700000	0.001039
	3.720000	0.000531
	3.740000	0.000968
	3.760000	0.000362
	3.780000	0.000570
	3.800000	0.000753
	3.820000	0.000981
	3.840000	0.001085
	3.860000	0.001163
	3.880000	0.001326
	3.900000	0.001450
	3.920000	0.001528
	3.940000	0.001534
	3.960000	0.001410
	3.980000	0.002107
	4.000000	0.001795
	4.020000	0.001469
	4.040000	0.001970
	4.060000	0.001899
	4.080000	0.001625
	4.100000	0.001743
	4.120000	0.001860
	4.140000	0.001345
	4.160000	0.001482
	4.180000	0.001560
	4.200000	0.001378
	4.220000	0.001391
	4.240000	0.001677
	4.260000	0.001267
	4.280000	0.001163
	4.300000	0.001410
	4.320000	0.001183
	4.340000	0.000688
	4.360000	0.000668
	4.380000	0.000382
	4.400000	0.000909
	4.420000	0.000538
	4.440000	0.000349
	4.460000	0.000557
	4.480000	0.000225
	4.500000	0.000681
	4.520000	0.000460
	4.540000	0.000486
	4.560000	0.000193
	4.580000	0.000440
	4.600000	5.590363E-5
	4.620000	0.000258
	4.640000	0.000251
	4.660000	0.000225
	4.680000	0.000128
	4.700000	0.000466
	4.720000	0.000264
	4.740000	0.000440
	4.760000	-2.875508E-5
	4.780000	-4.829170E-5
	4.800000	-2.706242E-6
	4.820000	0.000115
	4.840000	0.000206
	4.860000	-3.526728E-5
	4.880000	-7.434054E-5
	4.900000	0.000264
	4.920000	-0.000348
	4.940000	2.985480E-5
	4.960000	-0.000244
	4.980000	-0.000224
	5.000000	-0.000380
	5.020000	-0.000550
	5.040000	-0.000582
	5.060000	-0.000446
	5.080000	-0.000797
	5.100000	-0.000660
	5.120000	-0.000302
	5.140000	-0.000367
	5.160000	-0.000192
	5.180000	-0.000589
	5.200000	6.892805E-5
	5.220000	-0.000146
	5.240000	-0.000335
	5.260000	-0.000660
	5.280000	-8.085274E-5
	5.300000	-0.000166
	5.320000	0.000186
	5.340000	-0.000400
	5.360000	3.805966E-6
	5.380000	0.000121
	5.400000	0.000596
	5.420000	0.001007
	5.440000	0.000505
	5.460000	0.000355
	5.480000	0.000479
	5.500000	0.000499
	5.520000	0.000447
	5.540000	0.000238
	5.560000	0.000453
	5.580000	0.000408
	5.600000	0.000942
	5.620000	0.001091
	5.640000	0.001619
	5.660000	0.001261
	5.680000	0.002531
	5.700000	0.002081
	5.720000	0.002205
	5.740000	0.002615
	5.760000	0.002771
	5.780000	0.002869
	5.800000	0.002518
	5.820000	0.002876
	5.840000	0.002576
	5.860000	0.002856
	5.880000	0.003221
	5.900000	0.003462
	5.920000	0.003299
	5.940000	0.002856
	5.960000	0.003494
	5.980000	0.003683
	6.000000	0.003358
	6.020000	0.003885
	6.040000	0.003787
	6.060000	0.003898
	6.080000	0.003442
	6.100000	0.004067
	6.120000	0.003813
	6.140000	0.003820
	6.160000	0.003038
	6.180000	0.002798
	6.200000	0.002771
	6.220000	0.003019
	6.240000	0.002863
	6.260000	0.003234
	6.280000	0.003201
	6.300000	0.003038
	6.320000	0.002491
	6.340000	0.002622
	6.360000	0.002622
	6.380000	0.002583
	6.400000	0.002264
	6.420000	0.002068
	6.440000	0.001984
	6.460000	0.001332
	6.480000	0.000929
	6.500000	0.001300
	6.520000	0.001163
	6.540000	0.000303
	6.560000	0.000101
	6.580000	1.031817E-5
	6.600000	-0.000302
	6.620000	0.000362
	6.640000	0.000284
	6.660000	-0.000166
	6.680000	0.000603
	6.700000	0.000368
	6.720000	0.000303
	6.740000	0.000414
	6.760000	0.000544
	6.780000	0.000551
	6.800000	0.000440
	6.820000	0.000492
	6.840000	0.000655
	6.860000	0.000401
	6.880000	0.000551
	6.900000	0.000473
	6.920000	0.000362
	6.940000	0.000186
	6.960000	0.000173
	6.980000	0.000160
	7.000000	-0.000231
	7.020000	-4.829170E-5
	7.040000	0.000199
	7.060000	-0.000393
	7.080000	-2.706242E-6
	7.100000	-0.000270
	7.120000	0.000277
	7.140000	-2.224287E-5
	7.160000	3.805966E-6
	7.180000	0.000316
	7.200000	0.000388
	7.220000	7.544026E-5
	7.240000	-5.480391E-5
	7.260000	0.000408
	7.280000	0.000141
	7.300000	0.000395
	7.320000	0.000473
	7.340000	0.000564
	7.360000	0.000167
	7.380000	0.000688
	7.400000	0.000414
	7.420000	0.000896
	7.440000	0.000622
	7.460000	0.000987
	7.480000	0.000466
	7.500000	0.000662
	7.520000	0.000395
	7.540000	0.000994
	7.560000	0.000863
	7.580000	0.000863
	7.600000	0.001365
	7.620000	0.001645
	7.640000	0.001964
	7.660000	0.002120
	7.680000	0.002290
	7.700000	0.002478
	7.720000	0.002609
	7.740000	0.002752
	7.760000	0.003494
	7.780000	0.003240
	7.800000	0.003214
	7.820000	0.003260
	7.840000	0.003677
	7.860000	0.003052
	7.880000	0.003279
	7.900000	0.003208
	7.920000	0.003273
	7.940000	0.003208
	7.960000	0.003104
	7.980000	0.003885
	8.000000	0.004185
	8.020000	0.003787
	8.040000	0.003794
	8.060000	0.003839
	8.080000	0.004256
	8.100000	0.004367
	8.120000	0.004295
	8.140000	0.004341
	8.160000	0.004126
	8.180000	0.004152
	8.200000	0.003253
	8.220000	0.003390
	8.240000	0.002973
	8.260000	0.002400
	8.280000	0.002765
	8.300000	0.003879
	8.320000	0.003468
	8.340000	0.002745
	8.360000	0.002400
	8.380000	0.002010
	8.400000	0.003462
	8.420000	0.001964
	8.440000	0.001476
	8.460000	0.001137
	8.480000	0.001593
	8.500000	0.001423
	8.520000	0.000609
	8.540000	-0.000888
	8.560000	-0.000719
	8.580000	-0.000283
	8.600000	-0.000524
	8.620000	-9.387716E-5
	8.640000	-0.000914
	8.660000	0.000303
	8.680000	0.000238
	8.700000	0.000147
	8.720000	-5.480391E-5
	8.740000	0.000193
	8.760000	0.000297
	8.780000	3.636701E-5
	8.800000	-0.000485
	8.820000	-2.706242E-6
	8.840000	0.000232
	8.860000	-0.000289
	8.880000	-0.000374
	8.900000	-0.000335
	8.920000	-0.000218
	8.940000	1.683038E-5
	8.960000	-0.000198
	8.980000	-0.000726
	9.000000	-0.001201
	9.020000	-0.000433
	9.040000	-0.000504
	9.060000	1.031817E-5
	9.080000	-0.000993
	9.100000	-0.001234
	9.120000	-0.000980
	9.140000	-0.000289
	9.160000	-0.000940
	9.180000	-0.000498
	9.200000	-0.000354
	9.220000	-0.000400
	9.240000	2.334259E-5
	9.260000	-0.000231
	9.280000	8.846468E-5
	9.300000	-0.000634
	9.320000	-0.000159
	9.340000	0.000538
	9.360000	0.000232
	9.380000	-0.000120
	9.400000	-0.000113
	9.420000	-4.829170E-5
	9.440000	0.000544
	9.460000	-2.224287E-5
	9.480000	0.000167
	9.500000	-6.131612E-5
	9.520000	-9.218451E-6
	9.540000	0.000284
	9.560000	0.000303
	9.580000	-0.000179
	9.600000	-9.387716E-5
	9.620000	-0.000361
	9.640000	0.000271
	9.660000	-0.001312
	9.680000	-0.000100
	9.700000	0.000766
	9.720000	-0.000745
	9.740000	-0.000530
	9.760000	-0.001351
	9.780000	0.000297
	9.800000	0.000368
	9.820000	-0.000940
	9.840000	-0.001116
	9.860000	-0.000244
	9.880000	6.241584E-5
	9.900000	2.985480E-5
	9.920000	-0.000498
	9.940000	0.000277
	9.960000	0.000323
	9.980000	-0.000107
	10.000000	0.000264
	10.020000	0.000473
	10.040000	-0.000211
	10.060000	0.000121
	10.080000	0.000421
	10.100000	0.000544
	10.120000	0.000336
	10.140000	-0.000205
	10.160000	3.805966E-6
	10.180000	0.000753
	10.200000	3.636701E-5
	10.220000	-0.000113
	10.240000	0.000414
	10.260000	-0.000459
	10.280000	-0.000348
	10.300000	-0.000524
	10.320000	-0.000374
	10.340000	-0.000817
	10.360000	-0.000602
	10.380000	-0.000354
	10.400000	0.000258
	10.420000	-0.000361
	10.440000	-0.001012
	10.460000	-0.000524
	10.480000	0.000199
	10.500000	-0.000198
	10.520000	-0.000836
	10.540000	-0.000426
	10.560000	0.000622
	10.580000	0.000199
	10.600000	-0.000478
	10.620000	-0.000387
	10.640000	0.000492
	10.660000	0.000414
	10.680000	0.000368
	10.700000	8.846468E-5
	10.720000	0.000740
	10.740000	0.000538
	10.760000	8.195247E-5
	10.780000	0.000336
	10.800000	0.000772
	10.820000	-4.177949E-5
	10.840000	-0.000452
	10.860000	0.000329
	10.880000	0.000206
	10.900000	-5.480391E-5
	10.920000	-0.000198
	10.940000	0.000492
	10.960000	0.000518
	10.980000	-0.000504
	11.000000	-0.000419
	11.020000	0.000811
	11.040000	0.001130
	11.060000	0.000368
	11.080000	-0.000322
	11.100000	0.000518
	11.120000	0.001723
	11.140000	0.001723
	11.160000	0.001534
	11.180000	0.002322
	11.200000	0.002068
	11.220000	0.002869
	11.240000	0.004810
	11.260000	0.005539
	11.280000	0.006021
	11.300000	0.007779
	11.320000	0.008379
	11.340000	0.010404
	11.360000	0.013953
	11.380000	0.016981
	11.400000	0.021755
	11.420000	0.029035
	11.440000	0.035580
	11.460000	0.046755
	11.480000	0.062169
	11.500000	0.088401
	11.520000	0.132293
	11.540000	0.196510
	11.560000	0.270345
	11.580000	0.339622
	11.600000	0.415040
	11.620000	0.478124
	11.640000	0.537365
	11.660000	0.595337
	11.680000	0.648444
	11.700000	0.700021
	11.720000	0.748960
	11.740000	0.786027
	11.760000	0.820203
	11.780000	0.843276
	11.800000	0.858912
	11.820000	0.870797
	11.840000	0.876931
	11.860000	0.885039
	11.880000	0.883880
	11.900000	0.893075
	11.920000	0.903267
	11.940000	0.919795
	11.960000	0.933080
	11.980000	0.944294
	12.000000	0.958575
	12.020000	0.964794
	12.040000	0.955280
	12.060000	0.952063
	12.080000	0.938576
	12.100000	0.921091
	12.120000	0.906959
	12.140000	0.895940
	12.160000	0.889415
	12.180000	0.883470
	12.200000	0.874939
	12.220000	0.865314
	12.240000	0.857264
	12.260000	0.841029
	12.280000	0.798407
	12.300000	0.744896
	12.320000	0.701388
	12.340000	0.671582
	12.360000	0.665232
	12.380000	0.665532
	12.400000	0.613343
	12.420000	0.525695
	12.440000	0.456796
	12.460000	0.417658
	12.480000	0.350992
	12.500000	0.186500
	12.520000	0.061863
	12.540000	0.023370
	12.560000	0.013074
	12.580000	0.009381
	12.600000	0.008138
	12.620000	0.008274
	12.640000	0.008580
	12.660000	0.009831
	12.680000	0.009883
	12.700000	0.010404
	12.720000	0.011166
	12.740000	0.011504
	12.760000	0.012449
	12.780000	0.013738
	12.800000	0.014760
	12.820000	0.014800
	12.840000	0.015718
	12.860000	0.015132
	12.880000	0.016864
	12.900000	0.019573
	12.920000	0.018733
	12.940000	0.019423
	12.960000	0.020322
	12.980000	0.021188
	13.000000	0.023480
	13.020000	0.023461
	13.040000	0.022901
	13.060000	0.023689
	13.080000	0.022894
	13.100000	0.023402
	13.120000	0.022907
	13.140000	0.023982
	13.160000	0.023617
	13.180000	0.024197
	13.200000	0.024490
	13.220000	0.023891
	13.240000	0.023552
	13.260000	0.024418
	13.280000	0.023663
	13.300000	0.022901
	13.320000	0.022289
	13.340000	0.022367
	13.360000	0.023545
	13.380000	0.021826
	13.400000	0.021292
	13.420000	0.020244
	13.440000	0.018479
	13.460000	0.019606
	13.480000	0.019319
	13.500000	0.017652
	13.520000	0.019586
	13.540000	0.022471
	13.560000	0.027668
	13.580000	0.028631
	13.600000	0.032812
	13.620000	0.036316
	13.640000	0.037749
	13.660000	0.042483
	13.680000	0.045244
	13.700000	0.048403
	13.720000	0.048207
	13.740000	0.049093
	13.760000	0.052635
	13.780000	0.054218
	13.800000	0.051392
	13.820000	0.050962
	13.840000	0.050806
	13.860000	0.051340
	13.880000	0.051763
	13.900000	0.052075
	13.920000	0.052473
	13.940000	0.054726
	13.960000	0.055058
	13.980000	0.056595
	14.000000	0.054615
	14.020000	0.055384
	14.040000	0.056237
	14.060000	0.054303
	14.080000	0.052922
	14.100000	0.052114
	14.120000	0.052622
	14.140000	0.052421
	14.160000	0.051261
	14.180000	0.050135
	14.200000	0.050174
	14.220000	0.051157
	14.240000	0.047387
	14.260000	0.047413
	14.280000	0.043929
	14.300000	0.042177
	14.320000	0.040021
	14.340000	0.038621
	14.360000	0.039461
	14.380000	0.037905
	14.400000	0.033796
	14.420000	0.028202
	14.440000	0.026450
	14.460000	0.022692
	14.480000	0.015913
	14.500000	0.007831
	14.520000	0.004432
	14.540000	0.003937
	14.560000	0.004875
	14.580000	0.007148
	14.600000	0.008424
	14.620000	0.009316
	14.640000	0.010664
	14.660000	0.011726
	14.680000	0.013556
	14.700000	0.013660
	14.720000	0.014871
	14.740000	0.016128
	14.760000	0.016421
	14.780000	0.016584
	14.800000	0.017424
	14.820000	0.017574
	14.840000	0.018199
	14.860000	0.018329
	14.880000	0.018297
	14.900000	0.020296
	14.920000	0.020693
	14.940000	0.021338
	14.960000	0.020602
	14.980000	0.020700
	15.000000	0.021208
	15.020000	0.021383
	15.040000	0.020980
	15.060000	0.021579
	15.080000	0.021383
	15.100000	0.022862
	15.120000	0.022354
	15.140000	0.023415
	15.160000	0.024171
	15.180000	0.023936
	15.200000	0.024711
	15.220000	0.026528
	15.240000	0.027883
	15.260000	0.028970
	15.280000	0.031901
	15.300000	0.033548
	15.320000	0.036381
	15.340000	0.039845
	15.360000	0.047589
	15.380000	0.054798
	15.400000	0.064475
	15.420000	0.081973
	15.440000	0.105215
	15.460000	0.139404
	15.480000	0.199408
	15.500000	0.290846
	15.520000	0.403292
	15.540000	0.522042
	15.560000	0.639255
	15.580000	0.758448
	15.600000	0.874802
	15.620000	0.982983
	15.640000	1.089223
	15.660000	1.185089
	15.680000	1.270373
	15.700000	1.347347
	15.720000	1.419483
	15.740000	1.481766
	15.760000	1.529396
	15.780000	1.568280
	15.800000	1.600907
	15.820000	1.629971
	15.840000	1.648341
	15.860000	1.673765
	15.880000	1.707166
	15.900000	1.737878
	15.920000	1.769644
	15.940000	1.802427
	15.960000	1.833803
	15.980000	1.851425
	16.000000	1.847198
	16.020000	1.831282
	16.040000	1.815412
	16.060000	1.798923
	16.080000	1.782890
	16.100000	1.761628
	16.120000	1.749274
	16.140000	1.742352
	16.160000	1.727087
	16.180000	1.694969
	16.200000	1.685539
	16.220000	1.668015
	16.240000	1.612869
	16.260000	1.524844
	16.280000	1.418089
	16.300000	1.339233
	16.320000	1.312709
	16.340000	1.330774
	16.360000	1.265612
	16.380000	1.112497
	16.400000	0.979095
	16.420000	0.873649
	16.440000	0.803298
	16.460000	0.580600
	16.480000	0.322873
	16.500000	0.272716
	16.520000	0.325367
	16.540000	0.414903
	16.560000	0.503886
	16.580000	0.594184
	16.600000	0.682346
	16.620000	0.767214
	16.640000	0.853780
	16.660000	0.936459
	16.680000	1.016657
	16.700000	1.076153
	16.720000	1.137153
	16.740000	1.185936
	16.760000	1.229717
	16.780000	1.263984
	16.800000	1.277986
	16.820000	1.298668
	16.840000	1.336609
	16.860000	1.360736
	16.880000	1.383946
	16.900000	1.411434
	16.920000	1.434845
	16.940000	1.450911
	16.960000	1.475117
	16.980000	1.487001
	17.000000	1.473658
	17.020000	1.452812
	17.040000	1.450976
	17.060000	1.443298
	17.080000	1.425585
	17.100000	1.410861
	17.120000	1.396638
	17.140000	1.385222
	17.160000	1.363810
	17.180000	1.361609
	17.200000	1.358216
	17.220000	1.350525
	17.240000	1.324730
	17.260000	1.262728
	17.280000	1.179795
	17.300000	1.106630
	17.320000	1.088995
	17.340000	1.107952
	17.360000	1.079038
	17.380000	0.972993
	17.400000	0.884896
	17.420000	0.826800
	17.440000	0.812584
	17.460000	0.714497
	17.480000	0.624355
	17.500000	0.764947
	17.520000	1.066990
	17.540000	1.370466
	17.560000	1.690449
	17.580000	1.996341
	17.600000	2.303424
	17.620000	2.605591
	17.640000	2.911899
	17.660000	3.173214
	17.680000	3.436483
	17.700000	3.659390
	17.720000	3.876767
	17.740000	4.073455
	17.760000	4.233532
	17.780000	4.380747
	17.800000	4.511942
	17.820000	4.597753
	17.840000	4.695964
	17.860000	4.795776
	17.880000	4.887214
	17.900000	4.993468
	17.920000	5.104481
	17.940000	5.196505
	17.960000	5.269696
	17.980000	5.318993
	18.000000	5.333932
	18.020000	5.307805
	18.040000	5.283476
	18.060000	5.255323
	18.080000	5.227393
	18.100000	5.168568
	18.120000	5.105211
	18.140000	5.056447
	18.160000	4.969880
	18.180000	4.853650
	18.200000	4.818172
	18.220000	4.814095
	18.240000	4.723413
	18.260000	4.529961
	18.280000	4.194140
	18.300000	3.884927
	18.320000	3.748047
	18.340000	3.813364
	18.360000	3.680854
	18.380000	3.224237
	18.400000	2.810530
	18.420000	2.455067
	18.440000	2.130981
	18.460000	1.539907
	18.480000	0.630666
	18.500000	0.201915
	18.520000	0.069014
	18.540000	0.035775
	18.560000	0.023461
	18.580000	0.017417
	18.600000	0.013933
	18.620000	0.012637
	18.640000	0.012820
	18.660000	0.012865
	18.680000	0.012904
	18.700000	0.013412
	18.720000	0.013966
	18.740000	0.014454
	18.760000	0.015744
	18.780000	0.014747
	18.800000	0.015881
	18.820000	0.015894
	18.840000	0.017704
	18.860000	0.017522
	18.880000	0.018707
	18.900000	0.018818
	18.920000	0.019840
	18.940000	0.020843
	18.960000	0.022087
	18.980000	0.023051
	19.000000	0.025239
	19.020000	0.025447
	19.040000	0.026313
	19.060000	0.029263
	19.080000	0.031555
	19.100000	0.034616
	19.120000	0.037462
	19.140000	0.041135
	19.160000	0.046000
	19.180000	0.053710
	19.200000	0.060978
	19.220000	0.069932
	19.240000	0.081608
	19.260000	0.096736
	19.280000	0.114475
	19.300000	0.138961
	19.320000	0.174505
	19.340000	0.220377
	19.360000	0.280146
	19.380000	0.357999
	19.400000	0.470771
	19.420000	0.645012
	19.440000	0.933978
	19.460000	1.427460
	19.480000	2.116133
	19.500000	2.880380
	19.520000	3.617620
	19.540000	4.281403
	19.560000	4.895485
	19.580000	5.529631
	19.600000	6.166590
	19.620000	6.759116
	19.640000	7.323314
	19.660000	7.839843
	19.680000	8.311952
	19.700000	8.730297
	19.720000	9.060453
	19.740000	9.347634
	19.760000	9.615599
	19.780000	9.851217
	19.800000	10.016744
	19.820000	10.195752
	19.840000	10.359488
	19.860000	10.472924
	19.880000	10.511750
	19.900000	10.526246
	19.920000	10.533625
	19.940000	10.540059
	19.960000	10.542931
	19.980000	10.543458
	20.000000	10.541492
	20.020000	10.540033
	20.040000	10.539551
	20.060000	10.535839
	20.080000	10.532733
	20.100000	10.525485
	20.120000	10.515182
	20.140000	10.497664
	20.160000	10.487089
	20.180000	10.481228
	20.200000	10.437296
	20.220000	10.137722
	20.240000	9.239584
	20.260000	8.564919
	20.280000	8.368843
	20.300000	8.495753
	20.320000	8.080899
	20.340000	6.947260
	20.360000	6.034887
	20.380000	5.240665
	20.400000	4.715774
	20.420000	3.308323
	20.440000	1.364644
	20.460000	0.472308
	20.480000	0.158146
	20.500000	0.071964
	20.520000	0.038322
	20.540000	0.023975
	20.560000	0.014578
	20.580000	0.010248
	20.600000	0.007083
	20.620000	0.005155
	20.640000	0.003494
	20.660000	0.002583
	20.680000	0.002361
	20.700000	0.001873
	20.720000	0.001384
	20.740000	0.001222
	20.760000	0.000805
	20.780000	0.000994
	20.800000	0.000525
	20.820000	0.000792
	20.840000	0.000290
	20.860000	0.000134
	20.880000	-2.224287E-5
	20.900000	0.000473
	20.920000	-0.000146
	20.940000	0.000134
	20.960000	1.683038E-5
	20.980000	-0.000335
	21.000000	0.000323
	21.020000	0.000115
	21.040000	0.000518
	21.060000	0.000785
	21.080000	0.000538
	21.100000	0.000395
	21.120000	0.000961
	21.140000	0.001013
	21.160000	0.001150
	21.180000	0.001104
	21.200000	0.001215
	21.220000	0.001469
	21.240000	0.001111
	21.260000	0.002296
	21.280000	0.002290
	21.300000	0.001944
	21.320000	0.002934
	21.340000	0.002309
	21.360000	0.004080
	21.380000	0.005318
	21.400000	0.006620
	21.420000	0.008685
	21.440000	0.012618
	21.460000	0.018062
	21.480000	0.028820
	21.500000	0.039233
	21.520000	0.048175
	21.540000	0.059454
	21.560000	0.069365
	21.580000	0.076985
	21.600000	0.085483
	21.620000	0.096971
	21.640000	0.104010
	21.660000	0.111323
	21.680000	0.119392
	21.700000	0.128399
	21.720000	0.133725
	21.740000	0.139860
	21.760000	0.140993
	21.780000	0.143852
	21.800000	0.148918
	21.820000	0.152722
	21.840000	0.156583
	21.860000	0.158648
	21.880000	0.164157
	21.900000	0.167185
	21.920000	0.166847
	21.940000	0.169464
	21.960000	0.175058
	21.980000	0.176296
	22.000000	0.175163
	22.020000	0.175143
	22.040000	0.173769
	22.060000	0.173795
	22.080000	0.169406
	22.100000	0.167849
	22.120000	0.167732
	22.140000	0.165245
	22.160000	0.164457
	22.180000	0.162750
	22.200000	0.158752
	22.220000	0.152207
	22.240000	0.143585
	22.260000	0.131928
	22.280000	0.127604
	22.300000	0.130723
	22.320000	0.125755
	22.340000	0.108400
	22.360000	0.093148
	22.380000	0.081341
	22.400000	0.073813
	22.420000	0.056842
	22.440000	0.027733
	22.460000	0.012038
	22.480000	0.005735
	22.500000	0.003097
	22.520000	0.003787
	22.540000	0.002902
	22.560000	0.002771
	22.580000	0.002531
	22.600000	0.002941
	22.620000	0.002596
	22.640000	0.002374
	22.660000	0.002374
	22.680000	0.001730
	22.700000	0.002094
	22.720000	0.002055
	22.740000	0.001840
	22.760000	0.001404
	22.780000	0.001521
	22.800000	0.001873
	22.820000	0.001697
	22.840000	0.001723
	22.860000	0.001619
	22.880000	0.000916
	22.900000	0.001098
	22.920000	0.001339
	22.940000	0.000649
	22.960000	-9.387716E-5
	22.980000	0.000264
	23.000000	0.000368
	23.020000	0.000434
	23.040000	2.334259E-5
	23.060000	0.000336
	23.080000	0.000440
	23.100000	0.000609
	23.120000	0.000902
	23.140000	0.000929
	23.160000	0.000538
	23.180000	0.001098
	23.200000	0.000831
	23.220000	0.000662
	23.240000	0.001130
	23.260000	0.000811
	23.280000	0.000427
	23.300000	0.001046
	23.320000	-8.085274E-5
	23.340000	0.000434
	23.360000	0.000355
	23.380000	-0.000179
	23.400000	-0.000270
	23.420000	0.000310
	23.440000	4.287922E-5
	23.460000	-9.218451E-6
	23.480000	-0.000452
	23.500000	-0.000126
	23.520000	-0.000498
	23.540000	0.000147
	23.560000	0.000199
	23.580000	0.000128
	23.600000	4.939143E-5
	23.620000	0.000206
	23.640000	0.000225
	23.660000	0.000603
	23.680000	4.287922E-5
	23.700000	0.000733
	23.720000	0.001026
	23.740000	0.001183
	23.760000	0.000909
	23.780000	0.001534
	23.800000	0.001606
	23.820000	0.001599
	23.840000	0.002042
	23.860000	0.001209
	23.880000	0.001274
	23.900000	0.000896
	23.920000	0.001567
	23.940000	0.001384
	23.960000	0.001150
	23.980000	0.001085
	24.000000	0.001254
	24.020000	0.000564
	24.040000	0.001463
	24.060000	0.001183
	24.080000	0.000779
	24.100000	0.000909
	24.120000	0.000720
	24.140000	0.000466
	24.160000	0.000876
	24.180000	0.000427
	24.200000	0.000414
	24.220000	0.000499
	24.240000	0.000427
	24.260000	0.000447
	24.280000	-2.706242E-6
	24.300000	0.000310
	24.320000	0.000935
	24.340000	0.000557
	24.360000	0.000831
	24.380000	0.000707
	24.400000	4.939143E-5
	24.420000	0.001326
	24.440000	-0.000739
	24.460000	0.000505
	24.480000	0.000154
	24.500000	0.000310
	24.520000	0.001124
	24.540000	1.683038E-5
	24.560000	0.001593
	24.580000	0.001489
	24.600000	0.000766
	24.620000	0.002088
	24.640000	0.001267
	24.660000	0.002127
	24.680000	0.002798
	24.700000	0.001482
	24.720000	0.001658
	24.740000	0.002993
	24.760000	0.001873
	24.780000	0.002016
	24.800000	0.001671
	24.820000	0.002511
	24.840000	0.002010
	24.860000	0.001860
	24.880000	0.001951
	24.900000	0.001756
	24.920000	0.002550
	24.940000	0.002478
	24.960000	0.002648
	24.980000	0.002290
	25.000000	0.002550
	25.020000	0.002596
	25.040000	0.003234
	25.060000	0.003136
	25.080000	0.003214
	25.100000	0.003130
	25.120000	0.003117
	25.140000	0.002882
	25.160000	0.003410
	25.180000	0.003214
	25.200000	0.003572
	25.220000	0.002811
	25.240000	0.002804
	25.260000	0.002296
	25.280000	0.002296
	25.300000	0.002706
	25.320000	0.002602
	25.340000	0.001834
	25.360000	0.001847
	25.380000	0.001267
	25.400000	0.001345
	25.420000	0.000942
	25.440000	0.001417
	25.460000	0.001606
	25.480000	0.002127
	25.500000	0.003078
	25.520000	0.003605
	25.540000	0.005109
	25.560000	0.005578
	25.580000	0.006568
	25.600000	0.007623
	25.620000	0.007617
	25.640000	0.008802
	25.660000	0.010234
	25.680000	0.010677
	25.700000	0.010860
	25.720000	0.012370
	25.740000	0.013145
	25.760000	0.013438
	25.780000	0.013986
	25.800000	0.015483
	25.820000	0.015744
	25.840000	0.015483
	25.860000	0.017554
	25.880000	0.017684
	25.900000	0.018479
	25.920000	0.018381
	25.940000	0.019697
	25.960000	0.019130
	25.980000	0.019306
	26.000000	0.019111
	26.020000	0.018114
	26.040000	0.019052
	26.060000	0.018759
	26.080000	0.018765
	26.100000	0.018147
	26.120000	0.018492
	26.140000	0.018264
	26.160000	0.018551
	26.180000	0.018512
	26.200000	0.017782
	26.220000	0.017554
	26.240000	0.016115
	26.260000	0.014331
	26.280000	0.013933
	26.300000	0.014806
	26.320000	0.013855
	26.340000	0.012032
	26.360000	0.010274
	26.380000	0.008958
	26.400000	0.008346
	26.420000	0.006562
	26.440000	0.005780
	26.460000	0.004686
	26.480000	0.005552
	26.500000	0.006855
	26.520000	0.009863
	26.540000	0.012247
	26.560000	0.014904
	26.580000	0.016330
	26.600000	0.019019
	26.620000	0.021045
	26.640000	0.023031
	26.660000	0.026437
	26.680000	0.028423
	26.700000	0.030800
	26.720000	0.033451
	26.740000	0.034903
	26.760000	0.036941
	26.780000	0.038804
	26.800000	0.040073
	26.820000	0.042235
	26.840000	0.043063
	26.860000	0.042763
	26.880000	0.044827
	26.900000	0.046651
	26.920000	0.049093
	26.940000	0.049568
	26.960000	0.050610
	26.980000	0.050506
	27.000000	0.050512
	27.020000	0.051639
	27.040000	0.051587
	27.060000	0.052570
	27.080000	0.052675
	27.100000	0.051392
	27.120000	0.051847
	27.140000	0.052779
	27.160000	0.052707
	27.180000	0.054290
	27.200000	0.054114
	27.220000	0.053430
	27.240000	0.050454
	27.260000	0.049816
	27.280000	0.052036
	27.300000	0.053866
	27.320000	0.058288
	27.340000	0.055944
	27.360000	0.058015
	27.380000	0.065432
	27.400000	0.074549
	27.420000	0.094450
	27.440000	0.114762
	27.460000	0.156609
	27.480000	0.228166
	27.500000	0.312114
	27.520000	0.392091
	27.540000	0.467450
	27.560000	0.538889
	27.580000	0.605613
	27.600000	0.676407
	27.620000	0.751806
	27.640000	0.823114
	27.660000	0.890991
	27.680000	0.962222
	27.700000	1.026139
	27.720000	1.089086
	27.740000	1.142265
	27.760000	1.200178
	27.780000	1.249143
	27.800000	1.301111
	27.820000	1.353553
	27.840000	1.405807
	27.860000	1.458660
	27.880000	1.515655
	27.900000	1.554207
	27.920000	1.589816
	27.940000	1.613618
	27.960000	1.623015
	27.980000	1.624481
	28.000000	1.619577
	28.020000	1.614693
	28.040000	1.612791
	28.060000	1.611398
	28.080000	1.605276
	28.100000	1.600106
	28.120000	1.586345
	28.140000	1.576414
	28.160000	1.560303
	28.180000	1.515304
	28.200000	1.451523
	28.220000	1.353195
	28.240000	1.261086
	28.260000	1.207204
	28.280000	1.210884
	28.300000	1.150216
	28.320000	0.960353
	28.340000	0.799286
	28.360000	0.668384
	28.380000	0.551646
	28.400000	0.433404
	28.420000	0.231259
	28.440000	0.098520
	28.460000	0.042131
	28.480000	0.021527
	28.500000	0.016506
	28.520000	0.017326
	28.540000	0.018674
	28.560000	0.022595
	28.580000	0.026906
	28.600000	0.028566
	28.620000	0.032291
	28.640000	0.035749
	28.660000	0.038992
	28.680000	0.042437
	28.700000	0.045661
	28.720000	0.048546
	28.740000	0.051281
	28.760000	0.053489
	28.780000	0.056569
	28.800000	0.059766
	28.820000	0.061987
	28.840000	0.065119
	28.860000	0.068773
	28.880000	0.069346
	28.900000	0.072647
	28.920000	0.074614
	28.940000	0.076991
	28.960000	0.077955
	28.980000	0.078437
	29.000000	0.079056
	29.020000	0.079212
	29.040000	0.079453
	29.060000	0.078404
	29.080000	0.080215
	29.100000	0.079355
	29.120000	0.076874
	29.140000	0.077362
	29.160000	0.076353
	29.180000	0.076379
	29.200000	0.076789
	29.220000	0.072602
	29.240000	0.069196
	29.260000	0.063355
	29.280000	0.059916
	29.300000	0.058340
	29.320000	0.056002
	29.340000	0.051014
	29.360000	0.042678
	29.380000	0.034245
	29.400000	0.028970
	29.420000	0.021676
	29.440000	0.016180
	29.460000	0.008463
	29.480000	0.004282
	29.500000	0.002003
	29.520000	0.001762
	29.540000	0.002107
	29.560000	0.002133
	29.580000	0.003091
	29.600000	0.003735
	29.620000	0.003664
	29.640000	0.004660
	29.660000	0.004999
	29.680000	0.005370
	29.700000	0.005344
	29.720000	0.005800
	29.740000	0.006236
	29.760000	0.006575
	29.780000	0.007434
	29.800000	0.007486
	29.820000	0.007578
	29.840000	0.008333
	29.860000	0.008535
	29.880000	0.008834
	29.900000	0.009915
	29.920000	0.009596
	29.940000	0.010052
	29.960000	0.010397
	29.980000	0.010117
	30.000000	0.009837
	30.020000	0.010020
	30.040000	0.010065
	30.060000	0.009915
	30.080000	0.009336
	30.100000	0.009531
	30.120000	0.008926
	30.140000	0.009114
	30.160000	0.009108
	30.180000	0.008685
	30.200000	0.008652
	30.220000	0.008789
	30.240000	0.007525
	30.260000	0.006438
	30.280000	0.007376
	30.300000	0.006881
	30.320000	0.005591
	30.340000	0.004960
	30.360000	0.003931
	30.380000	0.003149
	30.400000	0.002303
	30.420000	0.001300
	30.440000	0.000688
	30.460000	0.000141
	30.480000	0.000473
	30.500000	-3.526728E-5
	30.520000	0.000811
	30.540000	0.000987
	30.560000	0.000955
	30.580000	0.000916
	30.600000	0.001664
	30.620000	0.000421
	30.640000	0.000831
	30.660000	0.001345
	30.680000	0.001521
	30.700000	0.000629
	30.720000	0.000212
	30.740000	0.001039
	30.760000	0.001469
	30.780000	0.000635
	30.800000	0.000870
	30.820000	0.000792
	30.840000	0.001593
	30.860000	0.001196
	30.880000	0.001091
	30.900000	0.000746
	30.920000	0.001690
	30.940000	0.001645
	30.960000	0.001528
	30.980000	0.001169
	31.000000	0.001931
	31.020000	0.002055
	31.040000	0.001892
	31.060000	0.001156
	31.080000	0.001573
	31.100000	0.002198
	31.120000	0.002224
	31.140000	0.001710
	31.160000	0.002335
	31.180000	0.002348
	31.200000	0.002342
	31.220000	0.002498
	31.240000	0.002628
	31.260000	0.003123
	31.280000	0.002915
	31.300000	0.003019
	31.320000	0.003468
	31.340000	0.003201
	31.360000	0.002876
	31.380000	0.003078
	31.400000	0.004087
	31.420000	0.005611
	31.440000	0.006933
	31.460000	0.009870
	31.480000	0.014689
	31.500000	0.021155
	31.520000	0.028078
	31.540000	0.032330
	31.560000	0.037286
	31.580000	0.043082
	31.600000	0.047628
	31.620000	0.053013
	31.640000	0.058321
	31.660000	0.063556
	31.680000	0.067672
	31.700000	0.070987
	31.720000	0.077395
	31.740000	0.081133
	31.760000	0.087547
	31.780000	0.090667
	31.800000	0.097576
	31.820000	0.101542
	31.840000	0.104323
	31.860000	0.108634
	31.880000	0.113902
	31.900000	0.116735
	31.920000	0.119757
	31.940000	0.122648
	31.960000	0.121860
	31.980000	0.122687
	32.000000	0.123645
	32.020000	0.125162
	32.040000	0.124485
	32.060000	0.123111
	32.080000	0.121847
	32.100000	0.120922
	32.120000	0.120082
	32.140000	0.121789
	32.160000	0.117992
	32.180000	0.115172
	32.200000	0.109891
	32.220000	0.101998
	32.240000	0.093415
	32.260000	0.092041
	32.280000	0.091220
	32.300000	0.079225
	32.320000	0.062671
	32.340000	0.051828
	32.360000	0.040868
	32.380000	0.036257
	32.400000	0.025558
	32.420000	0.012156
	32.440000	0.004771
	32.460000	0.002264
	32.480000	0.000831
	32.500000	0.000277
	32.520000	0.000421
	32.540000	0.000655
	32.560000	0.000531
	32.580000	0.000238
	32.600000	0.000290
	32.620000	0.000453
	32.640000	0.000453
	32.660000	4.287922E-5
	32.680000	0.000518
	32.700000	0.000544
	32.720000	7.544026E-5
	32.740000	0.000570
	32.760000	0.000355
	32.780000	0.000180
	32.800000	0.000173
	32.820000	0.000186
	32.840000	-0.000211
	32.860000	0.000101
	32.880000	-0.000159
	32.900000	-8.736495E-5
	32.920000	-0.000107
	32.940000	1.683038E-5
	32.960000	-0.000322
	32.980000	-4.829170E-5
	33.000000	0.000264
	33.020000	-0.000224
	33.040000	0.000271
	33.060000	-0.000152
	33.080000	-0.000179
	33.100000	0.000160
	33.120000	0.000486
	33.140000	0.000557
	33.160000	0.000727
	33.180000	0.000766
	33.200000	0.000811
	33.220000	0.000401
	33.240000	5.590363E-5
	33.260000	0.000408
	33.280000	0.000492
	33.300000	7.544026E-5
	33.320000	-0.000152
	33.340000	0.000154
	33.360000	0.000316
	33.380000	0.000232
	33.400000	0.000180
	33.420000	-0.000100
	33.440000	0.000277
	33.460000	-0.000452
	33.480000	5.590363E-5
	33.500000	-0.000426
	33.520000	-0.000244
	33.540000	-0.000113
	33.560000	-0.000270
	33.580000	-0.000218
	33.600000	-0.000231
	33.620000	-0.000120
	33.640000	-0.000302
	33.660000	0.000479
	33.680000	0.000395
	33.700000	0.000238
	33.720000	0.000264
	33.740000	0.000486
	33.760000	0.000251
	33.780000	0.000531
	33.800000	0.000525
	33.820000	0.000538
	33.840000	0.000649
	33.860000	0.001078
	33.880000	0.000948
	33.900000	0.001274
	33.920000	0.001345
	33.940000	0.001853
	33.960000	0.001528
	33.980000	0.001573
	34.000000	0.001502
	34.020000	0.001560
	34.040000	0.001202
	34.060000	0.001371
	34.080000	0.001033
	34.100000	0.000929
	34.120000	0.001013
	34.140000	0.001222
	34.160000	0.000603
	34.180000	0.000792
	34.200000	0.000688
	34.220000	0.000688
	34.240000	0.000531
	34.260000	0.000512
	34.280000	0.000531
	34.300000	-7.434054E-5
	34.320000	0.000251
	34.340000	3.805966E-6
	34.360000	-0.000485
	34.380000	-0.000120
	34.400000	-0.000328
	34.420000	-0.000485
	34.440000	0.000310
	34.460000	1.031817E-5
	34.480000	9.497689E-5
	34.500000	0.000180
	34.520000	0.000141
	34.540000	6.241584E-5
	34.560000	0.000316
	34.580000	0.000167
	34.600000	0.000303
	34.620000	0.000362
	34.640000	0.000108
	34.660000	0.000336
	34.680000	0.000316
	34.700000	0.000707
	34.720000	0.000701
	34.740000	0.000173
	34.760000	0.000701
	34.780000	0.000427
	34.800000	0.000505
	34.820000	6.241584E-5
	34.840000	-4.829170E-5
	34.860000	-0.000419
	34.880000	-6.782833E-5
	34.900000	-0.000498
	34.920000	-0.000289
	34.940000	-0.000231
	34.960000	0.000219
	34.980000	4.287922E-5
	35.000000	0.000447
	35.020000	0.000368
	35.040000	6.892805E-5
	35.060000	0.000551
	35.080000	0.000167
	35.100000	0.000342
	35.120000	0.000225
	35.140000	0.000590
	35.160000	5.590363E-5
	35.180000	0.000649
	35.200000	0.000694
	35.220000	0.001130
	35.240000	0.001560
	35.260000	0.001840
	35.280000	0.002237
	35.300000	0.002824
	35.320000	0.002459
	35.340000	0.003358
	35.360000	0.003501
	35.380000	0.004680
	35.400000	0.006034
	35.420000	0.007512
	35.440000	0.009583
	35.460000	0.014975
	35.480000	0.022731
	35.500000	0.033607
	35.520000	0.042913
	35.540000	0.050415
	35.560000	0.056452
	35.580000	0.064116
	35.600000	0.071990
	35.620000	0.079759
	35.640000	0.086388
	35.660000	0.093285
	35.680000	0.099628
	35.700000	0.105410
	35.720000	0.111962
	35.740000	0.119112
	35.760000	0.125637
	35.780000	0.131713
	35.800000	0.142550
	35.820000	0.151790
	35.840000	0.158967
	35.860000	0.165512
	35.880000	0.172792
	35.900000	0.180275
	35.920000	0.183212
	35.940000	0.187087
	35.960000	0.188246
	35.980000	0.187549
	36.000000	0.193410
	36.020000	0.194452
	36.040000	0.190987
	36.060000	0.189301
	36.080000	0.188168
	36.100000	0.187510
	36.120000	0.190603
	36.140000	0.188858
	36.160000	0.183928
	36.180000	0.173789
	36.200000	0.161858
	36.220000	0.151354
	36.240000	0.146822
	36.260000	0.144510
	36.280000	0.123273
	36.300000	0.097368
	36.320000	0.079759
	36.340000	0.058138
	36.360000	0.050734
	36.380000	0.039142
	36.400000	0.021969
	36.420000	0.009544
	36.440000	0.003781
	36.460000	0.001690
	36.480000	0.000655
	36.500000	0.000714
	36.520000	7.544026E-5
	36.540000	0.000551
	36.560000	0.000160
	36.580000	0.000916
	36.600000	0.000987
	36.620000	0.001176
	36.640000	0.001169
	36.660000	0.001293
	36.680000	0.001892
	36.700000	0.001541
	36.720000	0.001300
	36.740000	0.001130
	36.760000	0.001130
	36.780000	0.001664
	36.800000	0.001150
	36.820000	0.001319
	36.840000	0.001730
	36.860000	0.001482
	36.880000	0.001489
	36.900000	0.001866
	36.920000	0.001677
	36.940000	0.001847
	36.960000	0.001756
	36.980000	0.001651
	37.000000	0.001482
	37.020000	0.001534
	37.040000	0.002003
	37.060000	0.001984
	37.080000	0.002159
	37.100000	0.002062
	37.120000	0.002518
	37.140000	0.002876
	37.160000	0.002498
	37.180000	0.002954
	37.200000	0.003104
	37.220000	0.002628
	37.240000	0.002192
	37.260000	0.001730
	37.280000	0.002179
	37.300000	0.002146
	37.320000	0.001886
	37.340000	0.002016
	37.360000	0.002185
	37.380000	0.001717
	37.400000	0.001762
	37.420000	0.002270
	37.440000	0.002146
	37.460000	0.002133
	37.480000	0.003208
	37.500000	0.004953
	37.520000	0.006770
	37.540000	0.007675
	37.560000	0.009779
	37.580000	0.010762
	37.600000	0.012533
	37.620000	0.013302
	37.640000	0.015203
	37.660000	0.017216
	37.680000	0.018030
	37.700000	0.019501
	37.720000	0.020543
	37.740000	0.021637
	37.760000	0.023487
	37.780000	0.024972
	37.800000	0.027049
	37.820000	0.028625
	37.840000	0.030325
	37.860000	0.031888
	37.880000	0.034551
	37.900000	0.035118
	37.920000	0.036160
	37.940000	0.037963
	37.960000	0.037495
	37.980000	0.038074
	38.000000	0.038452
	38.020000	0.038817
	38.040000	0.039663
	38.060000	0.038406
	38.080000	0.037859
	38.100000	0.039031
	38.120000	0.037729
	38.140000	0.037058
	38.160000	0.037123
	38.180000	0.035736
	38.200000	0.032812
	38.220000	0.030852
	38.240000	0.031621
	38.260000	0.028527
	38.280000	0.025727
	38.300000	0.021422
	38.320000	0.017847
	38.340000	0.013751
	38.360000	0.012117
	38.380000	0.009766
	38.400000	0.006308
	38.420000	0.004536
	38.440000	0.003813
	38.460000	0.003586
	38.480000	0.003377
	38.500000	0.003677
	38.520000	0.004198
	38.540000	0.004790
	38.560000	0.006685
	38.580000	0.007213
	38.600000	0.007968
	38.620000	0.008437
	38.640000	0.010007
	38.660000	0.010632
	38.680000	0.012058
	38.700000	0.012748
	38.720000	0.014435
	38.740000	0.015438
	38.760000	0.016877
	38.780000	0.017697
	38.800000	0.020003
	38.820000	0.021462
	38.840000	0.023487
	38.860000	0.026391
	38.880000	0.028833
	38.900000	0.030969
	38.920000	0.033757
	38.940000	0.036075
	38.960000	0.039872
	38.980000	0.043649
	39.000000	0.048070
	39.020000	0.053443
	39.040000	0.059584
	39.060000	0.065927
	39.080000	0.072250
	39.100000	0.081895
	39.120000	0.094633
	39.140000	0.108282
	39.160000	0.126588
	39.180000	0.146776
	39.200000	0.171653
	39.220000	0.200085
	39.240000	0.234215
	39.260000	0.279117
	39.280000	0.323328
	39.300000	0.390906
	39.320000	0.470999
	39.340000	0.576621
	39.360000	0.720033
	39.380000	0.902134
	39.400000	1.150972
	39.420000	1.483224
	39.440000	1.960511
	39.460000	2.715888
	39.480000	3.904392
	39.500000	5.867966
	39.520000	8.389428
	39.540000	10.081293
	39.560000	10.516530
	39.580000	10.581066
	39.600000	10.600147
	39.620000	10.611009
	39.640000	10.619299
	39.660000	10.626020
	39.680000	10.631568
	39.700000	10.636407
	39.720000	10.640770
	39.740000	10.644528
	39.760000	10.648090
	39.780000	10.651834
	39.800000	10.655208
	39.820000	10.658535
	39.840000	10.661609
	39.860000	10.664611
	39.880000	10.665373
	39.900000	10.665373
	39.920000	10.665373
	39.940000	10.665373
	39.960000	10.665373
	39.980000	10.665373
	40.000000	10.665373
	40.020000	10.665373
	40.040000	10.665373
	40.060000	10.665373
	40.080000	10.665373
	40.100000	10.665373
	40.120000	10.665373
	40.140000	10.665373
	40.160000	10.665373
	40.180000	10.665373
	40.200000	10.665373
	40.220000	10.665373
	40.240000	10.665373
	40.260000	10.665373
	40.280000	10.661922
	40.300000	10.647465
	40.320000	10.631008
	40.340000	10.603800
	40.360000	10.570308
	40.380000	9.653246
	40.400000	5.577802
	40.420000	2.704778
	40.440000	1.279516
	40.460000	0.589359
	40.480000	0.255217
	40.500000	0.124797
	40.520000	0.072752
	40.540000	0.050662
	40.560000	0.034655
	40.580000	0.026430
	40.600000	0.020530
	40.620000	0.016883
	40.640000	0.013881
	40.660000	0.012195
	40.680000	0.011003
	40.700000	0.010104
	40.720000	0.009857
	40.740000	0.008711
	40.760000	0.008639
	40.780000	0.009303
	40.800000	0.008528
	40.820000	0.008548
	40.840000	0.009043
	40.860000	0.010130
	40.880000	0.010039
	40.900000	0.010274
	40.920000	0.010742
	40.940000	0.011257
	40.960000	0.010944
	40.980000	0.011622
	41.000000	0.011211
	41.020000	0.011185
	41.040000	0.012097
	41.060000	0.012071
	41.080000	0.012175
	41.100000	0.012878
	41.120000	0.012989
	41.140000	0.012911
	41.160000	0.012794
	41.180000	0.013185
	41.200000	0.013549
	41.220000	0.012944
	41.240000	0.012462
	41.260000	0.011836
	41.280000	0.011270
	41.300000	0.010423
	41.320000	0.010111
	41.340000	0.009577
	41.360000	0.007760
	41.380000	0.005669
	41.400000	0.004419
	41.420000	0.003970
	41.440000	0.003182
	41.460000	0.002726
	41.480000	0.001827
	41.500000	0.001163
	41.520000	0.000473
	41.540000	0.000544
	41.560000	0.000316
	41.580000	0.000336
	41.600000	0.000460
	41.620000	0.001280
	41.640000	0.001853
	41.660000	0.002068
	41.680000	0.002478
	41.700000	0.002576
	41.720000	0.002472
	41.740000	0.003332
	41.760000	0.002954
	41.780000	0.003455
	41.800000	0.003950
	41.820000	0.004575
	41.840000	0.004894
	41.860000	0.005546
	41.880000	0.005715
	41.900000	0.005826
	41.920000	0.005565
	41.940000	0.006054
	41.960000	0.005331
	41.980000	0.006308
	42.000000	0.006041
	42.020000	0.006054
	42.040000	0.006816
	42.060000	0.007083
	42.080000	0.007330
	42.100000	0.007525
	42.120000	0.007376
	42.140000	0.006926
	42.160000	0.006939
	42.180000	0.006503
	42.200000	0.006464
	42.220000	0.006067
	42.240000	0.006373
	42.260000	0.005376
	42.280000	0.006060
	42.300000	0.005376
	42.320000	0.005676
	42.340000	0.005220
	42.360000	0.004693
	42.380000	0.003618
	42.400000	0.003182
	42.420000	0.002661
	42.440000	0.001645
	42.460000	0.002003
	42.480000	0.001730
	42.500000	0.001176
	42.520000	0.001430
	42.540000	0.001463
	42.560000	0.002159
	42.580000	0.002557
	42.600000	0.003149
	42.620000	0.003579
	42.640000	0.004373
	42.660000	0.004934
	42.680000	0.005389
	42.700000	0.006360
	42.720000	0.007343
	42.740000	0.007688
	42.760000	0.008496
	42.780000	0.008769
	42.800000	0.010130
	42.820000	0.009759
	42.840000	0.010462
	42.860000	0.011511
	42.880000	0.012820
	42.900000	0.013198
	42.920000	0.014897
	42.940000	0.015522
	42.960000	0.016571
	42.980000	0.017066
	43.000000	0.017808
	43.020000	0.018752
	43.040000	0.019006
	43.060000	0.020608
	43.080000	0.021585
	43.100000	0.023103
	43.120000	0.024744
	43.140000	0.025896
	43.160000	0.026515
	43.180000	0.029719
	43.200000	0.031393
	43.220000	0.032695
	43.240000	0.034662
	43.260000	0.037814
	43.280000	0.040972
	43.300000	0.045225
	43.320000	0.048630
	43.340000	0.053957
	43.360000	0.061583
	43.380000	0.070153
	43.400000	0.079244
	43.420000	0.094509
	43.440000	0.117302
	43.460000	0.145369
	43.480000	0.182860
	43.500000	0.247344
	43.520000	0.343100
	43.540000	0.493838
	43.560000	0.730778
	43.580000	1.031779
	43.600000	1.333965
	43.620000	1.571869
	43.640000	1.776241
	43.660000	1.979513
	43.680000	2.183938
	43.700000	2.381564
	43.720000	2.581105
	43.740000	2.778379
	43.760000	2.984015
	43.780000	3.174758
	43.800000	3.374891
	43.820000	3.570719
	43.840000	3.799168
	43.860000	4.039195
	43.880000	4.289081
	43.900000	4.557078
	43.920000	4.811920
	43.940000	5.036683
	43.960000	5.242638
	43.980000	5.430756
	44.000000	5.601304
	44.020000	5.770127
	44.040000	5.949544
	44.060000	6.120666
	44.080000	6.220986
	44.100000	6.248598
	44.120000	6.228834
	44.140000	6.232585
	44.160000	6.208177
	44.180000	6.119344
	44.200000	5.970794
	44.220000	5.719644
	44.240000	5.395642
	44.260000	5.096471
	44.280000	5.043052
	44.300000	4.713456
	44.320000	3.760368
	44.340000	2.794666
	44.360000	2.115058
	44.380000	1.623380
	44.400000	1.354022
	44.420000	0.955091
	44.440000	0.527988
	44.460000	0.260329
	44.480000	0.130613
	44.500000	0.063993
	44.520000	0.031184
	44.540000	0.018218
	44.560000	0.014038
	44.580000	0.015119
	44.600000	0.016656
	44.620000	0.018153
	44.640000	0.022484
	44.660000	0.023337
	44.680000	0.025167
	44.700000	0.027778
	44.720000	0.029465
	44.740000	0.031862
	44.760000	0.033744
	44.780000	0.036166
	44.800000	0.038309
	44.820000	0.041382
	44.840000	0.042867
	44.860000	0.046468
	44.880000	0.048604
	44.900000	0.050864
	44.920000	0.053593
	44.940000	0.056725
	44.960000	0.059877
	44.980000	0.061531
	45.000000	0.063042
	45.020000	0.066200
	45.040000	0.067672
	45.060000	0.069229
	45.080000	0.072576
	45.100000	0.073963
	45.120000	0.072765
	45.140000	0.072517
	45.160000	0.072947
	45.180000	0.070805
	45.200000	0.070355
	45.220000	0.067040
	45.240000	0.065152
	45.260000	0.061909
	45.280000	0.058627
	45.300000	0.055462
	45.320000	0.046840
	45.340000	0.034707
	45.360000	0.025688
	45.380000	0.019775
	45.400000	0.015835
	45.420000	0.012807
	45.440000	0.007551
	45.460000	0.003748
	45.480000	0.001938
	45.500000	0.001059
	45.520000	0.000831
	45.540000	0.000662
	45.560000	0.001365
	45.580000	0.002993
	45.600000	0.004263
	45.620000	0.005793
	45.640000	0.006575
	45.660000	0.007311
	45.680000	0.007708
	45.700000	0.008711
	45.720000	0.009883
	45.740000	0.010521
	45.760000	0.011511
	45.780000	0.012462
	45.800000	0.013113
	45.820000	0.014415
	45.840000	0.014441
	45.860000	0.015698
	45.880000	0.016883
	45.900000	0.017001
	45.920000	0.017235
	45.940000	0.019339
	45.960000	0.019254
	45.980000	0.020498
	46.000000	0.020706
	46.020000	0.021514
	46.040000	0.022530
	46.060000	0.023956
	46.080000	0.024223
	46.100000	0.024744
	46.120000	0.024418
	46.140000	0.024288
	46.160000	0.024236
	46.180000	0.023142
	46.200000	0.024431
	46.220000	0.023109
	46.240000	0.022451
	46.260000	0.021064
	46.280000	0.020048
	46.300000	0.019156
	46.320000	0.015633
	46.340000	0.011537
	46.360000	0.008854
	46.380000	0.006777
	46.400000	0.006041
	46.420000	0.004575
	46.440000	0.002485
	46.460000	0.001306
	46.480000	0.000766
	46.500000	0.000479
	46.520000	0.000557
	46.540000	0.000336
	46.560000	0.000772
	46.580000	0.000720
	46.600000	0.000785
	46.620000	0.000115
	46.640000	0.000440
	46.660000	-0.000120
	46.680000	-0.000315
	46.700000	-0.000152
	46.720000	-0.000139
	46.740000	0.000303
	46.760000	0.000271
	46.780000	0.000486
	46.800000	0.000160
	46.820000	0.000121
	46.840000	-0.000250
	46.860000	-7.434054E-5
	46.880000	5.590363E-5
	46.900000	-0.000244
	46.920000	4.287922E-5
	46.940000	0.000349
	46.960000	-0.000270
	46.980000	0.000434
	47.000000	0.000147
	47.020000	0.000329
	47.040000	0.000434
	47.060000	0.000720
	47.080000	0.000981
	47.100000	0.001280
	47.120000	0.001534
	47.140000	0.001046
	47.160000	0.000896
	47.180000	0.000603
	47.200000	0.000492
	47.220000	0.000499
	47.240000	0.000297
	47.260000	0.000649
	47.280000	0.000707
	47.300000	0.000518
	47.320000	0.000759
	47.340000	0.000850
	47.360000	0.000310
	47.380000	-0.000387
	47.400000	-0.000530
	47.420000	0.000128
	47.440000	-0.000139
	47.460000	-0.000231
	47.480000	2.334259E-5
	47.500000	8.195247E-5
	47.520000	-0.000296
	47.540000	-0.000765
	47.560000	-0.000895
	47.580000	-1.573066E-5
	47.600000	0.000199
	47.620000	0.000128
	47.640000	0.000603
	47.660000	0.001020
	47.680000	0.000681
	47.700000	0.001020
	47.720000	0.000935
	47.740000	0.000505
	47.760000	0.000609
	47.780000	0.000486
	47.800000	0.000863
	47.820000	0.001078
	47.840000	0.001059
	47.860000	0.000564
	47.880000	0.001052
	47.900000	0.001078
	47.920000	0.000811
	47.940000	0.000622
	47.960000	0.001098
	47.980000	0.001163
	48.000000	0.000974
	48.020000	0.000909
	48.040000	0.000232
	48.060000	0.000160
	48.080000	0.001124
	48.100000	0.000479
	48.120000	0.000303
	48.140000	0.000264
	48.160000	0.000232
	48.180000	0.000486
	48.200000	0.001033
	48.220000	0.000675
	48.240000	0.000824
	48.260000	0.001000
	48.280000	0.000251
	48.300000	0.000290
	48.320000	7.544026E-5
	48.340000	0.000466
	48.360000	0.000427
	48.380000	0.000785
	48.400000	0.000863
	48.420000	0.000785
	48.440000	0.000518
	48.460000	0.000349
	48.480000	-2.224287E-5
	48.500000	0.000251
	48.520000	1.031817E-5
	48.540000	0.000766
	48.560000	0.000740
	48.580000	0.000518
	48.600000	0.000212
	48.620000	0.000264
	48.640000	-0.000126
	48.660000	-0.000361
	48.680000	-0.000309
	48.700000	-0.000139
	48.720000	-0.000166
	48.740000	0.000401
	48.760000	0.000499
	48.780000	0.000141
	48.800000	-0.000452
	48.820000	-0.000804
	48.840000	-0.000159
	48.860000	-0.000107
	48.880000	8.195247E-5
	48.900000	0.000238
	48.920000	0.000388
	48.940000	2.985480E-5
	48.960000	1.683038E-5
	48.980000	6.892805E-5
	49.000000	-0.000478
	49.020000	2.985480E-5
	49.040000	5.590363E-5
	49.060000	0.000753
	49.080000	0.000961
	49.100000	0.000779
	49.120000	0.000902
	49.140000	0.000850
	49.160000	0.000453
	49.180000	-0.000146
	49.200000	0.000414
	49.220000	0.001287
	49.240000	0.001261
	49.260000	0.000303
	49.280000	-0.000250
	49.300000	-0.000361
	49.320000	0.000466
	49.340000	4.287922E-5
	49.360000	-0.000576
	49.380000	-0.000511
	49.400000	0.000434
	49.420000	0.000635
	49.440000	0.000297
	49.460000	-0.000576
	49.480000	-0.000660
	49.500000	-0.000615
	49.520000	-0.000465
	49.540000	-0.000465
	49.560000	-0.000543
	49.580000	0.000290
	49.600000	8.195247E-5
	49.620000	0.000310
	49.640000	-0.000452
	49.660000	3.805966E-6
	49.680000	0.000323
	49.700000	0.000427
	49.720000	0.000590
	49.740000	0.000805
	49.760000	0.000935
	49.780000	0.001313
	49.800000	0.000974
	49.820000	0.000284
	49.840000	-0.000309
	49.860000	0.000590
	49.880000	0.001352
	49.900000	0.000824
	49.920000	0.000329
	49.940000	0.000329
	49.960000	0.000349
	49.980000	0.000961
	50.000000	0.000349
