	0.000000	0.018687
	0.020000	0.018577
	0.040000	0.018551
	0.060000	0.018590
	0.080000	0.018603
	0.100000	0.018485
	0.120000	0.018557
	0.140000	0.018544
	0.160000	0.018551
	0.180000	0.018342
	0.200000	0.018492
	0.220000	0.018635
	0.240000	0.018485
	0.260000	0.018316
	0.280000	0.018446
	0.300000	0.018674
	0.320000	0.018525
	0.340000	0.018551
	0.360000	0.018440
	0.380000	0.018551
	0.400000	0.018687
	0.420000	0.018564
	0.440000	0.018407
	0.460000	0.018453
	0.480000	0.018427
	0.500000	0.018342
	0.520000	0.018596
	0.540000	0.018297
	0.560000	0.018258
	0.580000	0.018388
	0.600000	0.018271
	0.620000	0.018414
	0.640000	0.018512
	0.660000	0.018388
	0.680000	0.018440
	0.700000	0.018505
	0.720000	0.018427
	0.740000	0.018407
	0.760000	0.018466
	0.780000	0.018603
	0.800000	0.018564
	0.820000	0.018629
	0.840000	0.022966
	0.860000	0.028364
	0.880000	0.036817
	0.900000	0.046032
	0.920000	0.064833
	0.940000	0.083425
	0.960000	0.114020
	0.980000	0.166182
	1.000000	0.255120
	1.020000	0.393393
	1.040000	0.574667
	1.060000	0.617778
	1.080000	0.542686
	1.100000	0.394272
	1.120000	0.276454
	1.140000	0.198704
	1.160000	0.149036
	1.180000	0.117738
	1.200000	0.098429
	1.220000	0.085320
	1.240000	0.075018
	1.260000	0.065048
	1.280000	0.055436
	1.300000	0.046983
	1.320000	0.040705
	1.340000	0.035997
	1.360000	0.032213
	1.380000	0.029192
	1.400000	0.026600
	1.420000	0.024503
	1.440000	0.022321
	1.460000	0.020420
	1.480000	0.018857
	1.500000	0.016877
	1.520000	0.015334
	1.540000	0.013771
	1.560000	0.012318
	1.580000	0.011081
	1.600000	0.009687
	1.620000	0.007395
	1.640000	0.004979
	1.660000	0.003403
	1.680000	0.002713
	1.700000	0.002439
	1.720000	0.002224
	1.740000	0.002205
	1.760000	0.001977
	1.780000	0.001931
	1.800000	0.001944
	1.820000	0.001795
	1.840000	0.001671
	1.860000	0.001586
	1.880000	0.001658
	1.900000	0.001606
	1.920000	0.001717
	1.940000	0.001788
	1.960000	0.001658
	1.980000	0.001625
	2.000000	0.001690
	2.020000	0.001599
	2.040000	0.001645
	2.060000	0.001821
	2.080000	0.001808
	2.100000	0.001782
	2.120000	0.001879
	2.140000	0.001840
	2.160000	0.001990
	2.180000	0.001873
	2.200000	0.001899
	2.220000	0.001788
	2.240000	0.001782
	2.260000	0.001847
	2.280000	0.001782
	2.300000	0.001554
	2.320000	0.001554
	2.340000	0.001384
	2.360000	0.001254
	2.380000	0.001091
	2.400000	0.001026
	2.420000	0.000974
	2.440000	0.000994
	2.460000	0.000798
	2.480000	0.000583
	2.500000	0.000596
	2.520000	0.000290
	2.540000	0.000290
	2.560000	4.287922E-5
	2.580000	-0.000218
	2.600000	-0.000517
	2.620000	-0.001253
	2.640000	-0.001234
	2.660000	-0.001442
	2.680000	-0.001527
	2.700000	-0.001683
	2.720000	-0.001592
	2.740000	-0.001416
	2.760000	-0.001390
	2.780000	-0.001579
	2.800000	-0.001403
	2.820000	-0.001351
	2.840000	-0.001396
	2.860000	-0.001370
	2.880000	-0.001442
	2.900000	-0.001364
	2.920000	-0.001377
	2.940000	-0.001305
	2.960000	-0.001507
	2.980000	-0.001474
	3.000000	-0.001357
	3.020000	-0.001390
	3.040000	-0.001461
	3.060000	-0.001487
	3.080000	-0.001422
	3.100000	-0.001527
	3.120000	-0.001507
	3.140000	-0.001644
	3.160000	-0.001579
	3.180000	-0.001611
	3.200000	-0.001514
	3.220000	-0.001585
	3.240000	-0.001448
	3.260000	-0.001468
	3.280000	-0.001533
	3.300000	-0.001507
	3.320000	-0.001507
	3.340000	-0.001351
	3.360000	-0.001429
	3.380000	-0.001403
	3.400000	-0.001487
	3.420000	-0.001442
	3.440000	-0.001533
	3.460000	-0.001461
	3.480000	-0.001331
	3.500000	-0.001468
	3.520000	-0.001468
	3.540000	-0.001409
	3.560000	-0.001442
	3.580000	-0.001611
	3.600000	-0.001429
	3.620000	-0.001540
	3.640000	-0.001598
	3.660000	-0.001448
	3.680000	-0.001566
	3.700000	-0.001533
	3.720000	-0.001585
	3.740000	-0.001514
	3.760000	-0.001527
	3.780000	-0.001396
	3.800000	-0.001553
	3.820000	-0.001448
	3.840000	-0.001507
	3.860000	-0.001396
	3.880000	-0.001494
	3.900000	-0.001468
	3.920000	-0.001618
	3.940000	-0.001442
	3.960000	-0.001299
	3.980000	-0.001481
	4.000000	-0.001461
	4.020000	-0.001494
	4.040000	-0.001416
	4.060000	-0.001416
	4.080000	-0.001383
	4.100000	-0.001494
	4.120000	-0.001429
	4.140000	-0.001344
	4.160000	-0.001585
	4.180000	-0.001474
	4.200000	-0.001559
	4.220000	-0.001598
	4.240000	-0.001644
	4.260000	-0.001585
	4.280000	-0.001572
	4.300000	-0.001553
	4.320000	-0.001579
	4.340000	-0.001474
	4.360000	-0.001533
	4.380000	-0.001520
	4.400000	-0.001468
	4.420000	-0.001572
	4.440000	-0.001501
	4.460000	-0.001579
	4.480000	-0.001435
	4.500000	-0.001344
	4.520000	-0.001481
	4.540000	-0.001364
	4.560000	-0.001364
	4.580000	-0.001448
	4.600000	-0.001344
	4.620000	-0.001396
	4.640000	-0.001416
	4.660000	-0.001344
	4.680000	-0.001461
	4.700000	-0.001520
	4.720000	-0.001514
	4.740000	-0.001546
	4.760000	-0.001579
	4.780000	-0.001546
	4.800000	-0.001442
	4.820000	-0.001650
	4.840000	-0.001572
	4.860000	-0.001611
	4.880000	-0.001494
	4.900000	-0.001579
	4.920000	-0.001598
	4.940000	-0.001520
	4.960000	-0.001487
	4.980000	-0.001494
	5.000000	-0.001364
	5.020000	-0.001344
	5.040000	-0.001507
	5.060000	-0.001325
	5.080000	-0.001501
	5.100000	-0.001396
	5.120000	-0.001344
	5.140000	-0.001383
	5.160000	-0.001422
	5.180000	-0.001507
	5.200000	-0.001527
	5.220000	-0.001631
	5.240000	-0.001611
	5.260000	-0.001611
	5.280000	-0.001663
	5.300000	-0.001487
	5.320000	-0.001572
	5.340000	-0.001403
	5.360000	-0.001422
	5.380000	-0.001631
	5.400000	-0.001514
	5.420000	-0.001598
	5.440000	-0.001520
	5.460000	-0.001487
	5.480000	-0.001514
	5.500000	-0.001325
	5.520000	-0.001429
	5.540000	-0.001312
	5.560000	-0.001448
	5.580000	-0.001357
	5.600000	-0.001338
	5.620000	-0.001383
	5.640000	-0.001416
	5.660000	-0.001344
	5.680000	-0.001338
	5.700000	-0.001468
	5.720000	-0.001299
	5.740000	-0.001364
	5.760000	-0.001305
	5.780000	-0.001201
	5.800000	-0.001357
	5.820000	-0.001474
	5.840000	-0.001318
	5.860000	-0.001292
	5.880000	-0.001234
	5.900000	-0.001227
	5.920000	-0.001234
	5.940000	-0.001234
	5.960000	-0.001422
	5.980000	-0.001422
	6.000000	-0.001507
	6.020000	-0.001351
	6.040000	-0.001461
	6.060000	-0.001403
	6.080000	-0.001240
	6.100000	-0.001188
	6.120000	-0.001325
	6.140000	-0.001194
	6.160000	-0.001123
	6.180000	-0.001305
	6.200000	-0.001214
	6.220000	-0.001227
	6.240000	-0.001279
	6.260000	-0.001364
	6.280000	-0.001338
	6.300000	-0.001383
	6.320000	-0.001305
	6.340000	-0.001344
	6.360000	-0.001331
	6.380000	-0.001455
	6.400000	-0.001240
	6.420000	-0.001377
	6.440000	-0.001396
	6.460000	-0.001344
	6.480000	-0.001507
	6.500000	-0.001442
	6.520000	-0.001370
	6.540000	-0.001598
	6.560000	-0.001474
	6.580000	-0.001435
	6.600000	-0.001403
	6.620000	-0.001533
	6.640000	-0.001292
	6.660000	-0.001416
	6.680000	-0.001429
	6.700000	-0.001357
	6.720000	-0.001553
	6.740000	-0.001403
	6.760000	-0.001370
	6.780000	-0.001553
	6.800000	-0.001416
	6.820000	-0.001501
	6.840000	-0.001501
	6.860000	-0.001474
	6.880000	-0.001494
	6.900000	-0.001676
	6.920000	-0.001676
	6.940000	-0.001455
	6.960000	-0.001507
	6.980000	-0.001592
	7.000000	-0.001689
	7.020000	-0.001448
	7.040000	-0.001442
	7.060000	-0.001383
	7.080000	-0.001579
	7.100000	-0.001533
	7.120000	-0.001514
	7.140000	-0.001390
	7.160000	-0.001351
	7.180000	-0.001344
	7.200000	-0.001422
	7.220000	-0.001364
	7.240000	-0.001266
	7.260000	-0.001501
	7.280000	-0.001481
	7.300000	-0.001409
	7.320000	-0.001305
	7.340000	-0.001481
	7.360000	-0.001501
	7.380000	-0.001468
	7.400000	-0.001514
	7.420000	-0.001494
	7.440000	-0.001409
	7.460000	-0.001683
	7.480000	-0.001553
	7.500000	-0.001448
	7.520000	-0.001487
	7.540000	-0.001383
	7.560000	-0.001514
	7.580000	-0.001494
	7.600000	-0.001670
	7.620000	-0.001435
	7.640000	-0.001487
	7.660000	-0.001416
	7.680000	-0.001357
	7.700000	-0.001442
	7.720000	-0.001403
	7.740000	-0.001422
	7.760000	-0.001312
	7.780000	-0.001344
	7.800000	-0.001292
	7.820000	-0.001468
	7.840000	-0.001357
	7.860000	-0.001533
	7.880000	-0.001357
	7.900000	-0.001390
	7.920000	-0.001318
	7.940000	-0.001344
	7.960000	-0.001461
	7.980000	-0.001357
	8.000000	-0.001305
	8.020000	-0.001455
	8.040000	-0.001494
	8.060000	-0.001455
	8.080000	-0.001559
	8.100000	-0.001422
	8.120000	-0.001422
	8.140000	-0.001455
	8.160000	-0.001533
	8.180000	-0.001494
	8.200000	-0.001396
	8.220000	-0.001461
	8.240000	-0.001468
	8.260000	-0.001364
	8.280000	-0.001351
	8.300000	-0.001383
	8.320000	-0.001409
	8.340000	-0.001377
	8.360000	-0.001292
	8.380000	-0.001435
	8.400000	-0.001435
	8.420000	-0.001357
	8.440000	-0.001279
	8.460000	-0.001396
	8.480000	-0.001514
	8.500000	-0.001455
	8.520000	-0.001546
	8.540000	-0.001422
	8.560000	-0.001657
	8.580000	-0.001546
	8.600000	-0.001546
	8.620000	-0.001514
	8.640000	-0.001696
	8.660000	-0.001442
	8.680000	-0.001533
	8.700000	-0.001468
	8.720000	-0.001474
	8.740000	-0.001611
	8.760000	-0.001318
	8.780000	-0.001487
	8.800000	-0.001566
	8.820000	-0.001481
	8.840000	-0.001338
	8.860000	-0.001403
	8.880000	-0.001390
	8.900000	-0.001487
	8.920000	-0.001331
	8.940000	-0.001357
	8.960000	-0.001351
	8.980000	-0.001566
	9.000000	-0.001383
	9.020000	-0.001442
	9.040000	-0.001390
	9.060000	-0.001514
	9.080000	-0.001501
	9.100000	-0.001494
	9.120000	-0.001579
	9.140000	-0.001520
	9.160000	-0.001631
	9.180000	-0.001605
	9.200000	-0.001540
	9.220000	-0.001572
	9.240000	-0.001572
	9.260000	-0.001481
	9.280000	-0.001409
	9.300000	-0.001501
	9.320000	-0.001481
	9.340000	-0.001527
	9.360000	-0.001351
	9.380000	-0.001468
	9.400000	-0.001338
	9.420000	-0.001507
	9.440000	-0.001461
	9.460000	-0.001481
	9.480000	-0.001403
	9.500000	-0.001553
	9.520000	-0.001507
	9.540000	-0.001520
	9.560000	-0.001494
	9.580000	-0.001396
	9.600000	-0.001487
	9.620000	-0.001735
	9.640000	-0.001650
	9.660000	-0.001442
	9.680000	-0.001553
	9.700000	-0.001670
	9.720000	-0.001553
	9.740000	-0.001637
	9.760000	-0.001637
	9.780000	-0.001501
	9.800000	-0.001644
	9.820000	-0.001468
	9.840000	-0.001514
	9.860000	-0.001344
	9.880000	-0.001383
	9.900000	-0.001670
	9.920000	-0.001481
	9.940000	-0.001383
	9.960000	-0.001540
	9.980000	-0.001533
	10.000000	-0.001566
	10.020000	-0.001494
	10.040000	-0.001487
	10.060000	-0.001487
	10.080000	-0.001468
	10.100000	-0.001501
	10.120000	-0.001546
	10.140000	-0.001631
	10.160000	-0.001566
	10.180000	-0.001494
	10.200000	-0.001540
	10.220000	-0.001553
	10.240000	-0.001579
	10.260000	-0.001663
	10.280000	-0.001598
	10.300000	-0.001605
	10.320000	-0.001611
	10.340000	-0.001455
	10.360000	-0.001422
	10.380000	-0.001435
	10.400000	-0.001572
	10.420000	-0.001461
	10.440000	-0.001442
	10.460000	-0.001292
	10.480000	-0.001481
	10.500000	-0.001396
	10.520000	-0.001409
	10.540000	-0.001448
	10.560000	-0.001364
	10.580000	-0.001461
	10.600000	-0.001487
	10.620000	-0.001266
	10.640000	-0.001468
	10.660000	-0.001514
	10.680000	-0.001527
	10.700000	-0.001566
	10.720000	-0.001501
	10.740000	-0.001566
	10.760000	-0.001579
	10.780000	-0.001396
	10.800000	-0.001474
	10.820000	-0.001461
	10.840000	-0.001527
	10.860000	-0.001422
	10.880000	-0.001507
	10.900000	-0.001305
	10.920000	-0.001377
	10.940000	-0.001637
	10.960000	-0.001559
	10.980000	-0.001338
	11.000000	-0.001390
	11.020000	-0.001377
	11.040000	-0.001357
	11.060000	-0.001396
	11.080000	-0.001429
	11.100000	-0.001370
	11.120000	-0.001383
	11.140000	-0.001247
	11.160000	-0.001344
	11.180000	-0.001234
	11.200000	-0.001299
	11.220000	-0.001273
	11.240000	-0.001305
	11.260000	-0.001188
	11.280000	-0.001279
	11.300000	-0.001019
	11.320000	-0.000993
	11.340000	-0.000726
	11.360000	-0.000758
	11.380000	-0.000296
	11.400000	-4.829170E-5
	11.420000	0.000388
	11.440000	0.000896
	11.460000	0.001788
	11.480000	0.002791
	11.500000	0.004575
	11.520000	0.007389
	11.540000	0.011530
	11.560000	0.015978
	11.580000	0.020648
	11.600000	0.025252
	11.620000	0.029022
	11.640000	0.032350
	11.660000	0.035573
	11.680000	0.038517
	11.700000	0.041864
	11.720000	0.044710
	11.740000	0.046833
	11.760000	0.048591
	11.780000	0.050024
	11.800000	0.050981
	11.820000	0.051587
	11.840000	0.051952
	11.860000	0.052401
	11.880000	0.053072
	11.900000	0.053521
	11.920000	0.054478
	11.940000	0.055012
	11.960000	0.055761
	11.980000	0.056484
	12.000000	0.057142
	12.020000	0.057188
	12.040000	0.056901
	12.060000	0.056074
	12.080000	0.055117
	12.100000	0.054120
	12.120000	0.053039
	12.140000	0.052740
	12.160000	0.052460
	12.180000	0.052128
	12.200000	0.051457
	12.220000	0.051105
	12.240000	0.050226
	12.260000	0.048194
	12.280000	0.045153
	12.300000	0.042125
	12.320000	0.040041
	12.340000	0.038869
	12.360000	0.038973
	12.380000	0.037749
	12.400000	0.033392
	12.420000	0.028482
	12.440000	0.025454
	12.460000	0.022810
	12.480000	0.014760
	12.500000	0.004797
	12.520000	0.000570
	12.540000	-0.000589
	12.560000	-0.000980
	12.580000	-0.000843
	12.600000	-0.000953
	12.620000	-0.001097
	12.640000	-0.001071
	12.660000	-0.000947
	12.680000	-0.000934
	12.700000	-0.001064
	12.720000	-0.001012
	12.740000	-0.000973
	12.760000	-0.000967
	12.780000	-0.001019
	12.800000	-0.001038
	12.820000	-0.001045
	12.840000	-0.001012
	12.860000	-0.000914
	12.880000	-0.000882
	12.900000	-0.000973
	12.920000	-0.000980
	12.940000	-0.001097
	12.960000	-0.000784
	12.980000	-0.000849
	13.000000	-0.000830
	13.020000	-0.000700
	13.040000	-0.000993
	13.060000	-0.000836
	13.080000	-0.000817
	13.100000	-0.000882
	13.120000	-0.000856
	13.140000	-0.000908
	13.160000	-0.000830
	13.180000	-0.000908
	13.200000	-0.000849
	13.220000	-0.000869
	13.240000	-0.000862
	13.260000	-0.001058
	13.280000	-0.001064
	13.300000	-0.000986
	13.320000	-0.001162
	13.340000	-0.001155
	13.360000	-0.001103
	13.380000	-0.001129
	13.400000	-0.001110
	13.420000	-0.001071
	13.440000	-0.001305
	13.460000	-0.001260
	13.480000	-0.001292
	13.500000	-0.001390
	13.520000	-0.001247
	13.540000	-0.001429
	13.560000	-0.001260
	13.580000	-0.001292
	13.600000	-0.001181
	13.620000	-0.001181
	13.640000	-0.001168
	13.660000	-0.001286
	13.680000	-0.001207
	13.700000	-0.001084
	13.720000	-0.001155
	13.740000	-0.001045
	13.760000	-0.000993
	13.780000	-0.001084
	13.800000	-0.001006
	13.820000	-0.001084
	13.840000	-0.001084
	13.860000	-0.000967
	13.880000	-0.001077
	13.900000	-0.001116
	13.920000	-0.001006
	13.940000	-0.000934
	13.960000	-0.001103
	13.980000	-0.001077
	14.000000	-0.001071
	14.020000	-0.001019
	14.040000	-0.001032
	14.060000	-0.001019
	14.080000	-0.000895
	14.100000	-0.001019
	14.120000	-0.001038
	14.140000	-0.000888
	14.160000	-0.001019
	14.180000	-0.001038
	14.200000	-0.000921
	14.220000	-0.001155
	14.240000	-0.001058
	14.260000	-0.001038
	14.280000	-0.001019
	14.300000	-0.001214
	14.320000	-0.001129
	14.340000	-0.001201
	14.360000	-0.001181
	14.380000	-0.001220
	14.400000	-0.001234
	14.420000	-0.001227
	14.440000	-0.001240
	14.460000	-0.001318
	14.480000	-0.001364
	14.500000	-0.001546
	14.520000	-0.001520
	14.540000	-0.001468
	14.560000	-0.001390
	14.580000	-0.001540
	14.600000	-0.001403
	14.620000	-0.001370
	14.640000	-0.001312
	14.660000	-0.001325
	14.680000	-0.001338
	14.700000	-0.001344
	14.720000	-0.001325
	14.740000	-0.001331
	14.760000	-0.001260
	14.780000	-0.001136
	14.800000	-0.001377
	14.820000	-0.001299
	14.840000	-0.001299
	14.860000	-0.001240
	14.880000	-0.001253
	14.900000	-0.001253
	14.920000	-0.001370
	14.940000	-0.001253
	14.960000	-0.001305
	14.980000	-0.001364
	15.000000	-0.001299
	15.020000	-0.001207
	15.040000	-0.001181
	15.060000	-0.001142
	15.080000	-0.001175
	15.100000	-0.001162
	15.120000	-0.001175
	15.140000	-0.000993
	15.160000	-0.001116
	15.180000	-0.000875
	15.200000	-0.000967
	15.220000	-0.000914
	15.240000	-0.000654
	15.260000	-0.000628
	15.280000	-0.000393
	15.300000	-0.000244
	15.320000	4.939143E-5
	15.340000	0.000128
	15.360000	0.000603
	15.380000	0.001267
	15.400000	0.001905
	15.420000	0.002824
	15.440000	0.004334
	15.460000	0.006705
	15.480000	0.010469
	15.500000	0.016408
	15.520000	0.022725
	15.540000	0.029745
	15.560000	0.036388
	15.580000	0.042678
	15.600000	0.048819
	15.620000	0.054491
	15.640000	0.060053
	15.660000	0.065002
	15.680000	0.069040
	15.700000	0.073064
	15.720000	0.076242
	15.740000	0.079205
	15.760000	0.081478
	15.780000	0.083262
	15.800000	0.085333
	15.820000	0.086603
	15.840000	0.087990
	15.860000	0.089950
	15.880000	0.091526
	15.900000	0.093513
	15.920000	0.095167
	15.940000	0.096495
	15.960000	0.097322
	15.980000	0.097407
	16.000000	0.096834
	16.020000	0.096313
	16.040000	0.095453
	16.060000	0.094301
	16.080000	0.093343
	16.100000	0.092692
	16.120000	0.092230
	16.140000	0.091409
	16.160000	0.089716
	16.180000	0.089403
	16.200000	0.088127
	16.220000	0.085542
	16.240000	0.081530
	16.260000	0.075943
	16.280000	0.071137
	16.300000	0.068779
	16.320000	0.069443
	16.340000	0.067692
	16.360000	0.060105
	16.380000	0.052154
	16.400000	0.046814
	16.420000	0.042196
	16.440000	0.031021
	16.460000	0.013321
	16.480000	0.004614
	16.500000	0.002531
	16.520000	0.002583
	16.540000	0.003260
	16.560000	0.003950
	16.580000	0.004862
	16.600000	0.005604
	16.620000	0.006444
	16.640000	0.007252
	16.660000	0.008079
	16.680000	0.008626
	16.700000	0.009271
	16.720000	0.009720
	16.740000	0.010098
	16.760000	0.010788
	16.780000	0.010912
	16.800000	0.011329
	16.820000	0.011563
	16.840000	0.011706
	16.860000	0.011784
	16.880000	0.012214
	16.900000	0.012455
	16.920000	0.012370
	16.940000	0.012826
	16.960000	0.012794
	16.980000	0.012716
	17.000000	0.012729
	17.020000	0.012664
	17.040000	0.012651
	17.060000	0.012637
	17.080000	0.012286
	17.100000	0.012182
	17.120000	0.012123
	17.140000	0.012019
	17.160000	0.011713
	17.180000	0.011791
	17.200000	0.011706
	17.220000	0.011569
	17.240000	0.011198
	17.260000	0.010306
	17.280000	0.009694
	17.300000	0.009323
	17.320000	0.009303
	17.340000	0.009316
	17.360000	0.008411
	17.380000	0.007428
	17.400000	0.006822
	17.420000	0.006777
	17.440000	0.005910
	17.460000	0.004165
	17.480000	0.004393
	17.500000	0.006874
	17.520000	0.010313
	17.540000	0.013536
	17.560000	0.016740
	17.580000	0.019879
	17.600000	0.023031
	17.620000	0.025981
	17.640000	0.028742
	17.660000	0.031386
	17.680000	0.033639
	17.700000	0.035743
	17.720000	0.037755
	17.740000	0.039429
	17.760000	0.040712
	17.780000	0.042183
	17.800000	0.043388
	17.820000	0.044163
	17.840000	0.045120
	17.860000	0.046123
	17.880000	0.046820
	17.900000	0.047979
	17.920000	0.048767
	17.940000	0.049490
	17.960000	0.050141
	17.980000	0.050395
	18.000000	0.050174
	18.020000	0.049959
	18.040000	0.049529
	18.060000	0.049112
	18.080000	0.049002
	18.100000	0.048507
	18.120000	0.047947
	18.140000	0.047289
	18.160000	0.046117
	18.180000	0.045407
	18.200000	0.045570
	18.220000	0.045016
	18.240000	0.043212
	18.260000	0.040366
	18.280000	0.037215
	18.300000	0.035417
	18.320000	0.035580
	18.340000	0.035398
	18.360000	0.031582
	18.380000	0.027511
	18.400000	0.024412
	18.420000	0.021520
	18.440000	0.016089
	18.460000	0.006190
	18.480000	0.001189
	18.500000	-0.000641
	18.520000	-0.001188
	18.540000	-0.001312
	18.560000	-0.001455
	18.580000	-0.001657
	18.600000	-0.001331
	18.620000	-0.001501
	18.640000	-0.001585
	18.660000	-0.001455
	18.680000	-0.001396
	18.700000	-0.001461
	18.720000	-0.001344
	18.740000	-0.001338
	18.760000	-0.001318
	18.780000	-0.001507
	18.800000	-0.001194
	18.820000	-0.001351
	18.840000	-0.001396
	18.860000	-0.001240
	18.880000	-0.001234
	18.900000	-0.001279
	18.920000	-0.001383
	18.940000	-0.001403
	18.960000	-0.001455
	18.980000	-0.001533
	19.000000	-0.001468
	19.020000	-0.001455
	19.040000	-0.001351
	19.060000	-0.001455
	19.080000	-0.001572
	19.100000	-0.001442
	19.120000	-0.001487
	19.140000	-0.001468
	19.160000	-0.001435
	19.180000	-0.001383
	19.200000	-0.001383
	19.220000	-0.001435
	19.240000	-0.001370
	19.260000	-0.001409
	19.280000	-0.001351
	19.300000	-0.001403
	19.320000	-0.001338
	19.340000	-0.001377
	19.360000	-0.001338
	19.380000	-0.001162
	19.400000	-0.001546
	19.420000	-0.001357
	19.440000	-0.001585
	19.460000	-0.001559
	19.480000	-0.001494
	19.500000	-0.001383
	19.520000	-0.001650
	19.540000	-0.001396
	19.560000	-0.001481
	19.580000	-0.001566
	19.600000	-0.001715
	19.620000	-0.001325
	19.640000	-0.001481
	19.660000	-0.001448
	19.680000	-0.001403
	19.700000	-0.001325
	19.720000	-0.001377
	19.740000	-0.001351
	19.760000	-0.001370
	19.780000	-0.001383
	19.800000	-0.001442
	19.820000	-0.001292
	19.840000	-0.001357
	19.860000	-0.001351
	19.880000	-0.001383
	19.900000	-0.001273
	19.920000	-0.001292
	19.940000	-0.001247
	19.960000	-0.001357
	19.980000	-0.001266
	20.000000	-0.001435
	20.020000	-0.001331
	20.040000	-0.001318
	20.060000	-0.001318
	20.080000	-0.001494
	20.100000	-0.001370
	20.120000	-0.001461
	20.140000	-0.001409
	20.160000	-0.001273
	20.180000	-0.001540
	20.200000	-0.001390
	20.220000	-0.001318
	20.240000	-0.001448
	20.260000	-0.001403
	20.280000	-0.001448
	20.300000	-0.001383
	20.320000	-0.001318
	20.340000	-0.001318
	20.360000	-0.001331
	20.380000	-0.001266
	20.400000	-0.001312
	20.420000	-0.001435
	20.440000	-0.001494
	20.460000	-0.001351
	20.480000	-0.001520
	20.500000	-0.001461
	20.520000	-0.001383
	20.540000	-0.001553
	20.560000	-0.001377
	20.580000	-0.001494
	20.600000	-0.001481
	20.620000	-0.001351
	20.640000	-0.001487
	20.660000	-0.001566
	20.680000	-0.001520
	20.700000	-0.001637
	20.720000	-0.001435
	20.740000	-0.001546
	20.760000	-0.001507
	20.780000	-0.001683
	20.800000	-0.001540
	20.820000	-0.001507
	20.840000	-0.001396
	20.860000	-0.001364
	20.880000	-0.001559
	20.900000	-0.001344
	20.920000	-0.001370
	20.940000	-0.001435
	20.960000	-0.001247
	20.980000	-0.001409
	21.000000	-0.001260
	21.020000	-0.001448
	21.040000	-0.001370
	21.060000	-0.001566
	21.080000	-0.001540
	21.100000	-0.001546
	21.120000	-0.001650
	21.140000	-0.001461
	21.160000	-0.001448
	21.180000	-0.001598
	21.200000	-0.001501
	21.220000	-0.001416
	21.240000	-0.001481
	21.260000	-0.001481
	21.280000	-0.001422
	21.300000	-0.001422
	21.320000	-0.001429
	21.340000	-0.001338
	21.360000	-0.001168
	21.380000	-0.001019
	21.400000	-0.000914
	21.420000	-0.000843
	21.440000	-0.000504
	21.460000	6.241584E-5
	21.480000	0.000701
	21.500000	0.001515
	21.520000	0.001997
	21.540000	0.002798
	21.560000	0.003384
	21.580000	0.003807
	21.600000	0.004289
	21.620000	0.004940
	21.640000	0.005552
	21.660000	0.006041
	21.680000	0.006399
	21.700000	0.006640
	21.720000	0.006978
	21.740000	0.007200
	21.760000	0.007447
	21.780000	0.007564
	21.800000	0.007851
	21.820000	0.008144
	21.840000	0.008437
	21.860000	0.008659
	21.880000	0.008919
	21.900000	0.008978
	21.920000	0.009082
	21.940000	0.009381
	21.960000	0.009212
	21.980000	0.009153
	22.000000	0.009180
	22.020000	0.008978
	22.040000	0.009075
	22.060000	0.008750
	22.080000	0.008854
	22.100000	0.008750
	22.120000	0.008646
	22.140000	0.008724
	22.160000	0.008600
	22.180000	0.008313
	22.200000	0.008001
	22.220000	0.007297
	22.240000	0.006698
	22.260000	0.006438
	22.280000	0.006627
	22.300000	0.006431
	22.320000	0.005526
	22.340000	0.004621
	22.360000	0.003957
	22.380000	0.003553
	22.400000	0.002120
	22.420000	0.000342
	22.440000	-0.000654
	22.460000	-0.001025
	22.480000	-0.001064
	22.500000	-0.001234
	22.520000	-0.001273
	22.540000	-0.001220
	22.560000	-0.001168
	22.580000	-0.001247
	22.600000	-0.001194
	22.620000	-0.001331
	22.640000	-0.001390
	22.660000	-0.001351
	22.680000	-0.001514
	22.700000	-0.001487
	22.720000	-0.001240
	22.740000	-0.001403
	22.760000	-0.001494
	22.780000	-0.001279
	22.800000	-0.001325
	22.820000	-0.001305
	22.840000	-0.001494
	22.860000	-0.001318
	22.880000	-0.001344
	22.900000	-0.001461
	22.920000	-0.001481
	22.940000	-0.001351
	22.960000	-0.001390
	22.980000	-0.001234
	23.000000	-0.001273
	23.020000	-0.001461
	23.040000	-0.001390
	23.060000	-0.001455
	23.080000	-0.001487
	23.100000	-0.001383
	23.120000	-0.001403
	23.140000	-0.001422
	23.160000	-0.001501
	23.180000	-0.001474
	23.200000	-0.001461
	23.220000	-0.001461
	23.240000	-0.001429
	23.260000	-0.001572
	23.280000	-0.001442
	23.300000	-0.001377
	23.320000	-0.001474
	23.340000	-0.001501
	23.360000	-0.001455
	23.380000	-0.001318
	23.400000	-0.001481
	23.420000	-0.001442
	23.440000	-0.001429
	23.460000	-0.001429
	23.480000	-0.001409
	23.500000	-0.001370
	23.520000	-0.001299
	23.540000	-0.001540
	23.560000	-0.001344
	23.580000	-0.001390
	23.600000	-0.001377
	23.620000	-0.001435
	23.640000	-0.001644
	23.660000	-0.001370
	23.680000	-0.001540
	23.700000	-0.001409
	23.720000	-0.001546
	23.740000	-0.001527
	23.760000	-0.001598
	23.780000	-0.001461
	23.800000	-0.001520
	23.820000	-0.001370
	23.840000	-0.001455
	23.860000	-0.001448
	23.880000	-0.001514
	23.900000	-0.001429
	23.920000	-0.001448
	23.940000	-0.001318
	23.960000	-0.001273
	23.980000	-0.001305
	24.000000	-0.001514
	24.020000	-0.001409
	24.040000	-0.001481
	24.060000	-0.001429
	24.080000	-0.001409
	24.100000	-0.001494
	24.120000	-0.001357
	24.140000	-0.001370
	24.160000	-0.001403
	24.180000	-0.001370
	24.200000	-0.001442
	24.220000	-0.001501
	24.240000	-0.001579
	24.260000	-0.001396
	24.280000	-0.001305
	24.300000	-0.001468
	24.320000	-0.001572
	24.340000	-0.001416
	24.360000	-0.001299
	24.380000	-0.001312
	24.400000	-0.001527
	24.420000	-0.001468
	24.440000	-0.001422
	24.460000	-0.001338
	24.480000	-0.001364
	24.500000	-0.001442
	24.520000	-0.001292
	24.540000	-0.001533
	24.560000	-0.001494
	24.580000	-0.001416
	24.600000	-0.001351
	24.620000	-0.001514
	24.640000	-0.001566
	24.660000	-0.001357
	24.680000	-0.001409
	24.700000	-0.001520
	24.720000	-0.001364
	24.740000	-0.001312
	24.760000	-0.001325
	24.780000	-0.001494
	24.800000	-0.001468
	24.820000	-0.001520
	24.840000	-0.001540
	24.860000	-0.001540
	24.880000	-0.001487
	24.900000	-0.001481
	24.920000	-0.001279
	24.940000	-0.001357
	24.960000	-0.001422
	24.980000	-0.001448
	25.000000	-0.001468
	25.020000	-0.001377
	25.040000	-0.001370
	25.060000	-0.001377
	25.080000	-0.001312
	25.100000	-0.001403
	25.120000	-0.001520
	25.140000	-0.001338
	25.160000	-0.001377
	25.180000	-0.001507
	25.200000	-0.001520
	25.220000	-0.001416
	25.240000	-0.001540
	25.260000	-0.001592
	25.280000	-0.001481
	25.300000	-0.001409
	25.320000	-0.001422
	25.340000	-0.001474
	25.360000	-0.001455
	25.380000	-0.001416
	25.400000	-0.001442
	25.420000	-0.001370
	25.440000	-0.001494
	25.460000	-0.001448
	25.480000	-0.001461
	25.500000	-0.001422
	25.520000	-0.001377
	25.540000	-0.001292
	25.560000	-0.001273
	25.580000	-0.001207
	25.600000	-0.001247
	25.620000	-0.001364
	25.640000	-0.001234
	25.660000	-0.001155
	25.680000	-0.001416
	25.700000	-0.001357
	25.720000	-0.001292
	25.740000	-0.001357
	25.760000	-0.001351
	25.780000	-0.001494
	25.800000	-0.001227
	25.820000	-0.001370
	25.840000	-0.001351
	25.860000	-0.001344
	25.880000	-0.001344
	25.900000	-0.001286
	25.920000	-0.001338
	25.940000	-0.001299
	25.960000	-0.001338
	25.980000	-0.001162
	26.000000	-0.001253
	26.020000	-0.001279
	26.040000	-0.001253
	26.060000	-0.001338
	26.080000	-0.001409
	26.100000	-0.001214
	26.120000	-0.001364
	26.140000	-0.001227
	26.160000	-0.001116
	26.180000	-0.001240
	26.200000	-0.001364
	26.220000	-0.001214
	26.240000	-0.001253
	26.260000	-0.001344
	26.280000	-0.001292
	26.300000	-0.001357
	26.320000	-0.001292
	26.340000	-0.001396
	26.360000	-0.001455
	26.380000	-0.001344
	26.400000	-0.001487
	26.420000	-0.001448
	26.440000	-0.001487
	26.460000	-0.001422
	26.480000	-0.001266
	26.500000	-0.001292
	26.520000	-0.001266
	26.540000	-0.001220
	26.560000	-0.001279
	26.580000	-0.001214
	26.600000	-0.001188
	26.620000	-0.001162
	26.640000	-0.001214
	26.660000	-0.001292
	26.680000	-0.001325
	26.700000	-0.001064
	26.720000	-0.001051
	26.740000	-0.001194
	26.760000	-0.001097
	26.780000	-0.001194
	26.800000	-0.001116
	26.820000	-0.001162
	26.840000	-0.001149
	26.860000	-0.001103
	26.880000	-0.001116
	26.900000	-0.001123
	26.920000	-0.000993
	26.940000	-0.001136
	26.960000	-0.001025
	26.980000	-0.000914
	27.000000	-0.000934
	27.020000	-0.000999
	27.040000	-0.000869
	27.060000	-0.000810
	27.080000	-0.000849
	27.100000	-0.000927
	27.120000	-0.000810
	27.140000	-0.000914
	27.160000	-0.000791
	27.180000	-0.000660
	27.200000	-0.000752
	27.220000	-0.000739
	27.240000	-0.000882
	27.260000	-0.000660
	27.280000	-0.000387
	27.300000	-0.000400
	27.320000	-0.000263
	27.340000	-0.000139
	27.360000	0.000271
	27.380000	0.000740
	27.400000	0.001521
	27.420000	0.002413
	27.440000	0.004282
	27.460000	0.006777
	27.480000	0.010013
	27.500000	0.013295
	27.520000	0.016362
	27.540000	0.019006
	27.560000	0.021950
	27.580000	0.024789
	27.600000	0.027720
	27.620000	0.030650
	27.640000	0.032917
	27.660000	0.035346
	27.680000	0.037566
	27.700000	0.039696
	27.720000	0.041682
	27.740000	0.043824
	27.760000	0.045739
	27.780000	0.047517
	27.800000	0.049464
	27.820000	0.051463
	27.840000	0.053222
	27.860000	0.054537
	27.880000	0.056093
	27.900000	0.057051
	27.920000	0.057604
	27.940000	0.057982
	27.960000	0.057559
	27.980000	0.057428
	28.000000	0.057559
	28.020000	0.057520
	28.040000	0.057415
	28.060000	0.057402
	28.080000	0.057402
	28.100000	0.057142
	28.120000	0.057253
	28.140000	0.056165
	28.160000	0.054192
	28.180000	0.051248
	28.200000	0.047680
	28.220000	0.044652
	28.240000	0.043349
	28.260000	0.043525
	28.280000	0.039943
	28.300000	0.032780
	28.320000	0.027993
	28.340000	0.024086
	28.360000	0.021266
	28.380000	0.013458
	28.400000	0.005318
	28.420000	0.001293
	28.440000	-0.000380
	28.460000	-0.000947
	28.480000	-0.000993
	28.500000	-0.001097
	28.520000	-0.001129
	28.540000	-0.001038
	28.560000	-0.000953
	28.580000	-0.001077
	28.600000	-0.000973
	28.620000	-0.000921
	28.640000	-0.000980
	28.660000	-0.000719
	28.680000	-0.000641
	28.700000	-0.000791
	28.720000	-0.000647
	28.740000	-0.000758
	28.760000	-0.000621
	28.780000	-0.000498
	28.800000	-0.000706
	28.820000	-0.000589
	28.840000	-0.000628
	28.860000	-0.000348
	28.880000	-0.000380
	28.900000	-0.000485
	28.920000	-0.000608
	28.940000	-0.000361
	28.960000	-0.000380
	28.980000	-0.000478
	29.000000	-0.000393
	29.020000	-0.000328
	29.040000	-0.000380
	29.060000	-0.000413
	29.080000	-0.000433
	29.100000	-0.000380
	29.120000	-0.000309
	29.140000	-0.000361
	29.160000	-0.000289
	29.180000	-0.000296
	29.200000	-0.000367
	29.220000	-0.000439
	29.240000	-0.000602
	29.260000	-0.000556
	29.280000	-0.000732
	29.300000	-0.000673
	29.320000	-0.000980
	29.340000	-0.000980
	29.360000	-0.000947
	29.380000	-0.001032
	29.400000	-0.001299
	29.420000	-0.001461
	29.440000	-0.001422
	29.460000	-0.001422
	29.480000	-0.001533
	29.500000	-0.001514
	29.520000	-0.001338
	29.540000	-0.001585
	29.560000	-0.001409
	29.580000	-0.001377
	29.600000	-0.001292
	29.620000	-0.001357
	29.640000	-0.001194
	29.660000	-0.001292
	29.680000	-0.001253
	29.700000	-0.001214
	29.720000	-0.001142
	29.740000	-0.001201
	29.760000	-0.001175
	29.780000	-0.001273
	29.800000	-0.001318
	29.820000	-0.001090
	29.840000	-0.000993
	29.860000	-0.001234
	29.880000	-0.001234
	29.900000	-0.001168
	29.920000	-0.001331
	29.940000	-0.001318
	29.960000	-0.001312
	29.980000	-0.001357
	30.000000	-0.001396
	30.020000	-0.001409
	30.040000	-0.001435
	30.060000	-0.001299
	30.080000	-0.001240
	30.100000	-0.001286
	30.120000	-0.001273
	30.140000	-0.001247
	30.160000	-0.001227
	30.180000	-0.001253
	30.200000	-0.001207
	30.220000	-0.001103
	30.240000	-0.001266
	30.260000	-0.001253
	30.280000	-0.001260
	30.300000	-0.001409
	30.320000	-0.001234
	30.340000	-0.001266
	30.360000	-0.001286
	30.380000	-0.001494
	30.400000	-0.001553
	30.420000	-0.001403
	30.440000	-0.001292
	30.460000	-0.001468
	30.480000	-0.001455
	30.500000	-0.001338
	30.520000	-0.001520
	30.540000	-0.001592
	30.560000	-0.001383
	30.580000	-0.001474
	30.600000	-0.001448
	30.620000	-0.001364
	30.640000	-0.001403
	30.660000	-0.001344
	30.680000	-0.001390
	30.700000	-0.001370
	30.720000	-0.001344
	30.740000	-0.001299
	30.760000	-0.001383
	30.780000	-0.001331
	30.800000	-0.001266
	30.820000	-0.001364
	30.840000	-0.001461
	30.860000	-0.001435
	30.880000	-0.001514
	30.900000	-0.001461
	30.920000	-0.001507
	30.940000	-0.001520
	30.960000	-0.001377
	30.980000	-0.001390
	31.000000	-0.001409
	31.020000	-0.001494
	31.040000	-0.001461
	31.060000	-0.001455
	31.080000	-0.001351
	31.100000	-0.001305
	31.120000	-0.001461
	31.140000	-0.001357
	31.160000	-0.001494
	31.180000	-0.001448
	31.200000	-0.001364
	31.220000	-0.001279
	31.240000	-0.001318
	31.260000	-0.001383
	31.280000	-0.001181
	31.300000	-0.001390
	31.320000	-0.001253
	31.340000	-0.001442
	31.360000	-0.001318
	31.380000	-0.001566
	31.400000	-0.001344
	31.420000	-0.001325
	31.440000	-0.001507
	31.460000	-0.001110
	31.480000	-0.001338
	31.500000	-0.001370
	31.520000	-0.001149
	31.540000	-0.001129
	31.560000	-0.001207
	31.580000	-0.000993
	31.600000	-0.001181
	31.620000	-0.001064
	31.640000	-0.001103
	31.660000	-0.000934
	31.680000	-0.001045
	31.700000	-0.000947
	31.720000	-0.000641
	31.740000	-0.000739
	31.760000	-0.000582
	31.780000	-0.000634
	31.800000	-0.000478
	31.820000	-0.000660
	31.840000	-0.000517
	31.860000	-0.000459
	31.880000	-0.000485
	31.900000	-0.000511
	31.920000	-0.000341
	31.940000	-0.000550
	31.960000	-0.000504
	31.980000	-0.000569
	32.000000	-0.000504
	32.020000	-0.000433
	32.040000	-0.000426
	32.060000	-0.000498
	32.080000	-0.000641
	32.100000	-0.000511
	32.120000	-0.000550
	32.140000	-0.000498
	32.160000	-0.000621
	32.180000	-0.000556
	32.200000	-0.000726
	32.220000	-0.000647
	32.240000	-0.000686
	32.260000	-0.000778
	32.280000	-0.000660
	32.300000	-0.000940
	32.320000	-0.000927
	32.340000	-0.000810
	32.360000	-0.001077
	32.380000	-0.001194
	32.400000	-0.001312
	32.420000	-0.001442
	32.440000	-0.001299
	32.460000	-0.001455
	32.480000	-0.001396
	32.500000	-0.001468
	32.520000	-0.001520
	32.540000	-0.001403
	32.560000	-0.001514
	32.580000	-0.001474
	32.600000	-0.001520
	32.620000	-0.001442
	32.640000	-0.001396
	32.660000	-0.001312
	32.680000	-0.001416
	32.700000	-0.001448
	32.720000	-0.001442
	32.740000	-0.001227
	32.760000	-0.001409
	32.780000	-0.001416
	32.800000	-0.001325
	32.820000	-0.001416
	32.840000	-0.001331
	32.860000	-0.001357
	32.880000	-0.001390
	32.900000	-0.001396
	32.920000	-0.001227
	32.940000	-0.001351
	32.960000	-0.001572
	32.980000	-0.001448
	33.000000	-0.001409
	33.020000	-0.001377
	33.040000	-0.001305
	33.060000	-0.001396
	33.080000	-0.001396
	33.100000	-0.001396
	33.120000	-0.001403
	33.140000	-0.001448
	33.160000	-0.001377
	33.180000	-0.001461
	33.200000	-0.001520
	33.220000	-0.001448
	33.240000	-0.001318
	33.260000	-0.001416
	33.280000	-0.001331
	33.300000	-0.001377
	33.320000	-0.001168
	33.340000	-0.001370
	33.360000	-0.001344
	33.380000	-0.001312
	33.400000	-0.001429
	33.420000	-0.001266
	33.440000	-0.001527
	33.460000	-0.001474
	33.480000	-0.001279
	33.500000	-0.001396
	33.520000	-0.001416
	33.540000	-0.001364
	33.560000	-0.001494
	33.580000	-0.001481
	33.600000	-0.001357
	33.620000	-0.001370
	33.640000	-0.001455
	33.660000	-0.001429
	33.680000	-0.001409
	33.700000	-0.001448
	33.720000	-0.001338
	33.740000	-0.001364
	33.760000	-0.001468
	33.780000	-0.001351
	33.800000	-0.001266
	33.820000	-0.001416
	33.840000	-0.001351
	33.860000	-0.001344
	33.880000	-0.001331
	33.900000	-0.001286
	33.920000	-0.001331
	33.940000	-0.001312
	33.960000	-0.001305
	33.980000	-0.001416
	34.000000	-0.001325
	34.020000	-0.001286
	34.040000	-0.001247
	34.060000	-0.001220
	34.080000	-0.001234
	34.100000	-0.001416
	34.120000	-0.001585
	34.140000	-0.001351
	34.160000	-0.001396
	34.180000	-0.001533
	34.200000	-0.001487
	34.220000	-0.001448
	34.240000	-0.001351
	34.260000	-0.001110
	34.280000	-0.001429
	34.300000	-0.001325
	34.320000	-0.001390
	34.340000	-0.001351
	34.360000	-0.001364
	34.380000	-0.001501
	34.400000	-0.001325
	34.420000	-0.001357
	34.440000	-0.001266
	34.460000	-0.001207
	34.480000	-0.001448
	34.500000	-0.001468
	34.520000	-0.001234
	34.540000	-0.001312
	34.560000	-0.001435
	34.580000	-0.001442
	34.600000	-0.001455
	34.620000	-0.001494
	34.640000	-0.001207
	34.660000	-0.001442
	34.680000	-0.001377
	34.700000	-0.001357
	34.720000	-0.001468
	34.740000	-0.001474
	34.760000	-0.001364
	34.780000	-0.001292
	34.800000	-0.001416
	34.820000	-0.001540
	34.840000	-0.001364
	34.860000	-0.001442
	34.880000	-0.001325
	34.900000	-0.001273
	34.920000	-0.001299
	34.940000	-0.001364
	34.960000	-0.001234
	34.980000	-0.001247
	35.000000	-0.001305
	35.020000	-0.001377
	35.040000	-0.001364
	35.060000	-0.001377
	35.080000	-0.001266
	35.100000	-0.001286
	35.120000	-0.001409
	35.140000	-0.001422
	35.160000	-0.001455
	35.180000	-0.001422
	35.200000	-0.001592
	35.220000	-0.001383
	35.240000	-0.001312
	35.260000	-0.001618
	35.280000	-0.001403
	35.300000	-0.001474
	35.320000	-0.001455
	35.340000	-0.001377
	35.360000	-0.001351
	35.380000	-0.001247
	35.400000	-0.001416
	35.420000	-0.001292
	35.440000	-0.001305
	35.460000	-0.001123
	35.480000	-0.001279
	35.500000	-0.001435
	35.520000	-0.001390
	35.540000	-0.001286
	35.560000	-0.001253
	35.580000	-0.001155
	35.600000	-0.001403
	35.620000	-0.001494
	35.640000	-0.001364
	35.660000	-0.001318
	35.680000	-0.001429
	35.700000	-0.001351
	35.720000	-0.001461
	35.740000	-0.001409
	35.760000	-0.001448
	35.780000	-0.001501
	35.800000	-0.001527
	35.820000	-0.001422
	35.840000	-0.001305
	35.860000	-0.001442
	35.880000	-0.001305
	35.900000	-0.001403
	35.920000	-0.001409
	35.940000	-0.001357
	35.960000	-0.001312
	35.980000	-0.001422
	36.000000	-0.001403
	36.020000	-0.001377
	36.040000	-0.001318
	36.060000	-0.001338
	36.080000	-0.001305
	36.100000	-0.001318
	36.120000	-0.001338
	36.140000	-0.001383
	36.160000	-0.001253
	36.180000	-0.001227
	36.200000	-0.001514
	36.220000	-0.001260
	36.240000	-0.001416
	36.260000	-0.001409
	36.280000	-0.001487
	36.300000	-0.001390
	36.320000	-0.001553
	36.340000	-0.001370
	36.360000	-0.001383
	36.380000	-0.001279
	36.400000	-0.001429
	36.420000	-0.001351
	36.440000	-0.001487
	36.460000	-0.001364
	36.480000	-0.001331
	36.500000	-0.001344
	36.520000	-0.001149
	36.540000	-0.001364
	36.560000	-0.001468
	36.580000	-0.001312
	36.600000	-0.001344
	36.620000	-0.001344
	36.640000	-0.001207
	36.660000	-0.001435
	36.680000	-0.001474
	36.700000	-0.001299
	36.720000	-0.001481
	36.740000	-0.001266
	36.760000	-0.001325
	36.780000	-0.001429
	36.800000	-0.001422
	36.820000	-0.001494
	36.840000	-0.001468
	36.860000	-0.001390
	36.880000	-0.001474
	36.900000	-0.001566
	36.920000	-0.001325
	36.940000	-0.001312
	36.960000	-0.001338
	36.980000	-0.001487
	37.000000	-0.001305
	37.020000	-0.001168
	37.040000	-0.001292
	37.060000	-0.001279
	37.080000	-0.001207
	37.100000	-0.001312
	37.120000	-0.001344
	37.140000	-0.001136
	37.160000	-0.001292
	37.180000	-0.001253
	37.200000	-0.001377
	37.220000	-0.001234
	37.240000	-0.001234
	37.260000	-0.001207
	37.280000	-0.001331
	37.300000	-0.001494
	37.320000	-0.001396
	37.340000	-0.001364
	37.360000	-0.001572
	37.380000	-0.001383
	37.400000	-0.001201
	37.420000	-0.001247
	37.440000	-0.001461
	37.460000	-0.001305
	37.480000	-0.001266
	37.500000	-0.001292
	37.520000	-0.001429
	37.540000	-0.001266
	37.560000	-0.001292
	37.580000	-0.001247
	37.600000	-0.001247
	37.620000	-0.001286
	37.640000	-0.001214
	37.660000	-0.001364
	37.680000	-0.001260
	37.700000	-0.001279
	37.720000	-0.001305
	37.740000	-0.001207
	37.760000	-0.001442
	37.780000	-0.001487
	37.800000	-0.001318
	37.820000	-0.001240
	37.840000	-0.001442
	37.860000	-0.001331
	37.880000	-0.001377
	37.900000	-0.001409
	37.920000	-0.001383
	37.940000	-0.001351
	37.960000	-0.001338
	37.980000	-0.001344
	38.000000	-0.001188
	38.020000	-0.001305
	38.040000	-0.001312
	38.060000	-0.001377
	38.080000	-0.001305
	38.100000	-0.001253
	38.120000	-0.001279
	38.140000	-0.001201
	38.160000	-0.001201
	38.180000	-0.001214
	38.200000	-0.001312
	38.220000	-0.001279
	38.240000	-0.001201
	38.260000	-0.001390
	38.280000	-0.001299
	38.300000	-0.001383
	38.320000	-0.001351
	38.340000	-0.001357
	38.360000	-0.001409
	38.380000	-0.001429
	38.400000	-0.001435
	38.420000	-0.001461
	38.440000	-0.001435
	38.460000	-0.001247
	38.480000	-0.001409
	38.500000	-0.001318
	38.520000	-0.001273
	38.540000	-0.001312
	38.560000	-0.001351
	38.580000	-0.001201
	38.600000	-0.001299
	38.620000	-0.001247
	38.640000	-0.001234
	38.660000	-0.001344
	38.680000	-0.001201
	38.700000	-0.001240
	38.720000	-0.001194
	38.740000	-0.001325
	38.760000	-0.001377
	38.780000	-0.001207
	38.800000	-0.001279
	38.820000	-0.001553
	38.840000	-0.001292
	38.860000	-0.001201
	38.880000	-0.001370
	38.900000	-0.001403
	38.920000	-0.001305
	38.940000	-0.001279
	38.960000	-0.001260
	38.980000	-0.001103
	39.000000	-0.001273
	39.020000	-0.001188
	39.040000	-0.001220
	39.060000	-0.001181
	39.080000	-0.001064
	39.100000	-0.001396
	39.120000	-0.001214
	39.140000	-0.001234
	39.160000	-0.001305
	39.180000	-0.001260
	39.200000	-0.001201
	39.220000	-0.001253
	39.240000	-0.001234
	39.260000	-0.001351
	39.280000	-0.001194
	39.300000	-0.001422
	39.320000	-0.001390
	39.340000	-0.001266
	39.360000	-0.001305
	39.380000	-0.001396
	39.400000	-0.001403
	39.420000	-0.001364
	39.440000	-0.001429
	39.460000	-0.001540
	39.480000	-0.001468
	39.500000	-0.001247
	39.520000	-0.001331
	39.540000	-0.001253
	39.560000	-0.001260
	39.580000	-0.001305
	39.600000	-0.001279
	39.620000	-0.001260
	39.640000	-0.001214
	39.660000	-0.001344
	39.680000	-0.001077
	39.700000	-0.001357
	39.720000	-0.001312
	39.740000	-0.001481
	39.760000	-0.001377
	39.780000	-0.001286
	39.800000	-0.001234
	39.820000	-0.001429
	39.840000	-0.001305
	39.860000	-0.001396
	39.880000	-0.001194
	39.900000	-0.001435
	39.920000	-0.001299
	39.940000	-0.001338
	39.960000	-0.001292
	39.980000	-0.001214
	40.000000	-0.001292
	40.020000	-0.001214
	40.040000	-0.001045
	40.060000	-0.001207
	40.080000	-0.001214
	40.100000	-0.001175
	40.120000	-0.001266
	40.140000	-0.001247
	40.160000	-0.001279
	40.180000	-0.001201
	40.200000	-0.001351
	40.220000	-0.001247
	40.240000	-0.001357
	40.260000	-0.001370
	40.280000	-0.001286
	40.300000	-0.001260
	40.320000	-0.001370
	40.340000	-0.001487
	40.360000	-0.001338
	40.380000	-0.001370
	40.400000	-0.001357
	40.420000	-0.001390
	40.440000	-0.001260
	40.460000	-0.001260
	40.480000	-0.001390
	40.500000	-0.001344
	40.520000	-0.001312
	40.540000	-0.001370
	40.560000	-0.001155
	40.580000	-0.001338
	40.600000	-0.001168
	40.620000	-0.001168
	40.640000	-0.001338
	40.660000	-0.001299
	40.680000	-0.001273
	40.700000	-0.001266
	40.720000	-0.001312
	40.740000	-0.001266
	40.760000	-0.001318
	40.780000	-0.001266
	40.800000	-0.001416
	40.820000	-0.001507
	40.840000	-0.001338
	40.860000	-0.001247
	40.880000	-0.001194
	40.900000	-0.001292
	40.920000	-0.001136
	40.940000	-0.001175
	40.960000	-0.001292
	40.980000	-0.001058
	41.000000	-0.001071
	41.020000	-0.001168
	41.040000	-0.001045
	41.060000	-0.001279
	41.080000	-0.001292
	41.100000	-0.001299
	41.120000	-0.001175
	41.140000	-0.001201
	41.160000	-0.001260
	41.180000	-0.001201
	41.200000	-0.001162
	41.220000	-0.001370
	41.240000	-0.001435
	41.260000	-0.001247
	41.280000	-0.001312
	41.300000	-0.001188
	41.320000	-0.001286
	41.340000	-0.001370
	41.360000	-0.001383
	41.380000	-0.001227
	41.400000	-0.001318
	41.420000	-0.001247
	41.440000	-0.001273
	41.460000	-0.001168
	41.480000	-0.001260
	41.500000	-0.001149
	41.520000	-0.001299
	41.540000	-0.001338
	41.560000	-0.001292
	41.580000	-0.001273
	41.600000	-0.001318
	41.620000	-0.001207
	41.640000	-0.001194
	41.660000	-0.001292
	41.680000	-0.001168
	41.700000	-0.001279
	41.720000	-0.001364
	41.740000	-0.001220
	41.760000	-0.001468
	41.780000	-0.001383
	41.800000	-0.001364
	41.820000	-0.001299
	41.840000	-0.001318
	41.860000	-0.001344
	41.880000	-0.001260
	41.900000	-0.001305
	41.920000	-0.001234
	41.940000	-0.001260
	41.960000	-0.001227
	41.980000	-0.001116
	42.000000	-0.001435
	42.020000	-0.001090
	42.040000	-0.001175
	42.060000	-0.001201
	42.080000	-0.001155
	42.100000	-0.001338
	42.120000	-0.001103
	42.140000	-0.001240
	42.160000	-0.001188
	42.180000	-0.001409
	42.200000	-0.001227
	42.220000	-0.001351
	42.240000	-0.001247
	42.260000	-0.001201
	42.280000	-0.001396
	42.300000	-0.001318
	42.320000	-0.001260
	42.340000	-0.001162
	42.360000	-0.001305
	42.380000	-0.001286
	42.400000	-0.001260
	42.420000	-0.001344
	42.440000	-0.001188
	42.460000	-0.001194
	42.480000	-0.001220
	42.500000	-0.001136
	42.520000	-0.001194
	42.540000	-0.001220
	42.560000	-0.001312
	42.580000	-0.001084
	42.600000	-0.001357
	42.620000	-0.001032
	42.640000	-0.001220
	42.660000	-0.001299
	42.680000	-0.001403
	42.700000	-0.001071
	42.720000	-0.001247
	42.740000	-0.001188
	42.760000	-0.001175
	42.780000	-0.001188
	42.800000	-0.001207
	42.820000	-0.001201
	42.840000	-0.001084
	42.860000	-0.001103
	42.880000	-0.001090
	42.900000	-0.001155
	42.920000	-0.001155
	42.940000	-0.001084
	42.960000	-0.001006
	42.980000	-0.001129
	43.000000	-0.000967
	43.020000	-0.000869
	43.040000	-0.000745
	43.060000	-0.000869
	43.080000	-0.000654
	43.100000	-0.000641
	43.120000	-0.000634
	43.140000	-0.000426
	43.160000	-0.000367
	43.180000	-0.000393
	43.200000	-0.000113
	43.220000	-4.177949E-5
	43.240000	0.000167
	43.260000	0.000460
	43.280000	0.000603
	43.300000	0.000961
	43.320000	0.001254
	43.340000	0.001671
	43.360000	0.002583
	43.380000	0.003175
	43.400000	0.004250
	43.420000	0.005884
	43.440000	0.007929
	43.460000	0.010547
	43.480000	0.014650
	43.500000	0.020569
	43.520000	0.030299
	43.540000	0.045303
	43.560000	0.065510
	43.580000	0.084943
	43.600000	0.100246
	43.620000	0.112033
	43.640000	0.123801
	43.660000	0.136174
	43.680000	0.148736
	43.700000	0.160725
	43.720000	0.173541
	43.740000	0.186500
	43.760000	0.199173
	43.780000	0.211931
	43.800000	0.224655
	43.820000	0.238800
	43.840000	0.253856
	43.860000	0.269603
	43.880000	0.283923
	43.900000	0.296720
	43.920000	0.308728
	43.940000	0.318737
	43.960000	0.327907
	43.980000	0.337890
	44.000000	0.348068
	44.020000	0.357993
	44.040000	0.366954
	44.060000	0.370477
	44.080000	0.369682
	44.100000	0.369513
	44.120000	0.368784
	44.140000	0.364251
	44.160000	0.358527
	44.180000	0.346317
	44.200000	0.328024
	44.220000	0.308943
	44.240000	0.302294
	44.260000	0.291855
	44.280000	0.235635
	44.300000	0.184775
	44.320000	0.148111
	44.340000	0.119184
	44.360000	0.100624
	44.380000	0.070772
	44.400000	0.038940
	44.420000	0.018466
	44.440000	0.008626
	44.460000	0.003716
	44.480000	0.001124
	44.500000	-9.218451E-6
	44.520000	-0.000302
	44.540000	-0.000433
	44.560000	-0.000393
	44.580000	-0.000126
	44.600000	4.287922E-5
	44.620000	9.497689E-5
	44.640000	0.000180
	44.660000	0.000199
	44.680000	0.000382
	44.700000	0.000434
	44.720000	0.000616
	44.740000	0.000675
	44.760000	0.001007
	44.780000	0.001156
	44.800000	0.001137
	44.820000	0.001332
	44.840000	0.001352
	44.860000	0.001612
	44.880000	0.001957
	44.900000	0.001970
	44.920000	0.002094
	44.940000	0.002374
	44.960000	0.002387
	44.980000	0.002667
	45.000000	0.002557
	45.020000	0.002771
	45.040000	0.002837
	45.060000	0.002771
	45.080000	0.002876
	45.100000	0.002882
	45.120000	0.002967
	45.140000	0.002817
	45.160000	0.002817
	45.180000	0.002602
	45.200000	0.002518
	45.220000	0.002290
	45.240000	0.002016
	45.260000	0.001964
	45.280000	0.001515
	45.300000	0.000889
	45.320000	0.000368
	45.340000	3.636701E-5
	45.360000	-0.000218
	45.380000	-0.000491
	45.400000	-0.000706
	45.420000	-0.000993
	45.440000	-0.001129
	45.460000	-0.001168
	45.480000	-0.001084
	45.500000	-0.001207
	45.520000	-0.001149
	45.540000	-0.001012
	45.560000	-0.001181
	45.580000	-0.001038
	45.600000	-0.000888
	45.620000	-0.000895
	45.640000	-0.000719
	45.660000	-0.000739
	45.680000	-0.000875
	45.700000	-0.000791
	45.720000	-0.000654
	45.740000	-0.000569
	45.760000	-0.000517
	45.780000	-0.000576
	45.800000	-0.000511
	45.820000	-0.000341
	45.840000	-0.000218
	45.860000	-0.000374
	45.880000	-0.000289
	45.900000	-0.000107
	45.920000	-0.000296
	45.940000	-0.000133
	45.960000	-0.000107
	45.980000	-0.000100
	46.000000	1.031817E-5
	46.020000	3.636701E-5
	46.040000	0.000173
	46.060000	5.590363E-5
	46.080000	6.892805E-5
	46.100000	0.000108
	46.120000	7.544026E-5
	46.140000	0.000101
	46.160000	-1.573066E-5
	46.180000	-2.706242E-6
	46.200000	2.985480E-5
	46.220000	-0.000166
	46.240000	-6.131612E-5
	46.260000	-9.387716E-5
	46.280000	-0.000302
	46.300000	-0.000745
	46.320000	-0.000921
	46.340000	-0.000791
	46.360000	-0.000784
	46.380000	-0.001142
	46.400000	-0.001110
	46.420000	-0.001071
	46.440000	-0.001312
	46.460000	-0.001155
	46.480000	-0.001227
	46.500000	-0.001181
	46.520000	-0.001136
	46.540000	-0.001188
	46.560000	-0.001188
	46.580000	-0.001123
	46.600000	-0.001051
	46.620000	-0.001247
	46.640000	-0.001207
	46.660000	-0.001253
	46.680000	-0.001305
	46.700000	-0.001305
	46.720000	-0.001312
	46.740000	-0.001136
	46.760000	-0.001181
	46.780000	-0.001448
	46.800000	-0.001266
	46.820000	-0.001201
	46.840000	-0.001370
	46.860000	-0.001220
	46.880000	-0.001234
	46.900000	-0.001338
	46.920000	-0.001344
	46.940000	-0.001188
	46.960000	-0.001220
	46.980000	-0.001103
	47.000000	-0.001240
	47.020000	-0.001214
	47.040000	-0.001357
	47.060000	-0.001188
	47.080000	-0.001064
	47.100000	-0.001240
	47.120000	-0.001123
	47.140000	-0.001377
	47.160000	-0.001214
	47.180000	-0.001084
	47.200000	-0.001084
	47.220000	-0.001292
	47.240000	-0.001286
	47.260000	-0.001344
	47.280000	-0.001214
	47.300000	-0.001299
	47.320000	-0.001220
	47.340000	-0.001253
	47.360000	-0.001273
	47.380000	-0.001474
	47.400000	-0.001370
	47.420000	-0.001331
	47.440000	-0.001305
	47.460000	-0.001292
	47.480000	-0.001292
	47.500000	-0.001181
	47.520000	-0.001383
	47.540000	-0.001129
	47.560000	-0.001286
	47.580000	-0.001162
	47.600000	-0.001097
	47.620000	-0.001149
	47.640000	-0.001279
	47.660000	-0.001201
	47.680000	-0.001220
	47.700000	-0.001338
	47.720000	-0.001266
	47.740000	-0.001377
	47.760000	-0.001286
	47.780000	-0.001116
	47.800000	-0.001318
	47.820000	-0.001292
	47.840000	-0.001292
	47.860000	-0.001461
	47.880000	-0.001155
	47.900000	-0.001168
	47.920000	-0.001279
	47.940000	-0.001168
	47.960000	-0.001292
	47.980000	-0.001273
	48.000000	-0.001058
	48.020000	-0.001110
	48.040000	-0.001292
	48.060000	-0.001168
	48.080000	-0.001207
	48.100000	-0.001299
	48.120000	-0.001234
	48.140000	-0.001110
	48.160000	-0.001188
	48.180000	-0.001325
	48.200000	-0.001136
	48.220000	-0.001103
	48.240000	-0.001325
	48.260000	-0.001253
	48.280000	-0.001396
	48.300000	-0.001364
	48.320000	-0.001227
	48.340000	-0.001370
	48.360000	-0.001292
	48.380000	-0.001273
	48.400000	-0.001266
	48.420000	-0.001338
	48.440000	-0.001201
	48.460000	-0.001201
	48.480000	-0.001188
	48.500000	-0.001240
	48.520000	-0.001090
	48.540000	-0.000993
	48.560000	-0.001273
	48.580000	-0.001162
	48.600000	-0.001168
	48.620000	-0.001090
	48.640000	-0.001266
	48.660000	-0.001142
	48.680000	-0.001266
	48.700000	-0.001364
	48.720000	-0.001227
	48.740000	-0.001253
	48.760000	-0.001305
	48.780000	-0.001357
	48.800000	-0.001260
	48.820000	-0.001331
	48.840000	-0.001253
	48.860000	-0.001299
	48.880000	-0.001318
	48.900000	-0.001318
	48.920000	-0.001136
	48.940000	-0.001220
	48.960000	-0.001286
	48.980000	-0.001234
	49.000000	-0.001058
	49.020000	-0.001325
	49.040000	-0.001162
	49.060000	-0.001142
	49.080000	-0.001422
	49.100000	-0.001116
	49.120000	-0.001168
	49.140000	-0.001162
	49.160000	-0.001149
	49.180000	-0.001240
	49.200000	-0.001429
	49.220000	-0.001240
	49.240000	-0.001181
	49.260000	-0.001487
	49.280000	-0.001207
	49.300000	-0.001318
	49.320000	-0.001338
	49.340000	-0.001201
	49.360000	-0.001312
	49.380000	-0.001220
	49.400000	-0.001240
	49.420000	-0.001461
	49.440000	-0.001338
	49.460000	-0.001220
	49.480000	-0.001292
	49.500000	-0.001194
	49.520000	-0.001207
	49.540000	-0.001214
	49.560000	-0.001292
	49.580000	-0.001149
	49.600000	-0.001071
	49.620000	-0.001051
	49.640000	-0.001247
	49.660000	-0.001188
	49.680000	-0.001019
	49.700000	-0.001253
	49.720000	-0.001338
	49.740000	-0.001058
	49.760000	-0.001299
	49.780000	-0.001077
	49.800000	-0.001207
	49.820000	-0.001338
	49.840000	-0.001227
	49.860000	-0.001220
	49.880000	-0.001084
	49.900000	-0.001175
	49.920000	-0.001429
	49.940000	-0.001136
	49.960000	-0.001142
	49.980000	-0.001331
	50.000000	-0.001234
