	0.000000	0.172486
	0.020000	0.173535
	0.040000	0.172616
	0.060000	0.173131
	0.080000	0.174668
	0.100000	0.174251
	0.120000	0.172382
	0.140000	0.173033
	0.160000	0.172962
	0.180000	0.172662
	0.200000	0.173789
	0.220000	0.173059
	0.240000	0.172883
	0.260000	0.173352
	0.280000	0.172812
	0.300000	0.173789
	0.320000	0.173196
	0.340000	0.173574
	0.360000	0.173776
	0.380000	0.173502
	0.400000	0.173671
	0.420000	0.173619
	0.440000	0.174049
	0.460000	0.173743
	0.480000	0.173925
	0.500000	0.174303
	0.520000	0.174004
	0.540000	0.173502
	0.560000	0.173541
	0.580000	0.172818
	0.600000	0.172727
	0.620000	0.172056
	0.640000	0.172388
	0.660000	0.172421
	0.680000	0.172994
	0.700000	0.171679
	0.720000	0.173046
	0.740000	0.173951
	0.760000	0.173619
	0.780000	0.174544
	0.800000	0.173750
	0.820000	0.174961
	0.840000	0.228113
	0.860000	0.271628
	0.880000	0.347964
	0.900000	0.435853
	0.920000	0.565902
	0.940000	0.817527
	0.960000	1.087640
	0.980000	1.565057
	1.000000	2.423477
	1.020000	3.730848
	1.040000	5.387762
	1.060000	5.764943
	1.080000	5.039203
	1.100000	3.597146
	1.120000	2.482165
	1.140000	1.775310
	1.160000	1.331093
	1.180000	1.053275
	1.200000	0.884043
	1.220000	0.766165
	1.240000	0.675548
	1.260000	0.586721
	1.280000	0.501535
	1.300000	0.428142
	1.320000	0.373407
	1.340000	0.329984
	1.360000	0.296934
	1.380000	0.269336
	1.400000	0.247012
	1.420000	0.226713
	1.440000	0.208271
	1.460000	0.192231
	1.480000	0.176869
	1.500000	0.161839
	1.520000	0.146144
	1.540000	0.131850
	1.560000	0.119750
	1.580000	0.108634
	1.600000	0.094502
	1.620000	0.074634
	1.640000	0.051620
	1.660000	0.039598
	1.680000	0.035300
	1.700000	0.033086
	1.720000	0.032272
	1.740000	0.030865
	1.760000	0.029739
	1.780000	0.028723
	1.800000	0.027798
	1.820000	0.027342
	1.840000	0.026736
	1.860000	0.026613
	1.880000	0.026723
	1.900000	0.027101
	1.920000	0.026535
	1.940000	0.026535
	1.960000	0.026645
	1.980000	0.026600
	2.000000	0.026528
	2.020000	0.026704
	2.040000	0.026932
	2.060000	0.027336
	2.080000	0.027935
	2.100000	0.028019
	2.120000	0.028019
	2.140000	0.027967
	2.160000	0.027883
	2.180000	0.027811
	2.200000	0.027603
	2.220000	0.027590
	2.240000	0.027342
	2.260000	0.026938
	2.280000	0.025694
	2.300000	0.024692
	2.320000	0.024210
	2.340000	0.023272
	2.360000	0.022015
	2.380000	0.021240
	2.400000	0.020667
	2.420000	0.020407
	2.440000	0.019085
	2.460000	0.017886
	2.480000	0.016818
	2.500000	0.015451
	2.520000	0.013673
	2.540000	0.012429
	2.560000	0.011133
	2.580000	0.008118
	2.600000	0.003846
	2.620000	-0.000778
	2.640000	-0.002256
	2.660000	-0.003116
	2.680000	-0.003226
	2.700000	-0.003493
	2.720000	-0.003415
	2.740000	-0.003363
	2.760000	-0.003591
	2.780000	-0.003513
	2.800000	-0.003435
	2.820000	-0.003480
	2.840000	-0.003441
	2.860000	-0.003519
	2.880000	-0.003343
	2.900000	-0.003324
	2.920000	-0.003539
	2.940000	-0.003311
	2.960000	-0.003129
	2.980000	-0.003383
	3.000000	-0.003116
	3.020000	-0.003272
	3.040000	-0.003500
	3.060000	-0.003304
	3.080000	-0.003363
	3.100000	-0.003474
	3.120000	-0.003383
	3.140000	-0.003409
	3.160000	-0.003422
	3.180000	-0.003474
	3.200000	-0.003519
	3.220000	-0.003630
	3.240000	-0.003650
	3.260000	-0.003487
	3.280000	-0.003695
	3.300000	-0.003812
	3.320000	-0.003558
	3.340000	-0.003571
	3.360000	-0.003715
	3.380000	-0.003669
	3.400000	-0.003663
	3.420000	-0.003597
	3.440000	-0.003643
	3.460000	-0.003539
	3.480000	-0.003545
	3.500000	-0.003285
	3.520000	-0.003383
	3.540000	-0.003409
	3.560000	-0.003324
	3.580000	-0.003396
	3.600000	-0.003435
	3.620000	-0.003396
	3.640000	-0.003448
	3.660000	-0.003493
	3.680000	-0.003311
	3.700000	-0.003493
	3.720000	-0.003474
	3.740000	-0.003435
	3.760000	-0.003493
	3.780000	-0.003610
	3.800000	-0.003506
	3.820000	-0.003454
	3.840000	-0.003409
	3.860000	-0.003695
	3.880000	-0.003617
	3.900000	-0.003715
	3.920000	-0.003461
	3.940000	-0.003669
	3.960000	-0.003409
	3.980000	-0.003233
	4.000000	-0.003337
	4.020000	-0.003493
	4.040000	-0.003044
	4.060000	-0.003565
	4.080000	-0.003278
	4.100000	-0.003454
	4.120000	-0.003558
	4.140000	-0.003441
	4.160000	-0.003448
	4.180000	-0.003474
	4.200000	-0.003741
	4.220000	-0.003591
	4.240000	-0.003474
	4.260000	-0.003656
	4.280000	-0.003656
	4.300000	-0.003480
	4.320000	-0.003513
	4.340000	-0.003747
	4.360000	-0.003578
	4.380000	-0.003734
	4.400000	-0.003604
	4.420000	-0.003539
	4.440000	-0.003435
	4.460000	-0.003669
	4.480000	-0.003513
	4.500000	-0.003317
	4.520000	-0.003409
	4.540000	-0.003317
	4.560000	-0.003467
	4.580000	-0.003383
	4.600000	-0.003376
	4.620000	-0.003578
	4.640000	-0.003545
	4.660000	-0.003493
	4.680000	-0.003623
	4.700000	-0.003389
	4.720000	-0.003500
	4.740000	-0.003526
	4.760000	-0.003578
	4.780000	-0.003780
	4.800000	-0.003708
	4.820000	-0.003610
	4.840000	-0.003741
	4.860000	-0.003643
	4.880000	-0.003851
	4.900000	-0.003604
	4.920000	-0.003728
	4.940000	-0.003519
	4.960000	-0.003500
	4.980000	-0.003578
	5.000000	-0.003565
	5.020000	-0.003545
	5.040000	-0.003526
	5.060000	-0.003513
	5.080000	-0.003474
	5.100000	-0.003584
	5.120000	-0.003565
	5.140000	-0.003454
	5.160000	-0.003480
	5.180000	-0.003584
	5.200000	-0.003474
	5.220000	-0.003845
	5.240000	-0.003773
	5.260000	-0.003708
	5.280000	-0.003637
	5.300000	-0.003669
	5.320000	-0.003851
	5.340000	-0.003623
	5.360000	-0.003754
	5.380000	-0.003637
	5.400000	-0.003650
	5.420000	-0.003767
	5.440000	-0.003682
	5.460000	-0.003487
	5.480000	-0.003415
	5.500000	-0.003493
	5.520000	-0.003441
	5.540000	-0.003415
	5.560000	-0.003285
	5.580000	-0.002836
	5.600000	-0.002627
	5.620000	-0.002425
	5.640000	-0.002308
	5.660000	-0.002230
	5.680000	-0.002015
	5.700000	-0.001917
	5.720000	-0.001917
	5.740000	-0.002054
	5.760000	-0.002061
	5.780000	-0.001917
	5.800000	-0.001715
	5.820000	-0.001748
	5.840000	-0.001683
	5.860000	-0.001527
	5.880000	-0.001878
	5.900000	-0.001572
	5.920000	-0.001715
	5.940000	-0.001787
	5.960000	-0.001943
	5.980000	-0.001865
	6.000000	-0.001618
	6.020000	-0.001676
	6.040000	-0.001605
	6.060000	-0.001637
	6.080000	-0.001598
	6.100000	-0.001514
	6.120000	-0.001540
	6.140000	-0.001461
	6.160000	-0.001663
	6.180000	-0.001540
	6.200000	-0.001683
	6.220000	-0.001761
	6.240000	-0.001794
	6.260000	-0.001611
	6.280000	-0.001891
	6.300000	-0.001696
	6.320000	-0.001839
	6.340000	-0.002054
	6.360000	-0.002100
	6.380000	-0.002191
	6.400000	-0.002093
	6.420000	-0.002256
	6.440000	-0.002282
	6.460000	-0.002523
	6.480000	-0.002725
	6.500000	-0.002614
	6.520000	-0.002992
	6.540000	-0.003409
	6.560000	-0.003252
	6.580000	-0.003532
	6.600000	-0.003480
	6.620000	-0.003623
	6.640000	-0.003448
	6.660000	-0.003343
	6.680000	-0.003213
	6.700000	-0.003383
	6.720000	-0.003409
	6.740000	-0.003545
	6.760000	-0.003389
	6.780000	-0.003493
	6.800000	-0.003578
	6.820000	-0.003558
	6.840000	-0.003526
	6.860000	-0.003754
	6.880000	-0.003930
	6.900000	-0.003923
	6.920000	-0.003721
	6.940000	-0.003838
	6.960000	-0.003656
	6.980000	-0.003597
	7.000000	-0.003545
	7.020000	-0.003578
	7.040000	-0.003558
	7.060000	-0.003422
	7.080000	-0.003623
	7.100000	-0.003363
	7.120000	-0.003461
	7.140000	-0.003226
	7.160000	-0.003552
	7.180000	-0.003500
	7.200000	-0.003695
	7.220000	-0.003350
	7.240000	-0.003578
	7.260000	-0.003526
	7.280000	-0.003591
	7.300000	-0.003402
	7.320000	-0.003428
	7.340000	-0.003584
	7.360000	-0.003571
	7.380000	-0.003545
	7.400000	-0.003715
	7.420000	-0.003708
	7.440000	-0.003760
	7.460000	-0.003676
	7.480000	-0.003643
	7.500000	-0.003715
	7.520000	-0.003623
	7.540000	-0.003454
	7.560000	-0.003356
	7.580000	-0.003330
	7.600000	-0.003083
	7.620000	-0.002985
	7.640000	-0.002933
	7.660000	-0.002888
	7.680000	-0.002829
	7.700000	-0.002731
	7.720000	-0.002796
	7.740000	-0.002666
	7.760000	-0.002640
	7.780000	-0.002764
	7.800000	-0.002529
	7.820000	-0.002842
	7.840000	-0.002757
	7.860000	-0.002751
	7.880000	-0.002608
	7.900000	-0.002738
	7.920000	-0.002809
	7.940000	-0.002868
	7.960000	-0.002770
	7.980000	-0.002881
	8.000000	-0.002959
	8.020000	-0.002959
	8.040000	-0.002764
	8.060000	-0.002992
	8.080000	-0.002712
	8.100000	-0.002809
	8.120000	-0.002940
	8.140000	-0.002738
	8.160000	-0.002673
	8.180000	-0.002562
	8.200000	-0.002692
	8.220000	-0.002608
	8.240000	-0.002575
	8.260000	-0.002549
	8.280000	-0.002751
	8.300000	-0.002829
	8.320000	-0.002738
	8.340000	-0.002959
	8.360000	-0.003057
	8.380000	-0.002966
	8.400000	-0.003109
	8.420000	-0.003103
	8.440000	-0.002894
	8.460000	-0.003200
	8.480000	-0.003252
	8.500000	-0.003311
	8.520000	-0.003604
	8.540000	-0.003949
	8.560000	-0.003715
	8.580000	-0.003565
	8.600000	-0.003584
	8.620000	-0.003532
	8.640000	-0.003480
	8.660000	-0.003702
	8.680000	-0.003298
	8.700000	-0.003467
	8.720000	-0.003558
	8.740000	-0.003513
	8.760000	-0.003461
	8.780000	-0.003428
	8.800000	-0.003441
	8.820000	-0.003545
	8.840000	-0.003363
	8.860000	-0.003591
	8.880000	-0.003669
	8.900000	-0.003584
	8.920000	-0.003728
	8.940000	-0.003604
	8.960000	-0.003552
	8.980000	-0.003487
	9.000000	-0.003422
	9.020000	-0.003571
	9.040000	-0.003663
	9.060000	-0.003617
	9.080000	-0.003682
	9.100000	-0.003617
	9.120000	-0.003415
	9.140000	-0.003623
	9.160000	-0.003591
	9.180000	-0.003448
	9.200000	-0.003324
	9.220000	-0.003278
	9.240000	-0.003291
	9.260000	-0.003343
	9.280000	-0.003135
	9.300000	-0.003148
	9.320000	-0.003454
	9.340000	-0.003539
	9.360000	-0.003370
	9.380000	-0.003350
	9.400000	-0.003343
	9.420000	-0.003441
	9.440000	-0.003669
	9.460000	-0.003441
	9.480000	-0.003689
	9.500000	-0.003643
	9.520000	-0.003604
	9.540000	-0.003571
	9.560000	-0.003552
	9.580000	-0.003617
	9.600000	-0.003591
	9.620000	-0.003695
	9.640000	-0.003623
	9.660000	-0.003454
	9.680000	-0.003500
	9.700000	-0.003383
	9.720000	-0.003259
	9.740000	-0.003454
	9.760000	-0.003317
	9.780000	-0.003285
	9.800000	-0.003623
	9.820000	-0.003571
	9.840000	-0.003337
	9.860000	-0.003578
	9.880000	-0.003610
	9.900000	-0.003571
	9.920000	-0.003610
	9.940000	-0.003578
	9.960000	-0.003708
	9.980000	-0.003448
	10.000000	-0.003695
	10.020000	-0.003565
	10.040000	-0.003584
	10.060000	-0.003454
	10.080000	-0.003539
	10.100000	-0.003467
	10.120000	-0.003519
	10.140000	-0.003435
	10.160000	-0.003721
	10.180000	-0.003513
	10.200000	-0.003422
	10.220000	-0.003363
	10.240000	-0.003448
	10.260000	-0.003207
	10.280000	-0.003337
	10.300000	-0.003428
	10.320000	-0.003213
	10.340000	-0.003259
	10.360000	-0.003370
	10.380000	-0.003532
	10.400000	-0.003291
	10.420000	-0.003343
	10.440000	-0.003597
	10.460000	-0.003584
	10.480000	-0.003591
	10.500000	-0.003383
	10.520000	-0.003500
	10.540000	-0.003539
	10.560000	-0.003552
	10.580000	-0.003500
	10.600000	-0.003370
	10.620000	-0.003448
	10.640000	-0.003676
	10.660000	-0.003630
	10.680000	-0.003487
	10.700000	-0.003474
	10.720000	-0.003415
	10.740000	-0.003363
	10.760000	-0.003252
	10.780000	-0.003304
	10.800000	-0.002998
	10.820000	-0.003057
	10.840000	-0.002998
	10.860000	-0.003063
	10.880000	-0.003109
	10.900000	-0.003135
	10.920000	-0.002829
	10.940000	-0.003057
	10.960000	-0.002940
	10.980000	-0.003148
	11.000000	-0.002783
	11.020000	-0.002920
	11.040000	-0.002907
	11.060000	-0.002901
	11.080000	-0.002712
	11.100000	-0.002699
	11.120000	-0.002354
	11.140000	-0.002432
	11.160000	-0.001852
	11.180000	-0.001982
	11.200000	-0.001559
	11.220000	-0.001338
	11.240000	-0.000784
	11.260000	-0.000341
	11.280000	0.000277
	11.300000	0.001156
	11.320000	0.002264
	11.340000	0.003371
	11.360000	0.005201
	11.380000	0.007167
	11.400000	0.010052
	11.420000	0.013999
	11.440000	0.019208
	11.460000	0.026124
	11.480000	0.036088
	11.500000	0.052421
	11.520000	0.080410
	11.540000	0.119516
	11.560000	0.162744
	11.580000	0.205119
	11.600000	0.244687
	11.620000	0.280120
	11.640000	0.311352
	11.660000	0.341517
	11.680000	0.371330
	11.700000	0.399814
	11.720000	0.423747
	11.740000	0.444651
	11.760000	0.461934
	11.780000	0.473721
	11.800000	0.482695
	11.820000	0.487638
	11.840000	0.488348
	11.860000	0.492398
	11.880000	0.499842
	11.900000	0.506263
	11.920000	0.511994
	11.940000	0.518564
	11.960000	0.525142
	11.980000	0.532585
	12.000000	0.538466
	12.020000	0.538909
	12.040000	0.535223
	12.060000	0.527512
	12.080000	0.518415
	12.100000	0.508790
	12.120000	0.500871
	12.140000	0.496729
	12.160000	0.496195
	12.180000	0.490959
	12.200000	0.484473
	12.220000	0.481855
	12.240000	0.474177
	12.260000	0.453280
	12.280000	0.425967
	12.300000	0.398160
	12.320000	0.379359
	12.340000	0.370868
	12.360000	0.371844
	12.380000	0.357257
	12.400000	0.313163
	12.420000	0.268391
	12.440000	0.242779
	12.460000	0.214425
	12.480000	0.135399
	12.500000	0.047908
	12.520000	0.013491
	12.540000	0.004758
	12.560000	0.001775
	12.580000	0.000837
	12.600000	0.000512
	12.620000	0.000303
	12.640000	0.000538
	12.660000	0.000675
	12.680000	0.000889
	12.700000	0.000955
	12.720000	0.001235
	12.740000	0.001358
	12.760000	0.001645
	12.780000	0.001951
	12.800000	0.001918
	12.820000	0.001957
	12.840000	0.002075
	12.860000	0.001938
	12.880000	0.002107
	12.900000	0.002329
	12.920000	0.002596
	12.940000	0.002791
	12.960000	0.002752
	12.980000	0.002726
	13.000000	0.002830
	13.020000	0.002758
	13.040000	0.002778
	13.060000	0.002726
	13.080000	0.002719
	13.100000	0.002361
	13.120000	0.002342
	13.140000	0.002251
	13.160000	0.002062
	13.180000	0.002049
	13.200000	0.002316
	13.220000	0.002218
	13.240000	0.002172
	13.260000	0.001502
	13.280000	0.001287
	13.300000	0.001020
	13.320000	0.000955
	13.340000	0.000811
	13.360000	0.000622
	13.380000	0.000675
	13.400000	2.985480E-5
	13.420000	-0.000393
	13.440000	-0.000524
	13.460000	-0.000745
	13.480000	-0.001748
	13.500000	-0.002126
	13.520000	-0.002074
	13.540000	-0.001715
	13.560000	-0.001650
	13.580000	-0.001227
	13.600000	-0.000836
	13.620000	-0.000634
	13.640000	-0.000341
	13.660000	-0.000231
	13.680000	9.497689E-5
	13.700000	0.000258
	13.720000	0.000232
	13.740000	0.000349
	13.760000	0.000746
	13.780000	0.000740
	13.800000	0.000701
	13.820000	0.000909
	13.840000	0.001078
	13.860000	0.001007
	13.880000	0.001072
	13.900000	0.001267
	13.920000	0.001332
	13.940000	0.001508
	13.960000	0.001547
	13.980000	0.001690
	14.000000	0.001463
	14.020000	0.001463
	14.040000	0.001541
	14.060000	0.001443
	14.080000	0.001436
	14.100000	0.001306
	14.120000	0.001528
	14.140000	0.001228
	14.160000	0.001332
	14.180000	0.001137
	14.200000	0.001176
	14.220000	0.000929
	14.240000	0.000668
	14.260000	0.000525
	14.280000	0.000434
	14.300000	0.000147
	14.320000	0.000173
	14.340000	5.590363E-5
	14.360000	0.000238
	14.380000	-3.526728E-5
	14.400000	-0.000680
	14.420000	-0.000862
	14.440000	-0.001058
	14.460000	-0.001559
	14.480000	-0.002406
	14.500000	-0.002849
	14.520000	-0.002901
	14.540000	-0.002712
	14.560000	-0.002562
	14.580000	-0.002484
	14.600000	-0.002302
	14.620000	-0.002360
	14.640000	-0.002041
	14.660000	-0.002132
	14.680000	-0.001885
	14.700000	-0.001885
	14.720000	-0.001768
	14.740000	-0.001878
	14.760000	-0.001761
	14.780000	-0.001761
	14.800000	-0.001754
	14.820000	-0.001598
	14.840000	-0.001807
	14.860000	-0.001566
	14.880000	-0.001422
	14.900000	-0.001487
	14.920000	-0.001390
	14.940000	-0.001194
	14.960000	-0.001136
	14.980000	-0.001025
	15.000000	-0.000862
	15.020000	-0.000771
	15.040000	-0.000530
	15.060000	-0.000419
	15.080000	-1.573066E-5
	15.100000	3.805966E-6
	15.120000	0.000525
	15.140000	0.000759
	15.160000	0.000876
	15.180000	0.001293
	15.200000	0.001964
	15.220000	0.002941
	15.240000	0.003657
	15.260000	0.004810
	15.280000	0.006523
	15.300000	0.008125
	15.320000	0.010052
	15.340000	0.012774
	15.360000	0.016434
	15.380000	0.020941
	15.400000	0.027713
	15.420000	0.037410
	15.440000	0.052251
	15.460000	0.074582
	15.480000	0.111493
	15.500000	0.165505
	15.520000	0.226870
	15.540000	0.288527
	15.560000	0.349358
	15.580000	0.407206
	15.600000	0.464038
	15.620000	0.517594
	15.640000	0.566012
	15.660000	0.612926
	15.680000	0.652814
	15.700000	0.687315
	15.720000	0.717812
	15.740000	0.744681
	15.760000	0.767246
	15.780000	0.785148
	15.800000	0.799931
	15.820000	0.812727
	15.840000	0.824768
	15.860000	0.842208
	15.880000	0.859257
	15.900000	0.875870
	15.920000	0.892795
	15.940000	0.904315
	15.960000	0.912319
	15.980000	0.913191
	16.000000	0.908372
	16.020000	0.900330
	16.040000	0.892339
	16.060000	0.882128
	16.080000	0.874307
	16.100000	0.868771
	16.120000	0.864975
	16.140000	0.855382
	16.160000	0.842286
	16.180000	0.835768
	16.200000	0.826182
	16.220000	0.800537
	16.240000	0.759614
	16.260000	0.707633
	16.280000	0.664679
	16.300000	0.647747
	16.320000	0.654227
	16.340000	0.631108
	16.360000	0.558979
	16.380000	0.485873
	16.400000	0.435651
	16.420000	0.396018
	16.440000	0.278889
	16.460000	0.121137
	16.480000	0.048565
	16.500000	0.032604
	16.520000	0.034382
	16.540000	0.039911
	16.560000	0.046814
	16.580000	0.053736
	16.600000	0.061603
	16.620000	0.068603
	16.640000	0.075194
	16.660000	0.082292
	16.680000	0.088772
	16.700000	0.093747
	16.720000	0.098273
	16.740000	0.102460
	16.760000	0.105143
	16.780000	0.108067
	16.800000	0.110692
	16.820000	0.112385
	16.840000	0.115283
	16.860000	0.116357
	16.880000	0.118103
	16.900000	0.120473
	16.920000	0.122030
	16.940000	0.123475
	16.960000	0.124628
	16.980000	0.124810
	17.000000	0.124700
	17.020000	0.123384
	17.040000	0.123091
	17.060000	0.121951
	17.080000	0.121027
	17.100000	0.119640
	17.120000	0.118344
	17.140000	0.116657
	17.160000	0.115550
	17.180000	0.115465
	17.200000	0.115980
	17.220000	0.113362
	17.240000	0.108119
	17.260000	0.101529
	17.280000	0.094965
	17.300000	0.091787
	17.320000	0.092653
	17.340000	0.091676
	17.360000	0.084435
	17.380000	0.076379
	17.400000	0.071521
	17.420000	0.069678
	17.440000	0.059408
	17.460000	0.046527
	17.480000	0.052238
	17.500000	0.075513
	17.520000	0.106335
	17.540000	0.135047
	17.560000	0.162816
	17.580000	0.190486
	17.600000	0.217427
	17.620000	0.244003
	17.640000	0.267923
	17.660000	0.291542
	17.680000	0.312427
	17.700000	0.330720
	17.720000	0.347554
	17.740000	0.363287
	17.760000	0.375504
	17.780000	0.387461
	17.800000	0.396311
	17.820000	0.404041
	17.840000	0.412735
	17.860000	0.421226
	17.880000	0.427771
	17.900000	0.436856
	17.920000	0.445543
	17.940000	0.452641
	17.960000	0.458463
	17.980000	0.460782
	18.000000	0.459167
	18.020000	0.456295
	18.040000	0.453690
	18.060000	0.450577
	18.080000	0.447484
	18.100000	0.443055
	18.120000	0.437989
	18.140000	0.431086
	18.160000	0.421318
	18.180000	0.417274
	18.200000	0.416603
	18.220000	0.410019
	18.240000	0.394956
	18.260000	0.367436
	18.280000	0.340013
	18.300000	0.325197
	18.320000	0.327171
	18.340000	0.322716
	18.360000	0.287153
	18.380000	0.251206
	18.400000	0.224935
	18.420000	0.198848
	18.440000	0.144399
	18.460000	0.060118
	18.480000	0.018010
	18.500000	0.003846
	18.520000	0.000290
	18.540000	-0.001292
	18.560000	-0.001670
	18.580000	-0.002158
	18.600000	-0.002249
	18.620000	-0.002373
	18.640000	-0.002360
	18.660000	-0.002510
	18.680000	-0.002621
	18.700000	-0.002569
	18.720000	-0.002588
	18.740000	-0.002419
	18.760000	-0.002197
	18.780000	-0.002126
	18.800000	-0.002334
	18.820000	-0.002236
	18.840000	-0.002197
	18.860000	-0.002341
	18.880000	-0.002139
	18.900000	-0.002158
	18.920000	-0.002132
	18.940000	-0.002497
	18.960000	-0.002217
	18.980000	-0.002334
	19.000000	-0.002451
	19.020000	-0.002497
	19.040000	-0.002464
	19.060000	-0.002334
	19.080000	-0.002406
	19.100000	-0.002236
	19.120000	-0.002445
	19.140000	-0.002438
	19.160000	-0.002477
	19.180000	-0.002380
	19.200000	-0.002308
	19.220000	-0.002484
	19.240000	-0.002536
	19.260000	-0.002347
	19.280000	-0.002425
	19.300000	-0.002529
	19.320000	-0.002367
	19.340000	-0.002451
	19.360000	-0.002614
	19.380000	-0.002601
	19.400000	-0.002432
	19.420000	-0.002438
	19.440000	-0.002816
	19.460000	-0.002692
	19.480000	-0.002868
	19.500000	-0.002647
	19.520000	-0.002692
	19.540000	-0.002419
	19.560000	-0.002575
	19.580000	-0.002549
	19.600000	-0.002367
	19.620000	-0.002347
	19.640000	-0.002204
	19.660000	-0.002217
	19.680000	-0.002347
	19.700000	-0.002275
	19.720000	-0.002139
	19.740000	-0.001963
	19.760000	-0.001872
	19.780000	-0.001800
	19.800000	-0.001768
	19.820000	-0.002021
	19.840000	-0.001839
	19.860000	-0.001774
	19.880000	-0.001722
	19.900000	-0.001846
	19.920000	-0.001865
	19.940000	-0.001891
	19.960000	-0.001878
	19.980000	-0.001904
	20.000000	-0.001728
	20.020000	-0.001794
	20.040000	-0.001781
	20.060000	-0.002067
	20.080000	-0.001956
	20.100000	-0.001898
	20.120000	-0.002021
	20.140000	-0.002145
	20.160000	-0.001969
	20.180000	-0.001956
	20.200000	-0.002106
	20.220000	-0.002113
	20.240000	-0.001885
	20.260000	-0.001891
	20.280000	-0.002093
	20.300000	-0.002106
	20.320000	-0.001963
	20.340000	-0.001989
	20.360000	-0.002321
	20.380000	-0.002236
	20.400000	-0.002315
	20.420000	-0.002236
	20.440000	-0.002595
	20.460000	-0.002653
	20.480000	-0.002940
	20.500000	-0.002790
	20.520000	-0.002842
	20.540000	-0.002959
	20.560000	-0.002783
	20.580000	-0.002842
	20.600000	-0.002803
	20.620000	-0.003076
	20.640000	-0.002992
	20.660000	-0.003103
	20.680000	-0.002940
	20.700000	-0.003011
	20.720000	-0.002920
	20.740000	-0.002712
	20.760000	-0.002868
	20.780000	-0.002920
	20.800000	-0.003155
	20.820000	-0.002901
	20.840000	-0.002751
	20.860000	-0.002757
	20.880000	-0.002862
	20.900000	-0.002686
	20.920000	-0.002634
	20.940000	-0.002875
	20.960000	-0.002647
	20.980000	-0.002673
	21.000000	-0.002490
	21.020000	-0.002464
	21.040000	-0.002575
	21.060000	-0.002640
	21.080000	-0.002562
	21.100000	-0.002614
	21.120000	-0.002699
	21.140000	-0.002744
	21.160000	-0.002627
	21.180000	-0.002510
	21.200000	-0.002471
	21.220000	-0.002451
	21.240000	-0.002210
	21.260000	-0.002269
	21.280000	-0.002035
	21.300000	-0.001637
	21.320000	-0.001279
	21.340000	-0.000726
	21.360000	-0.000113
	21.380000	0.000570
	21.400000	0.001612
	21.420000	0.003273
	21.440000	0.006444
	21.460000	0.011276
	21.480000	0.017776
	21.500000	0.024444
	21.520000	0.030676
	21.540000	0.036472
	21.560000	0.041565
	21.580000	0.047204
	21.600000	0.052460
	21.620000	0.057357
	21.640000	0.061941
	21.660000	0.066930
	21.680000	0.070140
	21.700000	0.073813
	21.720000	0.076079
	21.740000	0.077857
	21.760000	0.080150
	21.780000	0.081791
	21.800000	0.084695
	21.820000	0.086662
	21.840000	0.089338
	21.860000	0.091487
	21.880000	0.092679
	21.900000	0.093415
	21.920000	0.094958
	21.940000	0.096580
	21.960000	0.095955
	21.980000	0.095232
	22.000000	0.095063
	22.020000	0.095512
	22.040000	0.094288
	22.060000	0.093949
	22.080000	0.092790
	22.100000	0.092178
	22.120000	0.091767
	22.140000	0.091800
	22.160000	0.090960
	22.180000	0.088700
	22.200000	0.084168
	22.220000	0.077349
	22.240000	0.073344
	22.260000	0.071820
	22.280000	0.072302
	22.300000	0.070785
	22.320000	0.060847
	22.340000	0.052401
	22.360000	0.046892
	22.380000	0.042489
	22.400000	0.028742
	22.420000	0.012143
	22.440000	0.004002
	22.460000	0.000518
	22.480000	-0.000491
	22.500000	-0.001051
	22.520000	-0.000986
	22.540000	-0.001045
	22.560000	-0.001364
	22.580000	-0.001383
	22.600000	-0.001175
	22.620000	-0.001657
	22.640000	-0.001461
	22.660000	-0.001559
	22.680000	-0.001442
	22.700000	-0.001728
	22.720000	-0.001390
	22.740000	-0.001605
	22.760000	-0.001455
	22.780000	-0.001572
	22.800000	-0.001579
	22.820000	-0.001826
	22.840000	-0.001781
	22.860000	-0.001794
	22.880000	-0.001839
	22.900000	-0.001937
	22.920000	-0.001937
	22.940000	-0.002282
	22.960000	-0.002145
	22.980000	-0.002093
	23.000000	-0.002256
	23.020000	-0.002171
	23.040000	-0.002119
	23.060000	-0.002419
	23.080000	-0.002210
	23.100000	-0.002302
	23.120000	-0.002315
	23.140000	-0.002380
	23.160000	-0.002367
	23.180000	-0.002269
	23.200000	-0.002373
	23.220000	-0.002529
	23.240000	-0.002458
	23.260000	-0.002425
	23.280000	-0.002569
	23.300000	-0.002510
	23.320000	-0.002562
	23.340000	-0.002647
	23.360000	-0.002647
	23.380000	-0.002575
	23.400000	-0.002718
	23.420000	-0.002731
	23.440000	-0.002627
	23.460000	-0.002634
	23.480000	-0.002725
	23.500000	-0.002458
	23.520000	-0.002497
	23.540000	-0.002262
	23.560000	-0.002399
	23.580000	-0.002464
	23.600000	-0.002549
	23.620000	-0.002471
	23.640000	-0.002249
	23.660000	-0.002503
	23.680000	-0.002588
	23.700000	-0.002490
	23.720000	-0.002334
	23.740000	-0.002660
	23.760000	-0.002484
	23.780000	-0.002523
	23.800000	-0.002790
	23.820000	-0.002679
	23.840000	-0.002542
	23.860000	-0.002516
	23.880000	-0.002634
	23.900000	-0.002842
	23.920000	-0.002679
	23.940000	-0.002529
	23.960000	-0.002595
	23.980000	-0.002562
	24.000000	-0.002640
	24.020000	-0.002692
	24.040000	-0.002627
	24.060000	-0.002562
	24.080000	-0.002321
	24.100000	-0.002288
	24.120000	-0.002256
	24.140000	-0.002315
	24.160000	-0.002236
	24.180000	-0.002360
	24.200000	-0.002393
	24.220000	-0.002445
	24.240000	-0.002529
	24.260000	-0.002542
	24.280000	-0.002673
	24.300000	-0.002660
	24.320000	-0.002692
	24.340000	-0.002471
	24.360000	-0.002647
	24.380000	-0.002731
	24.400000	-0.002569
	24.420000	-0.002555
	24.440000	-0.002588
	24.460000	-0.002497
	24.480000	-0.002582
	24.500000	-0.002569
	24.520000	-0.002627
	24.540000	-0.002484
	24.560000	-0.002529
	24.580000	-0.002464
	24.600000	-0.002321
	24.620000	-0.002367
	24.640000	-0.002432
	24.660000	-0.002100
	24.680000	-0.002295
	24.700000	-0.002191
	24.720000	-0.002249
	24.740000	-0.002419
	24.760000	-0.002432
	24.780000	-0.002223
	24.800000	-0.002419
	24.820000	-0.002542
	24.840000	-0.002510
	24.860000	-0.002588
	24.880000	-0.002282
	24.900000	-0.002380
	24.920000	-0.002243
	24.940000	-0.002451
	24.960000	-0.002412
	24.980000	-0.002575
	25.000000	-0.002399
	25.020000	-0.002256
	25.040000	-0.002184
	25.060000	-0.002295
	25.080000	-0.002126
	25.100000	-0.002419
	25.120000	-0.002204
	25.140000	-0.002451
	25.160000	-0.002171
	25.180000	-0.002217
	25.200000	-0.002386
	25.220000	-0.002432
	25.240000	-0.002412
	25.260000	-0.002601
	25.280000	-0.002529
	25.300000	-0.002334
	25.320000	-0.002432
	25.340000	-0.002432
	25.360000	-0.002484
	25.380000	-0.002588
	25.400000	-0.002679
	25.420000	-0.002601
	25.440000	-0.002406
	25.460000	-0.002477
	25.480000	-0.002412
	25.500000	-0.002406
	25.520000	-0.002302
	25.540000	-0.002210
	25.560000	-0.001891
	25.580000	-0.001859
	25.600000	-0.001637
	25.620000	-0.001429
	25.640000	-0.001696
	25.660000	-0.001657
	25.680000	-0.001273
	25.700000	-0.001136
	25.720000	-0.001181
	25.740000	-0.001286
	25.760000	-0.001227
	25.780000	-0.001194
	25.800000	-0.001338
	25.820000	-0.001266
	25.840000	-0.001390
	25.860000	-0.001149
	25.880000	-0.001181
	25.900000	-0.001155
	25.920000	-0.000960
	25.940000	-0.000856
	25.960000	-0.001025
	25.980000	-0.001201
	26.000000	-0.001201
	26.020000	-0.001168
	26.040000	-0.001168
	26.060000	-0.001090
	26.080000	-0.001220
	26.100000	-0.001351
	26.120000	-0.001188
	26.140000	-0.001071
	26.160000	-0.001110
	26.180000	-0.001051
	26.200000	-0.000888
	26.220000	-0.001168
	26.240000	-0.001162
	26.260000	-0.001201
	26.280000	-0.001064
	26.300000	-0.001077
	26.320000	-0.001292
	26.340000	-0.001644
	26.360000	-0.001553
	26.380000	-0.001748
	26.400000	-0.002035
	26.420000	-0.002113
	26.440000	-0.002171
	26.460000	-0.002204
	26.480000	-0.002100
	26.500000	-0.001963
	26.520000	-0.001501
	26.540000	-0.001546
	26.560000	-0.001533
	26.580000	-0.001331
	26.600000	-0.000914
	26.620000	-0.000810
	26.640000	-0.000914
	26.660000	-0.000739
	26.680000	-0.000406
	26.700000	-0.000361
	26.720000	6.241584E-5
	26.740000	0.000271
	26.760000	0.000290
	26.780000	0.000512
	26.800000	0.000512
	26.820000	0.000785
	26.840000	0.000909
	26.860000	0.001026
	26.880000	0.001280
	26.900000	0.001189
	26.920000	0.001358
	26.940000	0.001397
	26.960000	0.001599
	26.980000	0.001352
	27.000000	0.001502
	27.020000	0.001638
	27.040000	0.001873
	27.060000	0.001866
	27.080000	0.002049
	27.100000	0.001957
	27.120000	0.002205
	27.140000	0.002485
	27.160000	0.002902
	27.180000	0.003227
	27.200000	0.003599
	27.220000	0.004022
	27.240000	0.004308
	27.260000	0.005357
	27.280000	0.006360
	27.300000	0.007962
	27.320000	0.009577
	27.340000	0.011368
	27.360000	0.014363
	27.380000	0.019085
	27.400000	0.025955
	27.420000	0.036440
	27.440000	0.053567
	27.460000	0.078079
	27.480000	0.109012
	27.500000	0.139997
	27.520000	0.167485
	27.540000	0.193032
	27.560000	0.217297
	27.580000	0.245117
	27.600000	0.271902
	27.620000	0.298289
	27.640000	0.320698
	27.660000	0.343178
	27.680000	0.364870
	27.700000	0.385611
	27.720000	0.405278
	27.740000	0.423154
	27.760000	0.442691
	27.780000	0.460326
	27.800000	0.478000
	27.820000	0.496755
	27.840000	0.511707
	27.860000	0.529056
	27.880000	0.541468
	27.900000	0.551751
	27.920000	0.557052
	27.940000	0.556309
	27.960000	0.555065
	27.980000	0.553822
	28.000000	0.552793
	28.020000	0.552265
	28.040000	0.553164
	28.060000	0.553626
	28.080000	0.551236
	28.100000	0.551998
	28.120000	0.550097
	28.140000	0.538778
	28.160000	0.521287
	28.180000	0.493245
	28.200000	0.456106
	28.220000	0.428299
	28.240000	0.418771
	28.260000	0.422457
	28.280000	0.384478
	28.300000	0.316706
	28.320000	0.271257
	28.340000	0.236644
	28.360000	0.207535
	28.380000	0.132833
	28.400000	0.056855
	28.420000	0.022178
	28.440000	0.007460
	28.460000	0.002752
	28.480000	0.001606
	28.500000	0.001267
	28.520000	0.000981
	28.540000	0.001417
	28.560000	0.001606
	28.580000	0.001866
	28.600000	0.002172
	28.620000	0.002804
	28.640000	0.002986
	28.660000	0.003403
	28.680000	0.003670
	28.700000	0.004035
	28.720000	0.004419
	28.740000	0.004829
	28.760000	0.005253
	28.780000	0.005435
	28.800000	0.005741
	28.820000	0.006223
	28.840000	0.006529
	28.860000	0.007089
	28.880000	0.007232
	28.900000	0.007369
	28.920000	0.007350
	28.940000	0.007708
	28.960000	0.007564
	28.980000	0.007610
	29.000000	0.007877
	29.020000	0.007643
	29.040000	0.007981
	29.060000	0.007656
	29.080000	0.007604
	29.100000	0.007480
	29.120000	0.007219
	29.140000	0.007193
	29.160000	0.006952
	29.180000	0.006594
	29.200000	0.006334
	29.220000	0.005813
	29.240000	0.005383
	29.260000	0.005370
	29.280000	0.004862
	29.300000	0.003937
	29.320000	0.002915
	29.340000	0.002400
	29.360000	0.001697
	29.380000	0.000844
	29.400000	-0.000250
	29.420000	-0.001253
	29.440000	-0.001611
	29.460000	-0.001787
	29.480000	-0.001761
	29.500000	-0.001878
	29.520000	-0.001885
	29.540000	-0.001839
	29.560000	-0.001670
	29.580000	-0.001435
	29.600000	-0.001344
	29.620000	-0.001325
	29.640000	-0.001299
	29.660000	-0.001481
	29.680000	-0.001273
	29.700000	-0.001240
	29.720000	-0.001240
	29.740000	-0.000999
	29.760000	-0.001155
	29.780000	-0.001181
	29.800000	-0.001162
	29.820000	-0.001006
	29.840000	-0.000869
	29.860000	-0.000927
	29.880000	-0.000967
	29.900000	-0.001012
	29.920000	-0.000856
	29.940000	-0.000967
	29.960000	-0.000673
	29.980000	-0.000641
	30.000000	-0.000680
	30.020000	-0.000660
	30.040000	-0.000556
	30.060000	-0.000563
	30.080000	-0.000686
	30.100000	-0.000628
	30.120000	-0.000700
	30.140000	-0.000706
	30.160000	-0.000817
	30.180000	-0.001019
	30.200000	-0.001110
	30.220000	-0.001097
	30.240000	-0.001142
	30.260000	-0.001149
	30.280000	-0.001338
	30.300000	-0.001507
	30.320000	-0.001650
	30.340000	-0.001553
	30.360000	-0.001800
	30.380000	-0.002178
	30.400000	-0.002015
	30.420000	-0.002243
	30.440000	-0.002067
	30.460000	-0.002139
	30.480000	-0.002165
	30.500000	-0.002132
	30.520000	-0.002054
	30.540000	-0.002074
	30.560000	-0.002204
	30.580000	-0.002087
	30.600000	-0.002028
	30.620000	-0.002113
	30.640000	-0.002113
	30.660000	-0.002145
	30.680000	-0.002249
	30.700000	-0.002165
	30.720000	-0.002217
	30.740000	-0.002236
	30.760000	-0.002360
	30.780000	-0.002132
	30.800000	-0.002139
	30.820000	-0.002145
	30.840000	-0.002158
	30.860000	-0.002341
	30.880000	-0.002315
	30.900000	-0.002315
	30.920000	-0.002126
	30.940000	-0.002236
	30.960000	-0.002028
	30.980000	-0.001989
	31.000000	-0.001937
	31.020000	-0.001872
	31.040000	-0.002178
	31.060000	-0.001924
	31.080000	-0.002035
	31.100000	-0.002035
	31.120000	-0.001846
	31.140000	-0.001982
	31.160000	-0.001846
	31.180000	-0.002061
	31.200000	-0.001930
	31.220000	-0.001891
	31.240000	-0.002184
	31.260000	-0.002210
	31.280000	-0.002178
	31.300000	-0.002100
	31.320000	-0.002321
	31.340000	-0.002126
	31.360000	-0.002223
	31.380000	-0.001976
	31.400000	-0.002100
	31.420000	-0.001917
	31.440000	-0.001605
	31.460000	-0.001110
	31.480000	-0.000439
	31.500000	-0.000133
	31.520000	0.000245
	31.540000	0.000675
	31.560000	0.000811
	31.580000	0.001189
	31.600000	0.001879
	31.620000	0.002413
	31.640000	0.002622
	31.660000	0.002837
	31.680000	0.003572
	31.700000	0.003846
	31.720000	0.004002
	31.740000	0.004419
	31.760000	0.004719
	31.780000	0.004823
	31.800000	0.005181
	31.820000	0.005520
	31.840000	0.006041
	31.860000	0.006054
	31.880000	0.006399
	31.900000	0.006438
	31.920000	0.006744
	31.940000	0.006777
	31.960000	0.006809
	31.980000	0.006620
	32.000000	0.006816
	32.020000	0.006744
	32.040000	0.006620
	32.060000	0.006835
	32.080000	0.006763
	32.100000	0.006562
	32.120000	0.006653
	32.140000	0.006464
	32.160000	0.006151
	32.180000	0.005982
	32.200000	0.005220
	32.220000	0.004686
	32.240000	0.004621
	32.260000	0.004640
	32.280000	0.003540
	32.300000	0.002680
	32.320000	0.001899
	32.340000	0.001098
	32.360000	0.000746
	32.380000	-0.000836
	32.400000	-0.001501
	32.420000	-0.001865
	32.440000	-0.001976
	32.460000	-0.002139
	32.480000	-0.002087
	32.500000	-0.002171
	32.520000	-0.002165
	32.540000	-0.002165
	32.560000	-0.002360
	32.580000	-0.002269
	32.600000	-0.002041
	32.620000	-0.002074
	32.640000	-0.002041
	32.660000	-0.001937
	32.680000	-0.002035
	32.700000	-0.001937
	32.720000	-0.001839
	32.740000	-0.001702
	32.760000	-0.002015
	32.780000	-0.001787
	32.800000	-0.001982
	32.820000	-0.001904
	32.840000	-0.001943
	32.860000	-0.001904
	32.880000	-0.002021
	32.900000	-0.001989
	32.920000	-0.002061
	32.940000	-0.001950
	32.960000	-0.001885
	32.980000	-0.001976
	33.000000	-0.002087
	33.020000	-0.002061
	33.040000	-0.001950
	33.060000	-0.001891
	33.080000	-0.001820
	33.100000	-0.001969
	33.120000	-0.001878
	33.140000	-0.001995
	33.160000	-0.001781
	33.180000	-0.001754
	33.200000	-0.001657
	33.220000	-0.001761
	33.240000	-0.001800
	33.260000	-0.001956
	33.280000	-0.001820
	33.300000	-0.001715
	33.320000	-0.001696
	33.340000	-0.001800
	33.360000	-0.001820
	33.380000	-0.001852
	33.400000	-0.001852
	33.420000	-0.001872
	33.440000	-0.002074
	33.460000	-0.001865
	33.480000	-0.001956
	33.500000	-0.002178
	33.520000	-0.001702
	33.540000	-0.001911
	33.560000	-0.001813
	33.580000	-0.002002
	33.600000	-0.001657
	33.620000	-0.001937
	33.640000	-0.001937
	33.660000	-0.001748
	33.680000	-0.001637
	33.700000	-0.001813
	33.720000	-0.001624
	33.740000	-0.001683
	33.760000	-0.001663
	33.780000	-0.001403
	33.800000	-0.001260
	33.820000	-0.001351
	33.840000	-0.001266
	33.860000	-0.001474
	33.880000	-0.001422
	33.900000	-0.001403
	33.920000	-0.001494
	33.940000	-0.001637
	33.960000	-0.001768
	33.980000	-0.001911
	34.000000	-0.001754
	34.020000	-0.001754
	34.040000	-0.001995
	34.060000	-0.001735
	34.080000	-0.001572
	34.100000	-0.001461
	34.120000	-0.001611
	34.140000	-0.001774
	34.160000	-0.001748
	34.180000	-0.001709
	34.200000	-0.001546
	34.220000	-0.001781
	34.240000	-0.001644
	34.260000	-0.001579
	34.280000	-0.001670
	34.300000	-0.001507
	34.320000	-0.001448
	34.340000	-0.001514
	34.360000	-0.001624
	34.380000	-0.001546
	34.400000	-0.001442
	34.420000	-0.001637
	34.440000	-0.001624
	34.460000	-0.001852
	34.480000	-0.001585
	34.500000	-0.001741
	34.520000	-0.001774
	34.540000	-0.001748
	34.560000	-0.001904
	34.580000	-0.002048
	34.600000	-0.001917
	34.620000	-0.001982
	34.640000	-0.001696
	34.660000	-0.001657
	34.680000	-0.001559
	34.700000	-0.001676
	34.720000	-0.001937
	34.740000	-0.002008
	34.760000	-0.001748
	34.780000	-0.001794
	34.800000	-0.001794
	34.820000	-0.001833
	34.840000	-0.001683
	34.860000	-0.001598
	34.880000	-0.001514
	34.900000	-0.001917
	34.920000	-0.001930
	34.940000	-0.001435
	34.960000	-0.001689
	34.980000	-0.001566
	35.000000	-0.001455
	35.020000	-0.001657
	35.040000	-0.001592
	35.060000	-0.001722
	35.080000	-0.001768
	35.100000	-0.001670
	35.120000	-0.001663
	35.140000	-0.001833
	35.160000	-0.001754
	35.180000	-0.001670
	35.200000	-0.001501
	35.220000	-0.001572
	35.240000	-0.001774
	35.260000	-0.001722
	35.280000	-0.001807
	35.300000	-0.001663
	35.320000	-0.001683
	35.340000	-0.001540
	35.360000	-0.001611
	35.380000	-0.001520
	35.400000	-0.001533
	35.420000	-0.001631
	35.440000	-0.001533
	35.460000	-0.001559
	35.480000	-0.001598
	35.500000	-0.001370
	35.520000	-0.001487
	35.540000	-0.001637
	35.560000	-0.001474
	35.580000	-0.001566
	35.600000	-0.001702
	35.620000	-0.001846
	35.640000	-0.001598
	35.660000	-0.001631
	35.680000	-0.001585
	35.700000	-0.001611
	35.720000	-0.001637
	35.740000	-0.001487
	35.760000	-0.001364
	35.780000	-0.001527
	35.800000	-0.001579
	35.820000	-0.001383
	35.840000	-0.001585
	35.860000	-0.001553
	35.880000	-0.001325
	35.900000	-0.001305
	35.920000	-0.001299
	35.940000	-0.001253
	35.960000	-0.001435
	35.980000	-0.001344
	36.000000	-0.001357
	36.020000	-0.001351
	36.040000	-0.001194
	36.060000	-0.001071
	36.080000	-0.001507
	36.100000	-0.001377
	36.120000	-0.001273
	36.140000	-0.001559
	36.160000	-0.001533
	36.180000	-0.001501
	36.200000	-0.001566
	36.220000	-0.001592
	36.240000	-0.001507
	36.260000	-0.001514
	36.280000	-0.001533
	36.300000	-0.001540
	36.320000	-0.001826
	36.340000	-0.001846
	36.360000	-0.001735
	36.380000	-0.001650
	36.400000	-0.001520
	36.420000	-0.001461
	36.440000	-0.001390
	36.460000	-0.001592
	36.480000	-0.001435
	36.500000	-0.001364
	36.520000	-0.001403
	36.540000	-0.001266
	36.560000	-0.001247
	36.580000	-0.001260
	36.600000	-0.001474
	36.620000	-0.001396
	36.640000	-0.001461
	36.660000	-0.001377
	36.680000	-0.001670
	36.700000	-0.001487
	36.720000	-0.001396
	36.740000	-0.001735
	36.760000	-0.001403
	36.780000	-0.001644
	36.800000	-0.001507
	36.820000	-0.001429
	36.840000	-0.001435
	36.860000	-0.001566
	36.880000	-0.001689
	36.900000	-0.001390
	36.920000	-0.001338
	36.940000	-0.001370
	36.960000	-0.001435
	36.980000	-0.001240
	37.000000	-0.001435
	37.020000	-0.001286
	37.040000	-0.001136
	37.060000	-0.001097
	37.080000	-0.001240
	37.100000	-0.001292
	37.120000	-0.001240
	37.140000	-0.001383
	37.160000	-0.001370
	37.180000	-0.001305
	37.200000	-0.001540
	37.220000	-0.001364
	37.240000	-0.001579
	37.260000	-0.001461
	37.280000	-0.001338
	37.300000	-0.001631
	37.320000	-0.001533
	37.340000	-0.001409
	37.360000	-0.001546
	37.380000	-0.001741
	37.400000	-0.001461
	37.420000	-0.001481
	37.440000	-0.001715
	37.460000	-0.001618
	37.480000	-0.001598
	37.500000	-0.001377
	37.520000	-0.001364
	37.540000	-0.001338
	37.560000	-0.001416
	37.580000	-0.001357
	37.600000	-0.001207
	37.620000	-0.001338
	37.640000	-0.001155
	37.660000	-0.001331
	37.680000	-0.001299
	37.700000	-0.001514
	37.720000	-0.001481
	37.740000	-0.001435
	37.760000	-0.001273
	37.780000	-0.001442
	37.800000	-0.001442
	37.820000	-0.001520
	37.840000	-0.001325
	37.860000	-0.001227
	37.880000	-0.001266
	37.900000	-0.001142
	37.920000	-0.001201
	37.940000	-0.001286
	37.960000	-0.001181
	37.980000	-0.001038
	38.000000	-0.001338
	38.020000	-0.001318
	38.040000	-0.001227
	38.060000	-0.001299
	38.080000	-0.001149
	38.100000	-0.001123
	38.120000	-0.001188
	38.140000	-0.001058
	38.160000	-0.000967
	38.180000	-0.001045
	38.200000	-0.001136
	38.220000	-0.000973
	38.240000	-0.001123
	38.260000	-0.001181
	38.280000	-0.001201
	38.300000	-0.001292
	38.320000	-0.001331
	38.340000	-0.001318
	38.360000	-0.001494
	38.380000	-0.001507
	38.400000	-0.001364
	38.420000	-0.001442
	38.440000	-0.001416
	38.460000	-0.001351
	38.480000	-0.001247
	38.500000	-0.001442
	38.520000	-0.001260
	38.540000	-0.001273
	38.560000	-0.001331
	38.580000	-0.001220
	38.600000	-0.001129
	38.620000	-0.001090
	38.640000	-0.000862
	38.660000	-0.000901
	38.680000	-0.000927
	38.700000	-0.001038
	38.720000	-0.000660
	38.740000	-0.000654
	38.760000	-0.000797
	38.780000	-0.000634
	38.800000	-0.000771
	38.820000	-0.000856
	38.840000	-0.000713
	38.860000	-0.000843
	38.880000	-0.000960
	38.900000	-0.000713
	38.920000	-0.000732
	38.940000	-0.000765
	38.960000	-0.000719
	38.980000	-0.000667
	39.000000	-0.000569
	39.020000	-0.000641
	39.040000	-0.000797
	39.060000	-0.000582
	39.080000	-0.000589
	39.100000	-0.000452
	39.120000	-0.000713
	39.140000	-0.000589
	39.160000	-0.000615
	39.180000	-0.000680
	39.200000	-0.000452
	39.220000	-0.000419
	39.240000	-0.000433
	39.260000	-0.000504
	39.280000	-0.000647
	39.300000	-0.000680
	39.320000	-0.000836
	39.340000	-0.001012
	39.360000	-0.000999
	39.380000	-0.001058
	39.400000	-0.001312
	39.420000	-0.001247
	39.440000	-0.001403
	39.460000	-0.001429
	39.480000	-0.001618
	39.500000	-0.001416
	39.520000	-0.001364
	39.540000	-0.001266
	39.560000	-0.001279
	39.580000	-0.001149
	39.600000	-0.001090
	39.620000	-0.001006
	39.640000	-0.001071
	39.660000	-0.001051
	39.680000	-0.000980
	39.700000	-0.001090
	39.720000	-0.000784
	39.740000	-0.000660
	39.760000	-0.000667
	39.780000	-0.000634
	39.800000	-0.000361
	39.820000	-0.000621
	39.840000	-0.000426
	39.860000	-0.000537
	39.880000	-0.000452
	39.900000	-0.000224
	39.920000	-0.000563
	39.940000	-0.000641
	39.960000	-0.000472
	39.980000	-0.000602
	40.000000	-0.000491
	40.020000	-0.000472
	40.040000	-0.000686
	40.060000	-0.000719
	40.080000	-0.000778
	40.100000	-0.000654
	40.120000	-0.000569
	40.140000	-0.000361
	40.160000	-0.000439
	40.180000	-0.000582
	40.200000	-0.000595
	40.220000	-0.000504
	40.240000	-0.000634
	40.260000	-0.000413
	40.280000	-0.000641
	40.300000	-0.000621
	40.320000	-0.000628
	40.340000	-0.000713
	40.360000	-0.000947
	40.380000	-0.000967
	40.400000	-0.000980
	40.420000	-0.001149
	40.440000	-0.000953
	40.460000	-0.000986
	40.480000	-0.000967
	40.500000	-0.000993
	40.520000	-0.001006
	40.540000	-0.001194
	40.560000	-0.001273
	40.580000	-0.001019
	40.600000	-0.001084
	40.620000	-0.000927
	40.640000	-0.000830
	40.660000	-0.000680
	40.680000	-0.000791
	40.700000	-0.000530
	40.720000	-0.000686
	40.740000	-0.000615
	40.760000	-0.000459
	40.780000	-0.000608
	40.800000	-0.000478
	40.820000	-0.000498
	40.840000	-0.000367
	40.860000	-0.000374
	40.880000	-0.000107
	40.900000	-0.000120
	40.920000	-0.000341
	40.940000	-0.000361
	40.960000	1.683038E-5
	40.980000	-0.000224
	41.000000	-0.000250
	41.020000	-0.000224
	41.040000	-0.000205
	41.060000	-0.000387
	41.080000	-0.000433
	41.100000	-0.000374
	41.120000	-0.000413
	41.140000	-0.000250
	41.160000	-0.000315
	41.180000	-0.000348
	41.200000	-0.000498
	41.220000	-0.000354
	41.240000	-0.000374
	41.260000	-0.000120
	41.280000	-0.000322
	41.300000	-0.000361
	41.320000	-0.000419
	41.340000	-0.000309
	41.360000	-0.000550
	41.380000	-0.000576
	41.400000	-0.000830
	41.420000	-0.000700
	41.440000	-0.000660
	41.460000	-0.000550
	41.480000	-0.000739
	41.500000	-0.000849
	41.520000	-0.000953
	41.540000	-0.001012
	41.560000	-0.000817
	41.580000	-0.001155
	41.600000	-0.001025
	41.620000	-0.000993
	41.640000	-0.000986
	41.660000	-0.000940
	41.680000	-0.001058
	41.700000	-0.000895
	41.720000	-0.001097
	41.740000	-0.001006
	41.760000	-0.000901
	41.780000	-0.000967
	41.800000	-0.000947
	41.820000	-0.000608
	41.840000	-0.000602
	41.860000	-0.000706
	41.880000	-0.000673
	41.900000	-0.000589
	41.920000	-0.000413
	41.940000	-0.000504
	41.960000	-0.000328
	41.980000	-0.000315
	42.000000	-0.000198
	42.020000	-0.000146
	42.040000	-0.000133
	42.060000	-8.736495E-5
	42.080000	-0.000166
	42.100000	-0.000400
	42.120000	-0.000250
	42.140000	-0.000315
	42.160000	-0.000263
	42.180000	-0.000387
	42.200000	-0.000250
	42.220000	-0.000328
	42.240000	-0.000478
	42.260000	-0.000393
	42.280000	-0.000446
	42.300000	-0.000413
	42.320000	-0.000472
	42.340000	-0.000647
	42.360000	-0.000739
	42.380000	-0.000797
	42.400000	-0.000713
	42.420000	-0.000732
	42.440000	-0.000641
	42.460000	-0.000908
	42.480000	-0.000641
	42.500000	-0.000524
	42.520000	-0.000504
	42.540000	-0.000426
	42.560000	-0.000354
	42.580000	-0.000367
	42.600000	-0.000250
	42.620000	-0.000335
	42.640000	-0.000172
	42.660000	-0.000237
	42.680000	-0.000198
	42.700000	0.000141
	42.720000	8.195247E-5
	42.740000	0.000147
	42.760000	0.000342
	42.780000	0.000421
	42.800000	0.000570
	42.820000	0.000727
	42.840000	0.000889
	42.860000	0.000987
	42.880000	0.001306
	42.900000	0.001469
	42.920000	0.001521
	42.940000	0.001723
	42.960000	0.001970
	42.980000	0.002283
	43.000000	0.002459
	43.020000	0.002811
	43.040000	0.003507
	43.060000	0.003859
	43.080000	0.004302
	43.100000	0.004849
	43.120000	0.005552
	43.140000	0.006125
	43.160000	0.007050
	43.180000	0.008411
	43.200000	0.009492
	43.220000	0.011198
	43.240000	0.013139
	43.260000	0.015171
	43.280000	0.017912
	43.300000	0.020784
	43.320000	0.024867
	43.340000	0.029719
	43.360000	0.036270
	43.380000	0.044144
	43.400000	0.054771
	43.420000	0.069619
	43.440000	0.089683
	43.460000	0.116182
	43.480000	0.155711
	43.500000	0.214438
	43.520000	0.308539
	43.540000	0.457187
	43.560000	0.649492
	43.580000	0.825596
	43.600000	0.965413
	43.620000	1.074557
	43.640000	1.182432
	43.660000	1.296904
	43.680000	1.414306
	43.700000	1.533557
	43.720000	1.656176
	43.740000	1.779289
	43.760000	1.899784
	43.780000	2.022937
	43.800000	2.144233
	43.820000	2.275656
	43.840000	2.418332
	43.860000	2.564922
	43.880000	2.709148
	43.900000	2.826647
	43.920000	2.932946
	43.940000	3.031144
	43.960000	3.122901
	43.980000	3.212932
	44.000000	3.311169
	44.020000	3.407667
	44.040000	3.485566
	44.060000	3.516525
	44.080000	3.507877
	44.100000	3.510527
	44.120000	3.495380
	44.140000	3.459250
	44.160000	3.395202
	44.180000	3.268996
	44.200000	3.092619
	44.220000	2.920247
	44.240000	2.873268
	44.260000	2.729147
	44.280000	2.220875
	44.300000	1.710487
	44.320000	1.367854
	44.340000	1.104266
	44.360000	0.921859
	44.380000	0.616736
	44.400000	0.333123
	44.420000	0.161975
	44.440000	0.080032
	44.460000	0.038172
	44.480000	0.017457
	44.500000	0.009518
	44.520000	0.007376
	44.540000	0.006926
	44.560000	0.008001
	44.580000	0.009420
	44.600000	0.010912
	44.620000	0.011706
	44.640000	0.013093
	44.660000	0.013797
	44.680000	0.015027
	44.700000	0.016375
	44.720000	0.017652
	44.740000	0.019215
	44.760000	0.020407
	44.780000	0.021716
	44.800000	0.022849
	44.820000	0.024353
	44.840000	0.025623
	44.860000	0.027121
	44.880000	0.028677
	44.900000	0.029739
	44.920000	0.030911
	44.940000	0.032369
	44.960000	0.033216
	44.980000	0.034571
	45.000000	0.036121
	45.020000	0.037397
	45.040000	0.037657
	45.060000	0.038719
	45.080000	0.038856
	45.100000	0.038504
	45.120000	0.038817
	45.140000	0.038126
	45.160000	0.037560
	45.180000	0.036811
	45.200000	0.035118
	45.220000	0.032656
	45.240000	0.031946
	45.260000	0.031002
	45.280000	0.025753
	45.300000	0.019671
	45.320000	0.015574
	45.340000	0.011973
	45.360000	0.009961
	45.380000	0.006991
	45.400000	0.003709
	45.420000	0.001443
	45.440000	0.000805
	45.460000	0.000225
	45.480000	8.195247E-5
	45.500000	0.000303
	45.520000	3.805966E-6
	45.540000	0.000408
	45.560000	0.000974
	45.580000	0.001690
	45.600000	0.002296
	45.620000	0.003130
	45.640000	0.003618
	45.660000	0.003787
	45.680000	0.004334
	45.700000	0.004719
	45.720000	0.005298
	45.740000	0.005989
	45.760000	0.006412
	45.780000	0.006874
	45.800000	0.007428
	45.820000	0.007688
	45.840000	0.008053
	45.860000	0.008854
	45.880000	0.009017
	45.900000	0.009440
	45.920000	0.009831
	45.940000	0.010423
	45.960000	0.010645
	45.980000	0.010983
	46.000000	0.011342
	46.020000	0.011739
	46.040000	0.012266
	46.060000	0.012631
	46.080000	0.012696
	46.100000	0.012904
	46.120000	0.012787
	46.140000	0.012735
	46.160000	0.012624
	46.180000	0.012397
	46.200000	0.011680
	46.220000	0.010977
	46.240000	0.010749
	46.260000	0.010436
	46.280000	0.008756
	46.300000	0.006653
	46.320000	0.005109
	46.340000	0.004041
	46.360000	0.003195
	46.380000	0.002140
	46.400000	0.000916
	46.420000	0.000323
	46.440000	2.334259E-5
	46.460000	-0.000459
	46.480000	-0.000452
	46.500000	-0.000419
	46.520000	-0.000498
	46.540000	-0.000634
	46.560000	-0.000602
	46.580000	-0.000478
	46.600000	-0.000465
	46.620000	-0.000498
	46.640000	-0.000393
	46.660000	-0.000641
	46.680000	-0.000270
	46.700000	-0.000296
	46.720000	-0.000380
	46.740000	-0.000413
	46.760000	-0.000289
	46.780000	-0.000367
	46.800000	-0.000354
	46.820000	-0.000205
	46.840000	-0.000146
	46.860000	-9.387716E-5
	46.880000	-0.000100
	46.900000	-2.875508E-5
	46.920000	-0.000152
	46.940000	-0.000452
	46.960000	-0.000485
	46.980000	-0.000543
	47.000000	-0.000354
	47.020000	-0.000511
	47.040000	-0.000589
	47.060000	-0.000406
	47.080000	-0.000341
	47.100000	-0.000263
	47.120000	-0.000270
	47.140000	-0.000393
	47.160000	-0.000485
	47.180000	-0.000439
	47.200000	-0.000276
	47.220000	-0.000413
	47.240000	-0.000179
	47.260000	-0.000400
	47.280000	-0.000198
	47.300000	-0.000166
	47.320000	-0.000380
	47.340000	-0.000309
	47.360000	-0.000205
	47.380000	-0.000367
	47.400000	-0.000354
	47.420000	-0.000192
	47.440000	-0.000361
	47.460000	-0.000582
	47.480000	-0.000211
	47.500000	-0.000302
	47.520000	-0.000550
	47.540000	-0.000237
	47.560000	-0.000296
	47.580000	-0.000426
	47.600000	-0.000348
	47.620000	-0.000446
	47.640000	-0.000283
	47.660000	-0.000146
	47.680000	-0.000224
	47.700000	-0.000621
	47.720000	-0.000276
	47.740000	-0.000257
	47.760000	-0.000276
	47.780000	-0.000231
	47.800000	-0.000152
	47.820000	-0.000341
	47.840000	-0.000107
	47.860000	1.683038E-5
	47.880000	0.000101
	47.900000	-9.218451E-6
	47.920000	2.985480E-5
	47.940000	-0.000179
	47.960000	3.636701E-5
	47.980000	1.031817E-5
	48.000000	-0.000289
	48.020000	-0.000348
	48.040000	-8.085274E-5
	48.060000	-0.000166
	48.080000	-0.000113
	48.100000	-0.000133
	48.120000	-0.000218
	48.140000	-0.000250
	48.160000	-0.000172
	48.180000	-0.000426
	48.200000	6.241584E-5
	48.220000	-9.218451E-6
	48.240000	-0.000146
	48.260000	-0.000133
	48.280000	0.000101
	48.300000	-0.000133
	48.320000	-0.000159
	48.340000	-0.000322
	48.360000	-0.000276
	48.380000	-0.000185
	48.400000	-0.000309
	48.420000	-0.000309
	48.440000	-0.000139
	48.460000	-5.480391E-5
	48.480000	-4.177949E-5
	48.500000	4.287922E-5
	48.520000	-0.000120
	48.540000	-0.000361
	48.560000	-0.000341
	48.580000	-0.000270
	48.600000	-0.000198
	48.620000	-0.000120
	48.640000	-0.000198
	48.660000	-0.000296
	48.680000	-0.000419
	48.700000	-0.000237
	48.720000	-0.000250
	48.740000	-0.000406
	48.760000	-0.000270
	48.780000	-0.000270
	48.800000	-0.000198
	48.820000	0.000167
	48.840000	-0.000100
	48.860000	-0.000113
	48.880000	-0.000263
	48.900000	-0.000120
	48.920000	-4.177949E-5
	48.940000	-0.000126
	48.960000	-2.224287E-5
	48.980000	3.636701E-5
	49.000000	2.334259E-5
	49.020000	-8.736495E-5
	49.040000	-6.782833E-5
	49.060000	-0.000139
	49.080000	-0.000302
	49.100000	-0.000315
	49.120000	-0.000100
	49.140000	-0.000315
	49.160000	-0.000413
	49.180000	-0.000393
	49.200000	-0.000224
	49.220000	-0.000302
	49.240000	-9.387716E-5
	49.260000	-0.000146
	49.280000	-2.875508E-5
	49.300000	-0.000133
	49.320000	-2.224287E-5
	49.340000	-0.000459
	49.360000	-0.000218
	49.380000	-0.000146
	49.400000	-0.000152
	49.420000	-0.000237
	49.440000	-0.000133
	49.460000	0.000154
	49.480000	-0.000107
	49.500000	-8.736495E-5
	49.520000	9.497689E-5
	49.540000	3.805966E-6
	49.560000	-6.782833E-5
	49.580000	-1.573066E-5
	49.600000	3.805966E-6
	49.620000	-0.000120
	49.640000	3.805966E-6
	49.660000	-8.736495E-5
	49.680000	-0.000244
	49.700000	-0.000211
	49.720000	-0.000250
	49.740000	-0.000205
	49.760000	5.590363E-5
	49.780000	-0.000322
	49.800000	-0.000270
	49.820000	-0.000185
	49.840000	2.334259E-5
	49.860000	-0.000270
	49.880000	-9.218451E-6
	49.900000	-6.131612E-5
	49.920000	-0.000126
	49.940000	-0.000146
	49.960000	-9.218451E-6
	49.980000	0.000108
	50.000000	0.000193
