	0.000000	0.199596
	0.020000	0.199004
	0.040000	0.199395
	0.060000	0.198698
	0.080000	0.199551
	0.100000	0.199798
	0.120000	0.198743
	0.140000	0.198288
	0.160000	0.198268
	0.180000	0.198568
	0.200000	0.198476
	0.220000	0.199264
	0.240000	0.199779
	0.260000	0.199701
	0.280000	0.199251
	0.300000	0.200228
	0.320000	0.199525
	0.340000	0.198222
	0.360000	0.197994
	0.380000	0.197942
	0.400000	0.198261
	0.420000	0.198261
	0.440000	0.198542
	0.460000	0.198496
	0.480000	0.198138
	0.500000	0.199089
	0.520000	0.199095
	0.540000	0.199759
	0.560000	0.199746
	0.580000	0.199896
	0.600000	0.199890
	0.620000	0.199772
	0.640000	0.200371
	0.660000	0.200033
	0.680000	0.199264
	0.700000	0.199310
	0.720000	0.199629
	0.740000	0.200013
	0.760000	0.199766
	0.780000	0.199636
	0.800000	0.198841
	0.820000	0.201270
	0.840000	0.266959
	0.860000	0.321238
	0.880000	0.418921
	0.900000	0.526952
	0.920000	0.728427
	0.940000	0.935476
	0.960000	1.273955
	0.980000	2.007750
	1.000000	3.105233
	1.020000	4.610693
	1.040000	6.731465
	1.060000	7.428447
	1.080000	7.093609
	1.100000	5.454558
	1.120000	3.624289
	1.140000	2.359442
	1.160000	1.624552
	1.180000	1.201825
	1.200000	0.959799
	1.220000	0.811822
	1.240000	0.720580
	1.260000	0.648711
	1.280000	0.569562
	1.300000	0.494339
	1.320000	0.436589
	1.340000	0.390600
	1.360000	0.351591
	1.380000	0.322684
	1.400000	0.297853
	1.420000	0.274370
	1.440000	0.252261
	1.460000	0.232118
	1.480000	0.214177
	1.500000	0.194152
	1.520000	0.175710
	1.540000	0.157853
	1.560000	0.142862
	1.580000	0.130495
	1.600000	0.115439
	1.620000	0.091468
	1.640000	0.062306
	1.660000	0.046045
	1.680000	0.039774
	1.700000	0.037058
	1.720000	0.035320
	1.740000	0.033991
	1.760000	0.032910
	1.780000	0.031862
	1.800000	0.030891
	1.820000	0.030201
	1.840000	0.029550
	1.860000	0.029146
	1.880000	0.029218
	1.900000	0.029393
	1.920000	0.029276
	1.940000	0.028540
	1.960000	0.029087
	1.980000	0.029146
	2.000000	0.028579
	2.020000	0.029094
	2.040000	0.028833
	2.060000	0.029426
	2.080000	0.029745
	2.100000	0.030247
	2.120000	0.030136
	2.140000	0.030279
	2.160000	0.030611
	2.180000	0.030019
	2.200000	0.029953
	2.220000	0.029569
	2.240000	0.029491
	2.260000	0.028925
	2.280000	0.027778
	2.300000	0.026977
	2.320000	0.026352
	2.340000	0.025590
	2.360000	0.024203
	2.380000	0.023285
	2.400000	0.022660
	2.420000	0.021943
	2.440000	0.021149
	2.460000	0.020159
	2.480000	0.018752
	2.500000	0.017346
	2.520000	0.015568
	2.540000	0.014129
	2.560000	0.012944
	2.580000	0.010326
	2.600000	0.005546
	2.620000	-7.434054E-5
	2.640000	-0.001917
	2.660000	-0.002705
	2.680000	-0.003174
	2.700000	-0.003096
	2.720000	-0.003142
	2.740000	-0.003109
	2.760000	-0.003239
	2.780000	-0.003161
	2.800000	-0.003135
	2.820000	-0.002907
	2.840000	-0.003037
	2.860000	-0.002946
	2.880000	-0.003044
	2.900000	-0.002940
	2.920000	-0.002816
	2.940000	-0.002920
	2.960000	-0.002985
	2.980000	-0.003129
	3.000000	-0.003116
	3.020000	-0.003018
	3.040000	-0.003011
	3.060000	-0.003011
	3.080000	-0.002966
	3.100000	-0.003116
	3.120000	-0.002933
	3.140000	-0.003096
	3.160000	-0.003272
	3.180000	-0.003122
	3.200000	-0.003024
	3.220000	-0.003109
	3.240000	-0.003259
	3.260000	-0.003181
	3.280000	-0.003181
	3.300000	-0.003246
	3.320000	-0.003089
	3.340000	-0.003233
	3.360000	-0.003109
	3.380000	-0.003168
	3.400000	-0.003213
	3.420000	-0.003018
	3.440000	-0.002868
	3.460000	-0.002875
	3.480000	-0.002855
	3.500000	-0.003096
	3.520000	-0.002927
	3.540000	-0.003148
	3.560000	-0.003103
	3.580000	-0.002959
	3.600000	-0.003050
	3.620000	-0.003005
	3.640000	-0.003226
	3.660000	-0.003259
	3.680000	-0.003213
	3.700000	-0.003116
	3.720000	-0.003181
	3.740000	-0.002979
	3.760000	-0.002998
	3.780000	-0.003298
	3.800000	-0.003200
	3.820000	-0.002998
	3.840000	-0.003200
	3.860000	-0.002888
	3.880000	-0.003135
	3.900000	-0.002875
	3.920000	-0.002953
	3.940000	-0.002770
	3.960000	-0.002881
	3.980000	-0.002803
	4.000000	-0.002783
	4.020000	-0.002718
	4.040000	-0.002764
	4.060000	-0.002992
	4.080000	-0.002796
	4.100000	-0.003089
	4.120000	-0.003011
	4.140000	-0.003024
	4.160000	-0.003187
	4.180000	-0.003044
	4.200000	-0.003031
	4.220000	-0.003096
	4.240000	-0.003181
	4.260000	-0.003024
	4.280000	-0.003148
	4.300000	-0.003096
	4.320000	-0.003168
	4.340000	-0.003383
	4.360000	-0.003089
	4.380000	-0.003037
	4.400000	-0.002894
	4.420000	-0.003076
	4.440000	-0.002875
	4.460000	-0.002966
	4.480000	-0.002907
	4.500000	-0.003011
	4.520000	-0.002738
	4.540000	-0.002901
	4.560000	-0.002849
	4.580000	-0.003070
	4.600000	-0.003031
	4.620000	-0.002959
	4.640000	-0.003005
	4.660000	-0.003083
	4.680000	-0.003168
	4.700000	-0.003168
	4.720000	-0.003311
	4.740000	-0.003129
	4.760000	-0.003343
	4.780000	-0.003168
	4.800000	-0.003187
	4.820000	-0.003116
	4.840000	-0.003246
	4.860000	-0.003330
	4.880000	-0.003194
	4.900000	-0.003415
	4.920000	-0.003194
	4.940000	-0.003370
	4.960000	-0.003057
	4.980000	-0.003246
	5.000000	-0.003155
	5.020000	-0.003168
	5.040000	-0.003116
	5.060000	-0.003044
	5.080000	-0.003096
	5.100000	-0.003083
	5.120000	-0.003037
	5.140000	-0.003148
	5.160000	-0.003070
	5.180000	-0.003213
	5.200000	-0.003070
	5.220000	-0.003005
	5.240000	-0.003083
	5.260000	-0.003161
	5.280000	-0.003343
	5.300000	-0.003207
	5.320000	-0.003265
	5.340000	-0.003343
	5.360000	-0.003233
	5.380000	-0.003142
	5.400000	-0.003109
	5.420000	-0.003207
	5.440000	-0.003089
	5.460000	-0.003063
	5.480000	-0.003155
	5.500000	-0.003272
	5.520000	-0.003363
	5.540000	-0.003226
	5.560000	-0.003031
	5.580000	-0.003024
	5.600000	-0.002894
	5.620000	-0.002829
	5.640000	-0.002894
	5.660000	-0.003109
	5.680000	-0.002718
	5.700000	-0.002783
	5.720000	-0.002764
	5.740000	-0.002790
	5.760000	-0.002888
	5.780000	-0.002914
	5.800000	-0.002829
	5.820000	-0.002836
	5.840000	-0.002920
	5.860000	-0.002888
	5.880000	-0.002946
	5.900000	-0.002959
	5.920000	-0.002751
	5.940000	-0.002868
	5.960000	-0.002907
	5.980000	-0.002927
	6.000000	-0.002888
	6.020000	-0.002790
	6.040000	-0.002783
	6.060000	-0.002647
	6.080000	-0.002699
	6.100000	-0.002959
	6.120000	-0.002790
	6.140000	-0.002679
	6.160000	-0.002744
	6.180000	-0.002601
	6.200000	-0.002582
	6.220000	-0.002757
	6.240000	-0.002829
	6.260000	-0.002803
	6.280000	-0.002829
	6.300000	-0.002829
	6.320000	-0.002751
	6.340000	-0.002875
	6.360000	-0.002855
	6.380000	-0.003044
	6.400000	-0.002927
	6.420000	-0.003103
	6.440000	-0.003011
	6.460000	-0.003259
	6.480000	-0.002836
	6.500000	-0.003181
	6.520000	-0.003044
	6.540000	-0.002875
	6.560000	-0.002881
	6.580000	-0.002894
	6.600000	-0.003037
	6.620000	-0.002666
	6.640000	-0.002809
	6.660000	-0.002829
	6.680000	-0.002907
	6.700000	-0.002849
	6.720000	-0.002933
	6.740000	-0.002907
	6.760000	-0.003096
	6.780000	-0.003103
	6.800000	-0.003220
	6.820000	-0.003089
	6.840000	-0.003011
	6.860000	-0.003330
	6.880000	-0.003200
	6.900000	-0.003291
	6.920000	-0.003298
	6.940000	-0.003122
	6.960000	-0.003363
	6.980000	-0.003083
	7.000000	-0.003239
	7.020000	-0.003239
	7.040000	-0.002927
	7.060000	-0.003063
	7.080000	-0.003070
	7.100000	-0.002849
	7.120000	-0.002868
	7.140000	-0.002927
	7.160000	-0.002868
	7.180000	-0.002881
	7.200000	-0.002966
	7.220000	-0.003044
	7.240000	-0.002940
	7.260000	-0.002718
	7.280000	-0.002836
	7.300000	-0.002888
	7.320000	-0.002946
	7.340000	-0.002979
	7.360000	-0.003213
	7.380000	-0.003096
	7.400000	-0.003213
	7.420000	-0.003291
	7.440000	-0.003155
	7.460000	-0.003246
	7.480000	-0.003207
	7.500000	-0.003298
	7.520000	-0.003409
	7.540000	-0.002888
	7.560000	-0.003005
	7.580000	-0.003129
	7.600000	-0.002868
	7.620000	-0.002738
	7.640000	-0.002738
	7.660000	-0.002477
	7.680000	-0.002529
	7.700000	-0.002542
	7.720000	-0.002549
	7.740000	-0.002542
	7.760000	-0.002699
	7.780000	-0.002549
	7.800000	-0.002725
	7.820000	-0.002497
	7.840000	-0.002588
	7.860000	-0.002731
	7.880000	-0.002881
	7.900000	-0.002744
	7.920000	-0.002764
	7.940000	-0.002953
	7.960000	-0.002783
	7.980000	-0.002842
	8.000000	-0.002875
	8.020000	-0.002836
	8.040000	-0.002985
	8.060000	-0.002796
	8.080000	-0.002764
	8.100000	-0.002484
	8.120000	-0.002770
	8.140000	-0.002699
	8.160000	-0.002673
	8.180000	-0.002549
	8.200000	-0.002516
	8.220000	-0.002575
	8.240000	-0.002653
	8.260000	-0.002432
	8.280000	-0.002588
	8.300000	-0.002490
	8.320000	-0.002445
	8.340000	-0.002640
	8.360000	-0.002614
	8.380000	-0.002744
	8.400000	-0.002770
	8.420000	-0.002855
	8.440000	-0.002575
	8.460000	-0.002712
	8.480000	-0.002953
	8.500000	-0.002894
	8.520000	-0.002933
	8.540000	-0.003109
	8.560000	-0.003181
	8.580000	-0.002959
	8.600000	-0.003083
	8.620000	-0.002992
	8.640000	-0.003148
	8.660000	-0.003135
	8.680000	-0.002855
	8.700000	-0.002920
	8.720000	-0.002790
	8.740000	-0.003044
	8.760000	-0.002992
	8.780000	-0.002946
	8.800000	-0.002881
	8.820000	-0.003050
	8.840000	-0.003122
	8.860000	-0.003129
	8.880000	-0.002979
	8.900000	-0.002888
	8.920000	-0.003265
	8.940000	-0.003129
	8.960000	-0.003259
	8.980000	-0.003291
	9.000000	-0.003278
	9.020000	-0.003246
	9.040000	-0.003383
	9.060000	-0.003337
	9.080000	-0.003194
	9.100000	-0.003096
	9.120000	-0.003226
	9.140000	-0.003083
	9.160000	-0.003187
	9.180000	-0.003024
	9.200000	-0.003031
	9.220000	-0.003161
	9.240000	-0.002803
	9.260000	-0.003096
	9.280000	-0.003005
	9.300000	-0.002796
	9.320000	-0.003122
	9.340000	-0.003018
	9.360000	-0.002907
	9.380000	-0.002940
	9.400000	-0.003076
	9.420000	-0.003116
	9.440000	-0.003005
	9.460000	-0.003246
	9.480000	-0.003272
	9.500000	-0.003272
	9.520000	-0.003376
	9.540000	-0.003526
	9.560000	-0.003207
	9.580000	-0.003226
	9.600000	-0.003161
	9.620000	-0.003259
	9.640000	-0.003298
	9.660000	-0.003337
	9.680000	-0.003363
	9.700000	-0.003122
	9.720000	-0.003070
	9.740000	-0.003031
	9.760000	-0.003161
	9.780000	-0.002972
	9.800000	-0.002992
	9.820000	-0.002998
	9.840000	-0.003057
	9.860000	-0.002985
	9.880000	-0.002836
	9.900000	-0.002875
	9.920000	-0.002927
	9.940000	-0.003142
	9.960000	-0.003050
	9.980000	-0.003122
	10.000000	-0.003018
	10.020000	-0.003239
	10.040000	-0.003083
	10.060000	-0.003187
	10.080000	-0.003304
	10.100000	-0.003285
	10.120000	-0.003265
	10.140000	-0.003259
	10.160000	-0.003116
	10.180000	-0.003044
	10.200000	-0.003116
	10.220000	-0.003155
	10.240000	-0.003213
	10.260000	-0.003037
	10.280000	-0.003174
	10.300000	-0.002881
	10.320000	-0.003135
	10.340000	-0.002998
	10.360000	-0.003103
	10.380000	-0.003116
	10.400000	-0.002933
	10.420000	-0.002901
	10.440000	-0.003109
	10.460000	-0.002972
	10.480000	-0.003031
	10.500000	-0.002907
	10.520000	-0.003096
	10.540000	-0.003265
	10.560000	-0.003155
	10.580000	-0.003109
	10.600000	-0.002985
	10.620000	-0.003233
	10.640000	-0.003161
	10.660000	-0.003330
	10.680000	-0.003207
	10.700000	-0.003109
	10.720000	-0.003239
	10.740000	-0.003103
	10.760000	-0.003109
	10.780000	-0.002849
	10.800000	-0.002862
	10.820000	-0.002979
	10.840000	-0.002731
	10.860000	-0.003031
	10.880000	-0.002881
	10.900000	-0.002992
	10.920000	-0.002822
	10.940000	-0.002940
	10.960000	-0.002868
	10.980000	-0.002914
	11.000000	-0.002979
	11.020000	-0.002992
	11.040000	-0.003031
	11.060000	-0.003044
	11.080000	-0.003161
	11.100000	-0.003083
	11.120000	-0.003070
	11.140000	-0.003070
	11.160000	-0.003194
	11.180000	-0.003063
	11.200000	-0.002927
	11.220000	-0.002803
	11.240000	-0.002679
	11.260000	-0.002666
	11.280000	-0.002373
	11.300000	-0.002360
	11.320000	-0.002008
	11.340000	-0.001885
	11.360000	-0.001253
	11.380000	-0.001162
	11.400000	-0.000700
	11.420000	-8.085274E-5
	11.440000	0.000766
	11.460000	0.001905
	11.480000	0.003234
	11.500000	0.006086
	11.520000	0.010430
	11.540000	0.016838
	11.560000	0.024190
	11.580000	0.031614
	11.600000	0.038497
	11.620000	0.045062
	11.640000	0.050265
	11.660000	0.056380
	11.680000	0.061512
	11.700000	0.066539
	11.720000	0.071280
	11.740000	0.075031
	11.760000	0.078189
	11.780000	0.080820
	11.800000	0.082937
	11.820000	0.083972
	11.840000	0.083907
	11.860000	0.084461
	11.880000	0.085620
	11.900000	0.086421
	11.920000	0.087456
	11.940000	0.089280
	11.960000	0.090191
	11.980000	0.091044
	12.000000	0.092353
	12.020000	0.093324
	12.040000	0.092686
	12.060000	0.091754
	12.080000	0.089898
	12.100000	0.088153
	12.120000	0.086831
	12.140000	0.086017
	12.160000	0.085509
	12.180000	0.085053
	12.200000	0.084330
	12.220000	0.083692
	12.240000	0.082572
	12.260000	0.080397
	12.280000	0.075493
	12.300000	0.070277
	12.320000	0.066207
	12.340000	0.063257
	12.360000	0.063465
	12.380000	0.063185
	12.400000	0.057767
	12.420000	0.048748
	12.440000	0.042196
	12.460000	0.038042
	12.480000	0.031640
	12.500000	0.015021
	12.520000	0.002999
	12.540000	-0.000589
	12.560000	-0.001696
	12.580000	-0.001846
	12.600000	-0.002197
	12.620000	-0.002282
	12.640000	-0.002360
	12.660000	-0.002419
	12.680000	-0.002139
	12.700000	-0.001950
	12.720000	-0.001982
	12.740000	-0.001885
	12.760000	-0.001943
	12.780000	-0.001963
	12.800000	-0.001663
	12.820000	-0.001611
	12.840000	-0.001585
	12.860000	-0.001481
	12.880000	-0.001240
	12.900000	-0.001299
	12.920000	-0.001071
	12.940000	-0.001116
	12.960000	-0.000791
	12.980000	-0.000706
	13.000000	-0.000667
	13.020000	-0.000589
	13.040000	-0.000576
	13.060000	-0.000563
	13.080000	-0.000348
	13.100000	-0.000791
	13.120000	-0.000511
	13.140000	-0.000582
	13.160000	-0.000823
	13.180000	-0.000673
	13.200000	-0.000739
	13.220000	-0.000686
	13.240000	-0.000719
	13.260000	-0.000550
	13.280000	-0.000778
	13.300000	-0.000791
	13.320000	-0.000875
	13.340000	-0.000823
	13.360000	-0.000823
	13.380000	-0.000713
	13.400000	-0.000765
	13.420000	-0.000953
	13.440000	-0.001038
	13.460000	-0.001136
	13.480000	-0.000960
	13.500000	-0.001032
	13.520000	-0.001090
	13.540000	-0.000563
	13.560000	-0.000335
	13.580000	0.000160
	13.600000	0.000440
	13.620000	0.000889
	13.640000	0.001059
	13.660000	0.001228
	13.680000	0.001528
	13.700000	0.001788
	13.720000	0.001879
	13.740000	0.001970
	13.760000	0.002140
	13.780000	0.002381
	13.800000	0.002062
	13.820000	0.002251
	13.840000	0.001690
	13.860000	0.001997
	13.880000	0.002114
	13.900000	0.002231
	13.920000	0.002296
	13.940000	0.002257
	13.960000	0.002524
	13.980000	0.002596
	14.000000	0.002667
	14.020000	0.002902
	14.040000	0.002628
	14.060000	0.002283
	14.080000	0.002544
	14.100000	0.002290
	14.120000	0.002433
	14.140000	0.002166
	14.160000	0.002426
	14.180000	0.002270
	14.200000	0.002127
	14.220000	0.001984
	14.240000	0.001860
	14.260000	0.001612
	14.280000	0.001391
	14.300000	0.001352
	14.320000	0.000811
	14.340000	0.000883
	14.360000	0.000863
	14.380000	0.000642
	14.400000	0.000264
	14.420000	-0.000224
	14.440000	-0.000465
	14.460000	-0.000400
	14.480000	-0.001305
	14.500000	-0.001982
	14.520000	-0.002367
	14.540000	-0.002445
	14.560000	-0.002230
	14.580000	-0.002178
	14.600000	-0.001995
	14.620000	-0.001820
	14.640000	-0.001924
	14.660000	-0.001605
	14.680000	-0.001852
	14.700000	-0.001605
	14.720000	-0.001631
	14.740000	-0.001572
	14.760000	-0.001364
	14.780000	-0.001429
	14.800000	-0.001514
	14.820000	-0.001416
	14.840000	-0.001286
	14.860000	-0.001155
	14.880000	-0.001188
	14.900000	-0.001077
	14.920000	-0.001032
	14.940000	-0.001097
	14.960000	-0.000934
	14.980000	-0.000836
	15.000000	-0.000901
	15.020000	-0.000804
	15.040000	-0.000934
	15.060000	-0.000719
	15.080000	-0.000595
	15.100000	-0.000595
	15.120000	-0.000563
	15.140000	-0.000589
	15.160000	-0.000563
	15.180000	-0.000700
	15.200000	-0.000413
	15.220000	-0.000465
	15.240000	-0.000387
	15.260000	-0.000309
	15.280000	9.497689E-5
	15.300000	0.000421
	15.320000	0.000596
	15.340000	0.000740
	15.360000	0.001554
	15.380000	0.002426
	15.400000	0.003449
	15.420000	0.005077
	15.440000	0.007271
	15.460000	0.010873
	15.480000	0.016532
	15.500000	0.025988
	15.520000	0.036863
	15.540000	0.048865
	15.560000	0.061166
	15.580000	0.072654
	15.600000	0.083510
	15.620000	0.094561
	15.640000	0.105098
	15.660000	0.114795
	15.680000	0.123592
	15.700000	0.130815
	15.720000	0.137437
	15.740000	0.143051
	15.760000	0.147877
	15.780000	0.151224
	15.800000	0.153790
	15.820000	0.157274
	15.840000	0.160211
	15.860000	0.162347
	15.880000	0.165818
	15.900000	0.168865
	15.920000	0.172167
	15.940000	0.175977
	15.960000	0.178002
	15.980000	0.179487
	16.000000	0.178660
	16.020000	0.177663
	16.040000	0.176667
	16.060000	0.174531
	16.080000	0.173613
	16.100000	0.171366
	16.120000	0.170754
	16.140000	0.170493
	16.160000	0.166886
	16.180000	0.164326
	16.200000	0.162946
	16.220000	0.160732
	16.240000	0.155652
	16.260000	0.146502
	16.280000	0.136584
	16.300000	0.129134
	16.320000	0.127539
	16.340000	0.128952
	16.360000	0.121235
	16.380000	0.105502
	16.400000	0.092393
	16.420000	0.082631
	16.440000	0.076047
	16.460000	0.052388
	16.480000	0.028443
	16.500000	0.024171
	16.520000	0.030188
	16.540000	0.039188
	16.560000	0.048904
	16.580000	0.058568
	16.600000	0.067275
	16.620000	0.076991
	16.640000	0.085815
	16.660000	0.093799
	16.680000	0.101711
	16.700000	0.108523
	16.720000	0.113922
	16.740000	0.119340
	16.760000	0.122876
	16.780000	0.127044
	16.800000	0.130521
	16.820000	0.133504
	16.840000	0.135914
	16.860000	0.138069
	16.880000	0.140941
	16.900000	0.143709
	16.920000	0.145630
	16.940000	0.147857
	16.960000	0.148573
	16.980000	0.149583
	17.000000	0.151133
	17.020000	0.150761
	17.040000	0.149394
	17.060000	0.147896
	17.080000	0.146730
	17.100000	0.145141
	17.120000	0.143201
	17.140000	0.141892
	17.160000	0.140668
	17.180000	0.139346
	17.200000	0.139131
	17.220000	0.138955
	17.240000	0.135744
	17.260000	0.129369
	17.280000	0.120317
	17.300000	0.113225
	17.320000	0.110477
	17.340000	0.112997
	17.360000	0.108849
	17.380000	0.098188
	17.400000	0.089482
	17.420000	0.083152
	17.440000	0.081745
	17.460000	0.070160
	17.480000	0.061238
	17.500000	0.076952
	17.520000	0.107957
	17.540000	0.141527
	17.560000	0.173763
	17.580000	0.206428
	17.600000	0.238435
	17.620000	0.270892
	17.640000	0.301955
	17.660000	0.329593
	17.680000	0.357524
	17.700000	0.382498
	17.720000	0.403709
	17.740000	0.425056
	17.760000	0.441265
	17.780000	0.455604
	17.800000	0.468564
	17.820000	0.478899
	17.840000	0.487925
	17.860000	0.498702
	17.880000	0.508054
	17.900000	0.520446
	17.920000	0.528893
	17.940000	0.539918
	17.960000	0.548019
	17.980000	0.553151
	18.000000	0.554271
	18.020000	0.551523
	18.040000	0.549615
	18.060000	0.546515
	18.080000	0.542080
	18.100000	0.537222
	18.120000	0.532188
	18.140000	0.526027
	18.160000	0.516800
	18.180000	0.505442
	18.200000	0.502473
	18.220000	0.500304
	18.240000	0.491226
	18.260000	0.468297
	18.280000	0.433222
	18.300000	0.401775
	18.320000	0.390691
	18.340000	0.396825
	18.360000	0.379555
	18.380000	0.331632
	18.400000	0.288403
	18.420000	0.250743
	18.440000	0.218104
	18.460000	0.147701
	18.480000	0.056973
	18.500000	0.016271
	18.520000	0.004139
	18.540000	0.000831
	18.560000	-0.000491
	18.580000	-0.000739
	18.600000	-0.001273
	18.620000	-0.001527
	18.640000	-0.001598
	18.660000	-0.001344
	18.680000	-0.001396
	18.700000	-0.001123
	18.720000	-0.001136
	18.740000	-0.001136
	18.760000	-0.001325
	18.780000	-0.001162
	18.800000	-0.001214
	18.820000	-0.001142
	18.840000	-0.001038
	18.860000	-0.000810
	18.880000	-0.001064
	18.900000	-0.000797
	18.920000	-0.000953
	18.940000	-0.000869
	18.960000	-0.000537
	18.980000	-0.000608
	19.000000	-0.000563
	19.020000	-0.000361
	19.040000	-8.736495E-5
	19.060000	0.000219
	19.080000	0.000297
	19.100000	0.000329
	19.120000	0.000811
	19.140000	0.001508
	19.160000	0.001912
	19.180000	0.002778
	19.200000	0.003488
	19.220000	0.004172
	19.240000	0.005331
	19.260000	0.007141
	19.280000	0.008978
	19.300000	0.011257
	19.320000	0.014396
	19.340000	0.018779
	19.360000	0.024822
	19.380000	0.032532
	19.400000	0.043108
	19.420000	0.060346
	19.440000	0.088837
	19.460000	0.135933
	19.480000	0.205698
	19.500000	0.281598
	19.520000	0.353858
	19.540000	0.420771
	19.560000	0.482519
	19.580000	0.545479
	19.600000	0.608993
	19.620000	0.670045
	19.640000	0.726161
	19.660000	0.774846
	19.680000	0.820086
	19.700000	0.860182
	19.720000	0.893498
	19.740000	0.923324
	19.760000	0.950285
	19.780000	0.972680
	19.800000	0.996886
	19.820000	1.018917
	19.840000	1.044119
	19.860000	1.069256
	19.880000	1.092310
	19.900000	1.108154
	19.920000	1.122936
	19.940000	1.136684
	19.960000	1.141412
	19.980000	1.141073
	20.000000	1.137022
	20.020000	1.133043
	20.040000	1.128895
	20.060000	1.122370
	20.080000	1.112862
	20.100000	1.101778
	20.120000	1.084039
	20.140000	1.066918
	20.160000	1.058667
	20.180000	1.053640
	20.200000	1.032332
	20.220000	0.981478
	20.240000	0.905422
	20.260000	0.844123
	20.280000	0.829314
	20.300000	0.840671
	20.320000	0.793347
	20.340000	0.675365
	20.360000	0.587874
	20.380000	0.509871
	20.400000	0.455995
	20.420000	0.305394
	20.440000	0.117191
	20.460000	0.038745
	20.480000	0.011999
	20.500000	0.004387
	20.520000	0.001345
	20.540000	-0.000465
	20.560000	-0.001123
	20.580000	-0.001774
	20.600000	-0.001995
	20.620000	-0.002243
	20.640000	-0.002451
	20.660000	-0.002588
	20.680000	-0.002523
	20.700000	-0.002621
	20.720000	-0.002595
	20.740000	-0.002608
	20.760000	-0.002562
	20.780000	-0.002477
	20.800000	-0.002529
	20.820000	-0.002484
	20.840000	-0.002601
	20.860000	-0.002588
	20.880000	-0.002705
	20.900000	-0.002692
	20.920000	-0.002770
	20.940000	-0.002529
	20.960000	-0.002757
	20.980000	-0.002738
	21.000000	-0.002796
	21.020000	-0.002705
	21.040000	-0.002855
	21.060000	-0.002757
	21.080000	-0.002725
	21.100000	-0.002686
	21.120000	-0.002744
	21.140000	-0.002738
	21.160000	-0.002393
	21.180000	-0.002777
	21.200000	-0.002757
	21.220000	-0.002790
	21.240000	-0.002542
	21.260000	-0.002464
	21.280000	-0.002569
	21.300000	-0.002373
	21.320000	-0.002119
	21.340000	-0.002191
	21.360000	-0.002223
	21.380000	-0.002178
	21.400000	-0.002054
	21.420000	-0.001670
	21.440000	-0.001448
	21.460000	-0.000621
	21.480000	3.636701E-5
	21.500000	0.001163
	21.520000	0.001866
	21.540000	0.002778
	21.560000	0.004106
	21.580000	0.004921
	21.600000	0.005676
	21.620000	0.006796
	21.640000	0.007623
	21.660000	0.008242
	21.680000	0.008919
	21.700000	0.009616
	21.720000	0.010130
	21.740000	0.010853
	21.760000	0.011355
	21.780000	0.011778
	21.800000	0.012084
	21.820000	0.012188
	21.840000	0.012677
	21.860000	0.013132
	21.880000	0.013855
	21.900000	0.013758
	21.920000	0.014298
	21.940000	0.014402
	21.960000	0.014793
	21.980000	0.014474
	22.000000	0.014539
	22.020000	0.014461
	22.040000	0.014109
	22.060000	0.013907
	22.080000	0.014122
	22.100000	0.013588
	22.120000	0.013653
	22.140000	0.013758
	22.160000	0.013497
	22.180000	0.013484
	22.200000	0.013067
	22.220000	0.012169
	22.240000	0.011062
	22.260000	0.010254
	22.280000	0.010280
	22.300000	0.010280
	22.320000	0.009746
	22.340000	0.008476
	22.360000	0.006861
	22.380000	0.005435
	22.400000	0.004888
	22.420000	0.003084
	22.440000	0.000316
	22.460000	-0.001442
	22.480000	-0.001950
	22.500000	-0.002113
	22.520000	-0.002529
	22.540000	-0.002334
	22.560000	-0.002341
	22.580000	-0.002425
	22.600000	-0.002451
	22.620000	-0.002302
	22.640000	-0.002569
	22.660000	-0.002529
	22.680000	-0.002386
	22.700000	-0.002666
	22.720000	-0.002575
	22.740000	-0.002445
	22.760000	-0.002484
	22.780000	-0.002595
	22.800000	-0.002569
	22.820000	-0.002445
	22.840000	-0.002328
	22.860000	-0.002503
	22.880000	-0.002360
	22.900000	-0.002614
	22.920000	-0.002315
	22.940000	-0.002451
	22.960000	-0.002399
	22.980000	-0.002588
	23.000000	-0.002380
	23.020000	-0.002614
	23.040000	-0.002288
	23.060000	-0.002542
	23.080000	-0.002503
	23.100000	-0.002536
	23.120000	-0.002503
	23.140000	-0.002627
	23.160000	-0.002822
	23.180000	-0.002751
	23.200000	-0.002588
	23.220000	-0.002549
	23.240000	-0.002621
	23.260000	-0.002751
	23.280000	-0.002718
	23.300000	-0.002647
	23.320000	-0.002679
	23.340000	-0.002725
	23.360000	-0.002490
	23.380000	-0.002894
	23.400000	-0.002738
	23.420000	-0.002608
	23.440000	-0.002692
	23.460000	-0.002458
	23.480000	-0.002523
	23.500000	-0.002601
	23.520000	-0.002516
	23.540000	-0.002458
	23.560000	-0.002751
	23.580000	-0.002621
	23.600000	-0.002653
	23.620000	-0.002881
	23.640000	-0.002744
	23.660000	-0.002705
	23.680000	-0.002699
	23.700000	-0.002555
	23.720000	-0.002555
	23.740000	-0.002608
	23.760000	-0.002621
	23.780000	-0.002555
	23.800000	-0.002484
	23.820000	-0.002699
	23.840000	-0.002367
	23.860000	-0.002692
	23.880000	-0.002477
	23.900000	-0.002282
	23.920000	-0.002217
	23.940000	-0.002393
	23.960000	-0.002288
	23.980000	-0.002354
	24.000000	-0.002393
	24.020000	-0.002536
	24.040000	-0.002315
	24.060000	-0.002627
	24.080000	-0.002640
	24.100000	-0.002686
	24.120000	-0.002601
	24.140000	-0.002640
	24.160000	-0.002621
	24.180000	-0.002679
	24.200000	-0.002516
	24.220000	-0.002510
	24.240000	-0.002634
	24.260000	-0.002595
	24.280000	-0.002542
	24.300000	-0.002393
	24.320000	-0.002334
	24.340000	-0.002445
	24.360000	-0.002386
	24.380000	-0.002425
	24.400000	-0.002178
	24.420000	-0.002523
	24.440000	-0.002302
	24.460000	-0.002288
	24.480000	-0.002490
	24.500000	-0.002490
	24.520000	-0.002412
	24.540000	-0.002601
	24.560000	-0.002608
	24.580000	-0.002764
	24.600000	-0.002562
	24.620000	-0.002595
	24.640000	-0.002523
	24.660000	-0.002614
	24.680000	-0.002608
	24.700000	-0.002634
	24.720000	-0.002425
	24.740000	-0.002471
	24.760000	-0.002660
	24.780000	-0.002360
	24.800000	-0.002471
	24.820000	-0.002328
	24.840000	-0.002139
	24.860000	-0.002204
	24.880000	-0.002210
	24.900000	-0.002008
	24.920000	-0.001995
	24.940000	-0.002204
	24.960000	-0.001950
	24.980000	-0.002054
	25.000000	-0.002230
	25.020000	-0.002217
	25.040000	-0.002445
	25.060000	-0.002021
	25.080000	-0.002223
	25.100000	-0.002126
	25.120000	-0.002445
	25.140000	-0.002640
	25.160000	-0.002555
	25.180000	-0.002477
	25.200000	-0.002712
	25.220000	-0.002412
	25.240000	-0.002373
	25.260000	-0.002549
	25.280000	-0.002471
	25.300000	-0.002510
	25.320000	-0.002275
	25.340000	-0.002288
	25.360000	-0.002139
	25.380000	-0.002184
	25.400000	-0.002106
	25.420000	-0.002171
	25.440000	-0.002171
	25.460000	-0.002171
	25.480000	-0.002204
	25.500000	-0.001898
	25.520000	-0.001917
	25.540000	-0.001611
	25.560000	-0.001878
	25.580000	-0.001644
	25.600000	-0.001507
	25.620000	-0.001618
	25.640000	-0.001553
	25.660000	-0.001540
	25.680000	-0.001455
	25.700000	-0.001416
	25.720000	-0.001279
	25.740000	-0.001286
	25.760000	-0.001006
	25.780000	-0.001025
	25.800000	-0.001064
	25.820000	-0.000901
	25.840000	-0.000732
	25.860000	-0.000817
	25.880000	-0.000758
	25.900000	-0.000576
	25.920000	-0.000439
	25.940000	-0.000472
	25.960000	-0.000400
	25.980000	-0.000276
	26.000000	-0.000302
	26.020000	-0.000517
	26.040000	-0.000628
	26.060000	-0.000426
	26.080000	-0.000524
	26.100000	-0.000543
	26.120000	-0.000765
	26.140000	-0.000752
	26.160000	-0.000660
	26.180000	-0.000647
	26.200000	-0.000582
	26.220000	-0.000758
	26.240000	-0.000875
	26.260000	-0.001012
	26.280000	-0.001084
	26.300000	-0.000882
	26.320000	-0.000940
	26.340000	-0.001188
	26.360000	-0.001194
	26.380000	-0.001461
	26.400000	-0.001566
	26.420000	-0.001735
	26.440000	-0.001878
	26.460000	-0.001715
	26.480000	-0.001722
	26.500000	-0.001546
	26.520000	-0.001201
	26.540000	-0.001110
	26.560000	-0.000810
	26.580000	-0.000602
	26.600000	-0.000563
	26.620000	-0.000380
	26.640000	3.805966E-6
	26.660000	0.000225
	26.680000	0.000557
	26.700000	0.000583
	26.720000	0.000701
	26.740000	0.001020
	26.760000	0.001274
	26.780000	0.001489
	26.800000	0.001580
	26.820000	0.002055
	26.840000	0.002114
	26.860000	0.002088
	26.880000	0.002511
	26.900000	0.002648
	26.920000	0.002817
	26.940000	0.002635
	26.960000	0.002960
	26.980000	0.002908
	27.000000	0.003130
	27.020000	0.002843
	27.040000	0.002986
	27.060000	0.002960
	27.080000	0.003156
	27.100000	0.002928
	27.120000	0.002908
	27.140000	0.002824
	27.160000	0.003384
	27.180000	0.003110
	27.200000	0.003162
	27.220000	0.002765
	27.240000	0.002739
	27.260000	0.002635
	27.280000	0.002563
	27.300000	0.002700
	27.320000	0.003292
	27.340000	0.003397
	27.360000	0.003123
	27.380000	0.003794
	27.400000	0.004660
	27.420000	0.006737
	27.440000	0.009010
	27.460000	0.013321
	27.480000	0.020179
	27.500000	0.028534
	27.520000	0.035964
	27.540000	0.043883
	27.560000	0.050747
	27.580000	0.057422
	27.600000	0.064644
	27.620000	0.072270
	27.640000	0.078469
	27.660000	0.085522
	27.680000	0.092373
	27.700000	0.097980
	27.720000	0.104551
	27.740000	0.110119
	27.760000	0.115706
	27.780000	0.120779
	27.800000	0.125592
	27.820000	0.131264
	27.840000	0.136903
	27.860000	0.141683
	27.880000	0.146548
	27.900000	0.150384
	27.920000	0.153848
	27.940000	0.155965
	27.960000	0.156642
	27.980000	0.155952
	28.000000	0.156062
	28.020000	0.156968
	28.040000	0.156173
	28.060000	0.156603
	28.080000	0.156596
	28.100000	0.156544
	28.120000	0.155717
	28.140000	0.155620
	28.160000	0.153060
	28.180000	0.149615
	28.200000	0.142491
	28.220000	0.132488
	28.240000	0.122518
	28.260000	0.118598
	28.280000	0.119080
	28.300000	0.111187
	28.320000	0.093044
	28.340000	0.076815
	28.360000	0.063433
	28.380000	0.052030
	28.400000	0.040314
	28.420000	0.020315
	28.440000	0.007219
	28.460000	0.001612
	28.480000	-0.000100
	28.500000	-0.000504
	28.520000	-0.000713
	28.540000	-0.000341
	28.560000	-0.000107
	28.580000	0.000355
	28.600000	0.000792
	28.620000	0.001228
	28.640000	0.001358
	28.660000	0.001541
	28.680000	0.001970
	28.700000	0.002120
	28.720000	0.002674
	28.740000	0.003156
	28.760000	0.003143
	28.780000	0.003038
	28.800000	0.003299
	28.820000	0.003820
	28.840000	0.004093
	28.860000	0.004204
	28.880000	0.004751
	28.900000	0.005025
	28.920000	0.005135
	28.940000	0.005474
	28.960000	0.005598
	28.980000	0.005591
	29.000000	0.005624
	29.020000	0.005689
	29.040000	0.005611
	29.060000	0.005741
	29.080000	0.005774
	29.100000	0.005832
	29.120000	0.005604
	29.140000	0.005598
	29.160000	0.005331
	29.180000	0.005311
	29.200000	0.005240
	29.220000	0.005129
	29.240000	0.004530
	29.260000	0.003729
	29.280000	0.003533
	29.300000	0.003488
	29.320000	0.003156
	29.340000	0.002876
	29.360000	0.001853
	29.380000	0.001222
	29.400000	0.000473
	29.420000	4.939143E-5
	29.440000	-0.000752
	29.460000	-0.001455
	29.480000	-0.001624
	29.500000	-0.001956
	29.520000	-0.001898
	29.540000	-0.001898
	29.560000	-0.001943
	29.580000	-0.001715
	29.600000	-0.001741
	29.620000	-0.001839
	29.640000	-0.001859
	29.660000	-0.001963
	29.680000	-0.001748
	29.700000	-0.001676
	29.720000	-0.001579
	29.740000	-0.001592
	29.760000	-0.001709
	29.780000	-0.001676
	29.800000	-0.001533
	29.820000	-0.001689
	29.840000	-0.001494
	29.860000	-0.001422
	29.880000	-0.001520
	29.900000	-0.001507
	29.920000	-0.001364
	29.940000	-0.001207
	29.960000	-0.001214
	29.980000	-0.001318
	30.000000	-0.001188
	30.020000	-0.001234
	30.040000	-0.001286
	30.060000	-0.001038
	30.080000	-0.001279
	30.100000	-0.000895
	30.120000	-0.001103
	30.140000	-0.000960
	30.160000	-0.001045
	30.180000	-0.000849
	30.200000	-0.000960
	30.220000	-0.001181
	30.240000	-0.001012
	30.260000	-0.001051
	30.280000	-0.001403
	30.300000	-0.001286
	30.320000	-0.001455
	30.340000	-0.001761
	30.360000	-0.001800
	30.380000	-0.001807
	30.400000	-0.002008
	30.420000	-0.002080
	30.440000	-0.002191
	30.460000	-0.002217
	30.480000	-0.002321
	30.500000	-0.002158
	30.520000	-0.002067
	30.540000	-0.002113
	30.560000	-0.001956
	30.580000	-0.002236
	30.600000	-0.002080
	30.620000	-0.001982
	30.640000	-0.001995
	30.660000	-0.001917
	30.680000	-0.001833
	30.700000	-0.001676
	30.720000	-0.001891
	30.740000	-0.001989
	30.760000	-0.001820
	30.780000	-0.001748
	30.800000	-0.001963
	30.820000	-0.002035
	30.840000	-0.001976
	30.860000	-0.002139
	30.880000	-0.002119
	30.900000	-0.002191
	30.920000	-0.002152
	30.940000	-0.002256
	30.960000	-0.001969
	30.980000	-0.002126
	31.000000	-0.002126
	31.020000	-0.002210
	31.040000	-0.002132
	31.060000	-0.002002
	31.080000	-0.002191
	31.100000	-0.002061
	31.120000	-0.001930
	31.140000	-0.001761
	31.160000	-0.002074
	31.180000	-0.001748
	31.200000	-0.001754
	31.220000	-0.001878
	31.240000	-0.001852
	31.260000	-0.001956
	31.280000	-0.002093
	31.300000	-0.001930
	31.320000	-0.002008
	31.340000	-0.001754
	31.360000	-0.002100
	31.380000	-0.001937
	31.400000	-0.001937
	31.420000	-0.001618
	31.440000	-0.001461
	31.460000	-0.001220
	31.480000	-0.000993
	31.500000	-7.434054E-5
	31.520000	0.000590
	31.540000	0.001098
	31.560000	0.001612
	31.580000	0.001938
	31.600000	0.002511
	31.620000	0.002908
	31.640000	0.003716
	31.660000	0.004243
	31.680000	0.004634
	31.700000	0.005207
	31.720000	0.005878
	31.740000	0.006132
	31.760000	0.006672
	31.780000	0.006907
	31.800000	0.007571
	31.820000	0.007792
	31.840000	0.008300
	31.860000	0.008528
	31.880000	0.008834
	31.900000	0.009290
	31.920000	0.009694
	31.940000	0.009876
	31.960000	0.009889
	31.980000	0.009994
	32.000000	0.009785
	32.020000	0.009831
	32.040000	0.010065
	32.060000	0.010059
	32.080000	0.010000
	32.100000	0.010156
	32.120000	0.009857
	32.140000	0.010046
	32.160000	0.009785
	32.180000	0.009538
	32.200000	0.008945
	32.220000	0.008020
	32.240000	0.007454
	32.260000	0.007128
	32.280000	0.006965
	32.300000	0.006106
	32.320000	0.004315
	32.340000	0.003527
	32.360000	0.002146
	32.380000	0.001567
	32.400000	0.000473
	32.420000	-0.000843
	32.440000	-0.001631
	32.460000	-0.001865
	32.480000	-0.002035
	32.500000	-0.002529
	32.520000	-0.002230
	32.540000	-0.002269
	32.560000	-0.002171
	32.580000	-0.002321
	32.600000	-0.002275
	32.620000	-0.002035
	32.640000	-0.002354
	32.660000	-0.002165
	32.680000	-0.001787
	32.700000	-0.002093
	32.720000	-0.002028
	32.740000	-0.001950
	32.760000	-0.002119
	32.780000	-0.001917
	32.800000	-0.001852
	32.820000	-0.001937
	32.840000	-0.001891
	32.860000	-0.001852
	32.880000	-0.001995
	32.900000	-0.001807
	32.920000	-0.001794
	32.940000	-0.001794
	32.960000	-0.001911
	32.980000	-0.001956
	33.000000	-0.001976
	33.020000	-0.002100
	33.040000	-0.002067
	33.060000	-0.002002
	33.080000	-0.001794
	33.100000	-0.002015
	33.120000	-0.002008
	33.140000	-0.002100
	33.160000	-0.001787
	33.180000	-0.002080
	33.200000	-0.001774
	33.220000	-0.001937
	33.240000	-0.002243
	33.260000	-0.002067
	33.280000	-0.001956
	33.300000	-0.001872
	33.320000	-0.001794
	33.340000	-0.001807
	33.360000	-0.001800
	33.380000	-0.001585
	33.400000	-0.001728
	33.420000	-0.002021
	33.440000	-0.001911
	33.460000	-0.001820
	33.480000	-0.001924
	33.500000	-0.001722
	33.520000	-0.001917
	33.540000	-0.001911
	33.560000	-0.001976
	33.580000	-0.002028
	33.600000	-0.002093
	33.620000	-0.001833
	33.640000	-0.002087
	33.660000	-0.001956
	33.680000	-0.001956
	33.700000	-0.001839
	33.720000	-0.001781
	33.740000	-0.001865
	33.760000	-0.001943
	33.780000	-0.001820
	33.800000	-0.001813
	33.820000	-0.001709
	33.840000	-0.001741
	33.860000	-0.001722
	33.880000	-0.001559
	33.900000	-0.001670
	33.920000	-0.001670
	33.940000	-0.001728
	33.960000	-0.001859
	33.980000	-0.001885
	34.000000	-0.001891
	34.020000	-0.001820
	34.040000	-0.001846
	34.060000	-0.001956
	34.080000	-0.002061
	34.100000	-0.001859
	34.120000	-0.001839
	34.140000	-0.001735
	34.160000	-0.001650
	34.180000	-0.001676
	34.200000	-0.001872
	34.220000	-0.001702
	34.240000	-0.001657
	34.260000	-0.001624
	34.280000	-0.001540
	34.300000	-0.001435
	34.320000	-0.001474
	34.340000	-0.001533
	34.360000	-0.001572
	34.380000	-0.001572
	34.400000	-0.001474
	34.420000	-0.001722
	34.440000	-0.001689
	34.460000	-0.001800
	34.480000	-0.001696
	34.500000	-0.001859
	34.520000	-0.002028
	34.540000	-0.001813
	34.560000	-0.001852
	34.580000	-0.002028
	34.600000	-0.001754
	34.620000	-0.001904
	34.640000	-0.001859
	34.660000	-0.001794
	34.680000	-0.001976
	34.700000	-0.001930
	34.720000	-0.001976
	34.740000	-0.001663
	34.760000	-0.001481
	34.780000	-0.001722
	34.800000	-0.001553
	34.820000	-0.001754
	34.840000	-0.001676
	34.860000	-0.001487
	34.880000	-0.001468
	34.900000	-0.001533
	34.920000	-0.001559
	34.940000	-0.001774
	34.960000	-0.001605
	34.980000	-0.001709
	35.000000	-0.001696
	35.020000	-0.001741
	35.040000	-0.001741
	35.060000	-0.001833
	35.080000	-0.001735
	35.100000	-0.001794
	35.120000	-0.001859
	35.140000	-0.001754
	35.160000	-0.001976
	35.180000	-0.001748
	35.200000	-0.001865
	35.220000	-0.001650
	35.240000	-0.001898
	35.260000	-0.001800
	35.280000	-0.001982
	35.300000	-0.001644
	35.320000	-0.001611
	35.340000	-0.001598
	35.360000	-0.001253
	35.380000	-0.001103
	35.400000	-0.001090
	35.420000	-0.000686
	35.440000	-0.000621
	35.460000	3.636701E-5
	35.480000	0.000675
	35.500000	0.001664
	35.520000	0.002387
	35.540000	0.003279
	35.560000	0.003879
	35.580000	0.004608
	35.600000	0.005370
	35.620000	0.005923
	35.640000	0.006907
	35.660000	0.007428
	35.680000	0.008151
	35.700000	0.008841
	35.720000	0.009362
	35.740000	0.009974
	35.760000	0.010658
	35.780000	0.011993
	35.800000	0.012377
	35.820000	0.013165
	35.840000	0.013992
	35.860000	0.014767
	35.880000	0.015763
	35.900000	0.016141
	35.920000	0.016747
	35.940000	0.017001
	35.960000	0.017470
	35.980000	0.017496
	36.000000	0.017619
	36.020000	0.017899
	36.040000	0.017828
	36.060000	0.017463
	36.080000	0.017157
	36.100000	0.017313
	36.120000	0.017144
	36.140000	0.017176
	36.160000	0.016831
	36.180000	0.015776
	36.200000	0.014630
	36.220000	0.013328
	36.240000	0.012931
	36.260000	0.013185
	36.280000	0.011107
	36.300000	0.008313
	36.320000	0.006321
	36.340000	0.004360
	36.360000	0.003533
	36.380000	0.002498
	36.400000	0.000753
	36.420000	-0.000693
	36.440000	-0.001097
	36.460000	-0.001435
	36.480000	-0.001748
	36.500000	-0.001611
	36.520000	-0.001364
	36.540000	-0.001461
	36.560000	-0.001618
	36.580000	-0.001715
	36.600000	-0.001553
	36.620000	-0.001474
	36.640000	-0.001813
	36.660000	-0.001735
	36.680000	-0.001501
	36.700000	-0.001683
	36.720000	-0.001605
	36.740000	-0.001383
	36.760000	-0.001546
	36.780000	-0.001624
	36.800000	-0.001585
	36.820000	-0.001592
	36.840000	-0.001572
	36.860000	-0.001487
	36.880000	-0.001351
	36.900000	-0.001260
	36.920000	-0.001188
	36.940000	-0.001220
	36.960000	-0.001220
	36.980000	-0.001155
	37.000000	-0.001149
	37.020000	-0.001247
	37.040000	-0.001429
	37.060000	-0.001318
	37.080000	-0.001136
	37.100000	-0.001533
	37.120000	-0.001579
	37.140000	-0.001305
	37.160000	-0.001637
	37.180000	-0.001494
	37.200000	-0.001461
	37.220000	-0.001689
	37.240000	-0.001234
	37.260000	-0.001383
	37.280000	-0.001299
	37.300000	-0.001514
	37.320000	-0.001260
	37.340000	-0.001377
	37.360000	-0.001494
	37.380000	-0.001370
	37.400000	-0.001409
	37.420000	-0.001240
	37.440000	-0.001162
	37.460000	-0.000973
	37.480000	-0.000999
	37.500000	-0.000856
	37.520000	-0.000660
	37.540000	-0.000576
	37.560000	-0.000504
	37.580000	-0.000276
	37.600000	-0.000257
	37.620000	-0.000152
	37.640000	-0.000100
	37.660000	1.683038E-5
	37.680000	0.000212
	37.700000	0.000395
	37.720000	0.000427
	37.740000	0.000570
	37.760000	0.000727
	37.780000	0.000876
	37.800000	0.001033
	37.820000	0.001410
	37.840000	0.001495
	37.860000	0.001651
	37.880000	0.001599
	37.900000	0.001905
	37.920000	0.002159
	37.940000	0.002257
	37.960000	0.002251
	37.980000	0.002478
	38.000000	0.002544
	38.020000	0.002785
	38.040000	0.002459
	38.060000	0.002882
	38.080000	0.002563
	38.100000	0.002654
	38.120000	0.002537
	38.140000	0.002563
	38.160000	0.002257
	38.180000	0.001931
	38.200000	0.002153
	38.220000	0.001808
	38.240000	0.001410
	38.260000	0.001710
	38.280000	0.001143
	38.300000	0.000603
	38.320000	0.000284
	38.340000	-2.706242E-6
	38.360000	-4.177949E-5
	38.380000	-0.000250
	38.400000	-0.000550
	38.420000	-0.000784
	38.440000	-0.000817
	38.460000	-0.000999
	38.480000	-0.000784
	38.500000	-0.000660
	38.520000	-0.000843
	38.540000	-0.000797
	38.560000	-0.000537
	38.580000	-0.000589
	38.600000	-0.000628
	38.620000	-0.000400
	38.640000	-0.000485
	38.660000	-0.000348
	38.680000	-0.000348
	38.700000	-0.000113
	38.720000	-0.000107
	38.740000	-2.875508E-5
	38.760000	0.000284
	38.780000	0.000180
	38.800000	0.000557
	38.820000	0.000863
	38.840000	0.000733
	38.860000	0.001117
	38.880000	0.001352
	38.900000	0.001612
	38.920000	0.002055
	38.940000	0.002361
	38.960000	0.002641
	38.980000	0.003130
	39.000000	0.003559
	39.020000	0.003859
	39.040000	0.004504
	39.060000	0.005337
	39.080000	0.006008
	39.100000	0.006946
	39.120000	0.007506
	39.140000	0.009180
	39.160000	0.010684
	39.180000	0.012572
	39.200000	0.015216
	39.220000	0.018192
	39.240000	0.021377
	39.260000	0.025655
	39.280000	0.030416
	39.300000	0.036980
	39.320000	0.045544
	39.340000	0.055892
	39.360000	0.069352
	39.380000	0.086662
	39.400000	0.110555
	39.420000	0.141976
	39.440000	0.190011
	39.460000	0.261632
	39.480000	0.376898
	39.500000	0.566670
	39.520000	0.815645
	39.540000	1.055411
	39.560000	1.251722
	39.580000	1.414833
	39.600000	1.587596
	39.620000	1.767652
	39.640000	1.955607
	39.660000	2.130154
	39.680000	2.299569
	39.700000	2.446712
	39.720000	2.600915
	39.740000	2.770792
	39.760000	2.930921
	39.780000	3.104849
	39.800000	3.294413
	39.820000	3.501670
	39.840000	3.712588
	39.860000	3.972034
	39.880000	4.211215
	39.900000	4.398330
	39.920000	4.548684
	39.940000	4.689002
	39.960000	4.786510
	39.980000	4.872100
	40.000000	4.973325
	40.020000	5.067720
	40.040000	5.124324
	40.060000	5.124715
	40.080000	5.061676
	40.100000	5.010823
	40.120000	5.018774
	40.140000	4.977936
	40.160000	4.882109
	40.180000	4.700776
	40.200000	4.407499
	40.220000	4.112014
	40.240000	3.980806
	40.260000	3.909927
	40.280000	3.337602
	40.300000	2.558338
	40.320000	1.995091
	40.340000	1.513669
	40.360000	1.236894
	40.380000	0.956830
	40.400000	0.539573
	40.420000	0.257874
	40.440000	0.121710
	40.460000	0.055410
	40.480000	0.023936
	40.500000	0.011433
	40.520000	0.006568
	40.540000	0.003950
	40.560000	0.002348
	40.580000	0.001599
	40.600000	0.001072
	40.620000	0.000688
	40.640000	0.000434
	40.660000	-0.000100
	40.680000	6.892805E-5
	40.700000	2.334259E-5
	40.720000	-0.000302
	40.740000	-0.000328
	40.760000	-0.000459
	40.780000	-0.000419
	40.800000	-0.000302
	40.820000	-0.000400
	40.840000	-0.000472
	40.860000	-0.000478
	40.880000	-0.000367
	40.900000	-0.000289
	40.920000	-0.000348
	40.940000	-0.000126
	40.960000	-0.000276
	40.980000	-2.224287E-5
	41.000000	6.241584E-5
	41.020000	0.000101
	41.040000	0.000193
	41.060000	0.000180
	41.080000	6.241584E-5
	41.100000	6.241584E-5
	41.120000	0.000336
	41.140000	0.000225
	41.160000	0.000134
	41.180000	0.000193
	41.200000	0.000199
	41.220000	4.939143E-5
	41.240000	6.892805E-5
	41.260000	8.195247E-5
	41.280000	-5.480391E-5
	41.300000	-0.000139
	41.320000	-0.000179
	41.340000	-0.000283
	41.360000	-0.000328
	41.380000	-0.000667
	41.400000	-0.000830
	41.420000	-0.000934
	41.440000	-0.000973
	41.460000	-0.000856
	41.480000	-0.000823
	41.500000	-0.000967
	41.520000	-0.001129
	41.540000	-0.001175
	41.560000	-0.001071
	41.580000	-0.000947
	41.600000	-0.000908
	41.620000	-0.000817
	41.640000	-0.000700
	41.660000	-0.000615
	41.680000	-0.000823
	41.700000	-0.000713
	41.720000	-0.000621
	41.740000	-0.000530
	41.760000	-0.000595
	41.780000	-0.000862
	41.800000	-0.000843
	41.820000	-0.000680
	41.840000	-0.000576
	41.860000	-0.000680
	41.880000	-0.000582
	41.900000	-0.000563
	41.920000	-0.000582
	41.940000	-0.000758
	41.960000	-0.000700
	41.980000	-0.000589
	42.000000	-0.000433
	42.020000	-0.000419
	42.040000	-0.000406
	42.060000	-0.000739
	42.080000	-0.000478
	42.100000	-0.000335
	42.120000	-0.000296
	42.140000	-0.000283
	42.160000	-0.000361
	42.180000	-0.000348
	42.200000	-0.000322
	42.220000	-0.000341
	42.240000	-0.000302
	42.260000	-0.000205
	42.280000	-0.000498
	42.300000	-0.000647
	42.320000	-0.000595
	42.340000	-0.000511
	42.360000	-0.000686
	42.380000	-0.000810
	42.400000	-0.000921
	42.420000	-0.000849
	42.440000	-0.001175
	42.460000	-0.000960
	42.480000	-0.001116
	42.500000	-0.001162
	42.520000	-0.001019
	42.540000	-0.001077
	42.560000	-0.000849
	42.580000	-0.000960
	42.600000	-0.000765
	42.620000	-0.000914
	42.640000	-0.000615
	42.660000	-0.000608
	42.680000	-0.000439
	42.700000	-0.000276
	42.720000	-0.000198
	42.740000	-0.000113
	42.760000	-1.573066E-5
	42.780000	0.000141
	42.800000	9.497689E-5
	42.820000	0.000238
	42.840000	0.000271
	42.860000	0.000108
	42.880000	0.000180
	42.900000	0.000264
	42.920000	0.000258
	42.940000	0.000544
	42.960000	0.000635
	42.980000	0.000609
	43.000000	0.000603
	43.020000	0.000675
	43.040000	0.000824
	43.060000	0.000759
	43.080000	0.001248
	43.100000	0.001039
	43.120000	0.001319
	43.140000	0.001508
	43.160000	0.001593
	43.180000	0.001984
	43.200000	0.001977
	43.220000	0.002329
	43.240000	0.002667
	43.260000	0.003084
	43.280000	0.003110
	43.300000	0.003716
	43.320000	0.004139
	43.340000	0.004452
	43.360000	0.004986
	43.380000	0.005813
	43.400000	0.006868
	43.420000	0.008561
	43.440000	0.010853
	43.460000	0.013145
	43.480000	0.017665
	43.500000	0.023643
	43.520000	0.032656
	43.540000	0.047159
	43.560000	0.069606
	43.580000	0.100611
	43.600000	0.130619
	43.620000	0.154584
	43.640000	0.176849
	43.660000	0.198561
	43.680000	0.219309
	43.700000	0.240760
	43.720000	0.260824
	43.740000	0.281038
	43.760000	0.301128
	43.780000	0.319942
	43.800000	0.339173
	43.820000	0.359914
	43.840000	0.383495
	43.860000	0.408189
	43.880000	0.434375
	43.900000	0.461075
	43.920000	0.486778
	43.940000	0.511310
	43.960000	0.533093
	43.980000	0.550780
	44.000000	0.570258
	44.020000	0.587001
	44.040000	0.603536
	44.060000	0.620220
	44.080000	0.633238
	44.100000	0.633479
	44.120000	0.628901
	44.140000	0.629682
	44.160000	0.626465
	44.180000	0.618338
	44.200000	0.603015
	44.220000	0.579975
	44.240000	0.546411
	44.260000	0.516656
	44.280000	0.509714
	44.300000	0.472380
	44.320000	0.373088
	44.340000	0.275477
	44.360000	0.207424
	44.380000	0.160002
	44.400000	0.132410
	44.420000	0.091298
	44.440000	0.049015
	44.460000	0.024568
	44.480000	0.011999
	44.500000	0.005513
	44.520000	0.002140
	44.540000	0.001026
	44.560000	0.000616
	44.580000	0.000798
	44.600000	0.001065
	44.620000	0.001332
	44.640000	0.001410
	44.660000	0.001606
	44.680000	0.001905
	44.700000	0.002179
	44.720000	0.002270
	44.740000	0.002602
	44.760000	0.002986
	44.780000	0.002889
	44.800000	0.003156
	44.820000	0.003227
	44.840000	0.003768
	44.860000	0.003690
	44.880000	0.004002
	44.900000	0.004263
	44.920000	0.004334
	44.940000	0.004530
	44.960000	0.005018
	44.980000	0.005038
	45.000000	0.005246
	45.020000	0.005559
	45.040000	0.005813
	45.060000	0.005989
	45.080000	0.006477
	45.100000	0.006249
	45.120000	0.006112
	45.140000	0.006568
	45.160000	0.006477
	45.180000	0.006249
	45.200000	0.006295
	45.220000	0.006028
	45.240000	0.005897
	45.260000	0.005617
	45.280000	0.005012
	45.300000	0.005031
	45.320000	0.003892
	45.340000	0.002635
	45.360000	0.001873
	45.380000	0.001104
	45.400000	0.000857
	45.420000	0.000271
	45.440000	2.985480E-5
	45.460000	-0.000426
	45.480000	-0.000719
	45.500000	-0.000784
	45.520000	-0.000765
	45.540000	-0.000563
	45.560000	-0.000543
	45.580000	-0.000752
	45.600000	-0.000302
	45.620000	-0.000257
	45.640000	-0.000276
	45.660000	0.000128
	45.680000	-2.875508E-5
	45.700000	0.000101
	45.720000	0.000134
	45.740000	0.000232
	45.760000	0.000486
	45.780000	0.000701
	45.800000	0.000720
	45.820000	0.000896
	45.840000	0.000570
	45.860000	0.000850
	45.880000	0.000955
	45.900000	0.001150
	45.920000	0.001280
	45.940000	0.001319
	45.960000	0.001235
	45.980000	0.001091
	46.000000	0.001091
	46.020000	0.001508
	46.040000	0.001417
	46.060000	0.001339
	46.080000	0.001495
	46.100000	0.001632
	46.120000	0.001866
	46.140000	0.001873
	46.160000	0.001730
	46.180000	0.001567
	46.200000	0.001593
	46.220000	0.001547
	46.240000	0.001463
	46.260000	0.001339
	46.280000	0.001326
	46.300000	0.001306
	46.320000	0.001130
	46.340000	0.000675
	46.360000	0.000395
	46.380000	-4.177949E-5
	46.400000	4.939143E-5
	46.420000	-9.387716E-5
	46.440000	-0.000335
	46.460000	-0.000367
	46.480000	-0.000537
	46.500000	-0.000934
	46.520000	-0.000745
	46.540000	-0.000849
	46.560000	-0.000856
	46.580000	-0.000758
	46.600000	-0.000752
	46.620000	-0.000849
	46.640000	-0.000739
	46.660000	-0.000667
	46.680000	-0.000732
	46.700000	-0.000498
	46.720000	-0.000537
	46.740000	-0.000719
	46.760000	-0.000739
	46.780000	-0.000641
	46.800000	-0.000719
	46.820000	-0.000615
	46.840000	-0.000602
	46.860000	-0.000511
	46.880000	-0.000615
	46.900000	-0.000283
	46.920000	-0.000556
	46.940000	-0.000556
	46.960000	-0.000250
	46.980000	-0.000406
	47.000000	-0.000634
	47.020000	-0.000530
	47.040000	-0.000530
	47.060000	-0.000582
	47.080000	-0.000517
	47.100000	-0.000485
	47.120000	-0.000673
	47.140000	-0.000498
	47.160000	-0.000732
	47.180000	-0.000380
	47.200000	-0.000348
	47.220000	-0.000511
	47.240000	-0.000400
	47.260000	-0.000406
	47.280000	-0.000380
	47.300000	-0.000380
	47.320000	-0.000341
	47.340000	-0.000433
	47.360000	-0.000380
	47.380000	-0.000491
	47.400000	-0.000504
	47.420000	-0.000400
	47.440000	-0.000465
	47.460000	-0.000511
	47.480000	-0.000719
	47.500000	-0.000641
	47.520000	-0.000530
	47.540000	-0.000797
	47.560000	-0.000517
	47.580000	-0.000758
	47.600000	-0.000654
	47.620000	-0.000608
	47.640000	-0.000589
	47.660000	-0.000595
	47.680000	-0.000524
	47.700000	-0.000361
	47.720000	-0.000543
	47.740000	-0.000289
	47.760000	-0.000439
	47.780000	-0.000439
	47.800000	-0.000380
	47.820000	-0.000459
	47.840000	-0.000465
	47.860000	-0.000276
	47.880000	-0.000283
	47.900000	-0.000159
	47.920000	-0.000315
	47.940000	-6.131612E-5
	47.960000	-0.000139
	47.980000	-0.000393
	48.000000	-0.000166
	48.020000	-0.000146
	48.040000	-0.000231
	48.060000	-0.000361
	48.080000	-0.000205
	48.100000	-0.000374
	48.120000	-0.000426
	48.140000	-0.000641
	48.160000	-0.000556
	48.180000	-0.000628
	48.200000	-0.000576
	48.220000	-0.000354
	48.240000	-0.000400
	48.260000	-0.000426
	48.280000	-0.000283
	48.300000	-0.000426
	48.320000	-0.000615
	48.340000	-0.000224
	48.360000	-0.000179
	48.380000	-0.000133
	48.400000	0.000141
	48.420000	-0.000139
	48.440000	-0.000205
	48.460000	-0.000152
	48.480000	-0.000367
	48.500000	-0.000393
	48.520000	-0.000218
	48.540000	-0.000237
	48.560000	-0.000361
	48.580000	-0.000348
	48.600000	-0.000478
	48.620000	-0.000472
	48.640000	-0.000419
	48.660000	-0.000563
	48.680000	-0.000563
	48.700000	-6.782833E-5
	48.720000	-0.000198
	48.740000	-0.000517
	48.760000	0.000154
	48.780000	-0.000120
	48.800000	6.241584E-5
	48.820000	-0.000602
	48.840000	-0.000628
	48.860000	-0.000159
	48.880000	-0.000185
	48.900000	5.590363E-5
	48.920000	0.000303
	48.940000	-8.085274E-5
	48.960000	-9.218451E-6
	48.980000	-0.000159
	49.000000	-0.000250
	49.020000	-0.000159
	49.040000	-0.000126
	49.060000	-0.000126
	49.080000	1.683038E-5
	49.100000	-0.000419
	49.120000	-0.000413
	49.140000	-0.000380
	49.160000	-0.000530
	49.180000	-0.000504
	49.200000	-0.000315
	49.220000	-0.000439
	49.240000	-0.000211
	49.260000	-0.000237
	49.280000	-0.000289
	49.300000	-0.000198
	49.320000	-0.000335
	49.340000	-0.000211
	49.360000	-0.000335
	49.380000	-0.000328
	49.400000	-0.000250
	49.420000	-0.000205
	49.440000	-3.526728E-5
	49.460000	-0.000244
	49.480000	-0.000244
	49.500000	-0.000257
	49.520000	-0.000289
	49.540000	-0.000159
	49.560000	-0.000244
	49.580000	-0.000380
	49.600000	-0.000446
	49.620000	-0.000530
	49.640000	-0.000537
	49.660000	-0.000341
	49.680000	-0.000205
	49.700000	-0.000309
	49.720000	-0.000393
	49.740000	-0.000315
	49.760000	-0.000198
	49.780000	-0.000107
	49.800000	-0.000400
	49.820000	-0.000315
	49.840000	-3.526728E-5
	49.860000	-6.131612E-5
	49.880000	0.000219
	49.900000	-4.177949E-5
	49.920000	-0.000107
	49.940000	-4.177949E-5
	49.960000	0.000141
	49.980000	-8.736495E-5
	50.000000	-0.000179
