	0.000000	-0.000270
	0.020000	-0.000393
	0.040000	-0.000517
	0.060000	-0.000472
	0.080000	-0.000341
	0.100000	-0.000159
	0.120000	-5.480391E-5
	0.140000	-2.875508E-5
	0.160000	-0.000361
	0.180000	-0.000328
	0.200000	-0.000452
	0.220000	-0.000524
	0.240000	-0.000426
	0.260000	-0.000433
	0.280000	-0.000354
	0.300000	-0.000244
	0.320000	-0.000257
	0.340000	-0.000263
	0.360000	1.683038E-5
	0.380000	-8.085274E-5
	0.400000	-0.000302
	0.420000	-0.000218
	0.440000	-0.000159
	0.460000	-0.000179
	0.480000	-0.000133
	0.500000	-6.782833E-5
	0.520000	-9.218451E-6
	0.540000	-0.000205
	0.560000	-0.000120
	0.580000	-0.000296
	0.600000	-0.000263
	0.620000	-0.000198
	0.640000	-0.000237
	0.660000	-0.000472
	0.680000	-0.000400
	0.700000	-0.000556
	0.720000	-0.000387
	0.740000	-0.000569
	0.760000	-0.000419
	0.780000	-0.000491
	0.800000	-0.000472
	0.820000	-0.000491
	0.840000	0.000264
	0.860000	0.000889
	0.880000	0.002159
	0.900000	0.003794
	0.920000	0.006073
	0.940000	0.008463
	0.960000	0.012357
	0.980000	0.021683
	1.000000	0.034616
	1.020000	0.055579
	1.040000	0.071527
	1.060000	0.081374
	1.080000	0.077955
	1.100000	0.054088
	1.120000	0.036856
	1.140000	0.023819
	1.160000	0.015692
	1.180000	0.011159
	1.200000	0.008593
	1.220000	0.007109
	1.240000	0.006138
	1.260000	0.005188
	1.280000	0.004269
	1.300000	0.003540
	1.320000	0.002895
	1.340000	0.002355
	1.360000	0.001827
	1.380000	0.001502
	1.400000	0.001189
	1.420000	0.001026
	1.440000	0.000642
	1.460000	0.000388
	1.480000	4.287922E-5
	1.500000	-0.000250
	1.520000	-0.000393
	1.540000	-0.000569
	1.560000	-0.000934
	1.580000	-0.000973
	1.600000	-0.001188
	1.620000	-0.001585
	1.640000	-0.002093
	1.660000	-0.002048
	1.680000	-0.002217
	1.700000	-0.002236
	1.720000	-0.002328
	1.740000	-0.002256
	1.760000	-0.002106
	1.780000	-0.002139
	1.800000	-0.002269
	1.820000	-0.002171
	1.840000	-0.002126
	1.860000	-0.002191
	1.880000	-0.002230
	1.900000	-0.002028
	1.920000	-0.002126
	1.940000	-0.002399
	1.960000	-0.002347
	1.980000	-0.002282
	2.000000	-0.002458
	2.020000	-0.002315
	2.040000	-0.002458
	2.060000	-0.002334
	2.080000	-0.002321
	2.100000	-0.002354
	2.120000	-0.002367
	2.140000	-0.002210
	2.160000	-0.002230
	2.180000	-0.002243
	2.200000	-0.002315
	2.220000	-0.002464
	2.240000	-0.002282
	2.260000	-0.002262
	2.280000	-0.002308
	2.300000	-0.002171
	2.320000	-0.002282
	2.340000	-0.002373
	2.360000	-0.002165
	2.380000	-0.002295
	2.400000	-0.002230
	2.420000	-0.002184
	2.440000	-0.002269
	2.460000	-0.002243
	2.480000	-0.002341
	2.500000	-0.002484
	2.520000	-0.002386
	2.540000	-0.002347
	2.560000	-0.002471
	2.580000	-0.002601
	2.600000	-0.002575
	2.620000	-0.002679
	2.640000	-0.002640
	2.660000	-0.002647
	2.680000	-0.002744
	2.700000	-0.002582
	2.720000	-0.002666
	2.740000	-0.002634
	2.760000	-0.002660
	2.780000	-0.002692
	2.800000	-0.002536
	2.820000	-0.002653
	2.840000	-0.002412
	2.860000	-0.002516
	2.880000	-0.002438
	2.900000	-0.002438
	2.920000	-0.002542
	2.940000	-0.002523
	2.960000	-0.002542
	2.980000	-0.002666
	3.000000	-0.002595
	3.020000	-0.002536
	3.040000	-0.002712
	3.060000	-0.002777
	3.080000	-0.002692
	3.100000	-0.002829
	3.120000	-0.002907
	3.140000	-0.002718
	3.160000	-0.002894
	3.180000	-0.002718
	3.200000	-0.002901
	3.220000	-0.002829
	3.240000	-0.002653
	3.260000	-0.002712
	3.280000	-0.002725
	3.300000	-0.002770
	3.320000	-0.002751
	3.340000	-0.002529
	3.360000	-0.002673
	3.380000	-0.002523
	3.400000	-0.002529
	3.420000	-0.002516
	3.440000	-0.002542
	3.460000	-0.002315
	3.480000	-0.002419
	3.500000	-0.002380
	3.520000	-0.002516
	3.540000	-0.002718
	3.560000	-0.002497
	3.580000	-0.002569
	3.600000	-0.002529
	3.620000	-0.002783
	3.640000	-0.002542
	3.660000	-0.002744
	3.680000	-0.002829
	3.700000	-0.002914
	3.720000	-0.002731
	3.740000	-0.002777
	3.760000	-0.002738
	3.780000	-0.002777
	3.800000	-0.002777
	3.820000	-0.002562
	3.840000	-0.002588
	3.860000	-0.002595
	3.880000	-0.002614
	3.900000	-0.002647
	3.920000	-0.002471
	3.940000	-0.002347
	3.960000	-0.002334
	3.980000	-0.002288
	4.000000	-0.002360
	4.020000	-0.002464
	4.040000	-0.002419
	4.060000	-0.002484
	4.080000	-0.002569
	4.100000	-0.002595
	4.120000	-0.002614
	4.140000	-0.002614
	4.160000	-0.002608
	4.180000	-0.002673
	4.200000	-0.002744
	4.220000	-0.002731
	4.240000	-0.002829
	4.260000	-0.002712
	4.280000	-0.002653
	4.300000	-0.002796
	4.320000	-0.002549
	4.340000	-0.002673
	4.360000	-0.002621
	4.380000	-0.002751
	4.400000	-0.002731
	4.420000	-0.002627
	4.440000	-0.002412
	4.460000	-0.002555
	4.480000	-0.002477
	4.500000	-0.002458
	4.520000	-0.002490
	4.540000	-0.002367
	4.560000	-0.002321
	4.580000	-0.002438
	4.600000	-0.002601
	4.620000	-0.002627
	4.640000	-0.002562
	4.660000	-0.002660
	4.680000	-0.002588
	4.700000	-0.002627
	4.720000	-0.002666
	4.740000	-0.002673
	4.760000	-0.002516
	4.780000	-0.002529
	4.800000	-0.002608
	4.820000	-0.002731
	4.840000	-0.002738
	4.860000	-0.002718
	4.880000	-0.002608
	4.900000	-0.002764
	4.920000	-0.002686
	4.940000	-0.002536
	4.960000	-0.002451
	4.980000	-0.002451
	5.000000	-0.002484
	5.020000	-0.002412
	5.040000	-0.002399
	5.060000	-0.002438
	5.080000	-0.002471
	5.100000	-0.002458
	5.120000	-0.002451
	5.140000	-0.002451
	5.160000	-0.002380
	5.180000	-0.002588
	5.200000	-0.002536
	5.220000	-0.002490
	5.240000	-0.002484
	5.260000	-0.002529
	5.280000	-0.002699
	5.300000	-0.002744
	5.320000	-0.002640
	5.340000	-0.002770
	5.360000	-0.002686
	5.380000	-0.002666
	5.400000	-0.002712
	5.420000	-0.002634
	5.440000	-0.002516
	5.460000	-0.002386
	5.480000	-0.002341
	5.500000	-0.002516
	5.520000	-0.002367
	5.540000	-0.002282
	5.560000	-0.002412
	5.580000	-0.002269
	5.600000	-0.002386
	5.620000	-0.002367
	5.640000	-0.002451
	5.660000	-0.002360
	5.680000	-0.002269
	5.700000	-0.002614
	5.720000	-0.002529
	5.740000	-0.002451
	5.760000	-0.002699
	5.780000	-0.002627
	5.800000	-0.002796
	5.820000	-0.002601
	5.840000	-0.002608
	5.860000	-0.002731
	5.880000	-0.002575
	5.900000	-0.002803
	5.920000	-0.002712
	5.940000	-0.002718
	5.960000	-0.002497
	5.980000	-0.002458
	6.000000	-0.002471
	6.020000	-0.002432
	6.040000	-0.002380
	6.060000	-0.002373
	6.080000	-0.002445
	6.100000	-0.002425
	6.120000	-0.002315
	6.140000	-0.002484
	6.160000	-0.002334
	6.180000	-0.002438
	6.200000	-0.002243
	6.220000	-0.002341
	6.240000	-0.002367
	6.260000	-0.002445
	6.280000	-0.002542
	6.300000	-0.002516
	6.320000	-0.002458
	6.340000	-0.002555
	6.360000	-0.002751
	6.380000	-0.002614
	6.400000	-0.002614
	6.420000	-0.002621
	6.440000	-0.002595
	6.460000	-0.002458
	6.480000	-0.002536
	6.500000	-0.002399
	6.520000	-0.002529
	6.540000	-0.002438
	6.560000	-0.002360
	6.580000	-0.002321
	6.600000	-0.002302
	6.620000	-0.002262
	6.640000	-0.002425
	6.660000	-0.002230
	6.680000	-0.002295
	6.700000	-0.002412
	6.720000	-0.002321
	6.740000	-0.002321
	6.760000	-0.002484
	6.780000	-0.002393
	6.800000	-0.002523
	6.820000	-0.002438
	6.840000	-0.002321
	6.860000	-0.002419
	6.880000	-0.002549
	6.900000	-0.002464
	6.920000	-0.002718
	6.940000	-0.002705
	6.960000	-0.002647
	6.980000	-0.002712
	7.000000	-0.002621
	7.020000	-0.002490
	7.040000	-0.002503
	7.060000	-0.002503
	7.080000	-0.002484
	7.100000	-0.002380
	7.120000	-0.002451
	7.140000	-0.002158
	7.160000	-0.002315
	7.180000	-0.002302
	7.200000	-0.002262
	7.220000	-0.002236
	7.240000	-0.002393
	7.260000	-0.002386
	7.280000	-0.002451
	7.300000	-0.002347
	7.320000	-0.002562
	7.340000	-0.002562
	7.360000	-0.002516
	7.380000	-0.002484
	7.400000	-0.002666
	7.420000	-0.002725
	7.440000	-0.002614
	7.460000	-0.002549
	7.480000	-0.002699
	7.500000	-0.002692
	7.520000	-0.002712
	7.540000	-0.002705
	7.560000	-0.002692
	7.580000	-0.002523
	7.600000	-0.002347
	7.620000	-0.002575
	7.640000	-0.002360
	7.660000	-0.002412
	7.680000	-0.002243
	7.700000	-0.002295
	7.720000	-0.002275
	7.740000	-0.002412
	7.760000	-0.002210
	7.780000	-0.002490
	7.800000	-0.002399
	7.820000	-0.002236
	7.840000	-0.002380
	7.860000	-0.002445
	7.880000	-0.002451
	7.900000	-0.002536
	7.920000	-0.002503
	7.940000	-0.002595
	7.960000	-0.002634
	7.980000	-0.002725
	8.000000	-0.002679
	8.020000	-0.002601
	8.040000	-0.002542
	8.060000	-0.002692
	8.080000	-0.002640
	8.100000	-0.002542
	8.120000	-0.002510
	8.140000	-0.002367
	8.160000	-0.002282
	8.180000	-0.002360
	8.200000	-0.002549
	8.220000	-0.002412
	8.240000	-0.002516
	8.260000	-0.002386
	8.280000	-0.002341
	8.300000	-0.002432
	8.320000	-0.002438
	8.340000	-0.002536
	8.360000	-0.002562
	8.380000	-0.002497
	8.400000	-0.002588
	8.420000	-0.002588
	8.440000	-0.002647
	8.460000	-0.002751
	8.480000	-0.002653
	8.500000	-0.002653
	8.520000	-0.002614
	8.540000	-0.002614
	8.560000	-0.002829
	8.580000	-0.002712
	8.600000	-0.002731
	8.620000	-0.002588
	8.640000	-0.002562
	8.660000	-0.002542
	8.680000	-0.002686
	8.700000	-0.002542
	8.720000	-0.002497
	8.740000	-0.002477
	8.760000	-0.002354
	8.780000	-0.002608
	8.800000	-0.002510
	8.820000	-0.002529
	8.840000	-0.002360
	8.860000	-0.002608
	8.880000	-0.002197
	8.900000	-0.002471
	8.920000	-0.002516
	8.940000	-0.002458
	8.960000	-0.002555
	8.980000	-0.002718
	9.000000	-0.002549
	9.020000	-0.002640
	9.040000	-0.002725
	9.060000	-0.002666
	9.080000	-0.002595
	9.100000	-0.002699
	9.120000	-0.002816
	9.140000	-0.002627
	9.160000	-0.002627
	9.180000	-0.002497
	9.200000	-0.002510
	9.220000	-0.002497
	9.240000	-0.002438
	9.260000	-0.002380
	9.280000	-0.002529
	9.300000	-0.002425
	9.320000	-0.002477
	9.340000	-0.002386
	9.360000	-0.002555
	9.380000	-0.002438
	9.400000	-0.002432
	9.420000	-0.002614
	9.440000	-0.002477
	9.460000	-0.002419
	9.480000	-0.002569
	9.500000	-0.002660
	9.520000	-0.002627
	9.540000	-0.002836
	9.560000	-0.002542
	9.580000	-0.002764
	9.600000	-0.002673
	9.620000	-0.002744
	9.640000	-0.002686
	9.660000	-0.002836
	9.680000	-0.002601
	9.700000	-0.002770
	9.720000	-0.002569
	9.740000	-0.002627
	9.760000	-0.002647
	9.780000	-0.002608
	9.800000	-0.002582
	9.820000	-0.002393
	9.840000	-0.002399
	9.860000	-0.002536
	9.880000	-0.002536
	9.900000	-0.002360
	9.920000	-0.002555
	9.940000	-0.002406
	9.960000	-0.002347
	9.980000	-0.002380
	10.000000	-0.002419
	10.020000	-0.002614
	10.040000	-0.002477
	10.060000	-0.002588
	10.080000	-0.002686
	10.100000	-0.002653
	10.120000	-0.002640
	10.140000	-0.002836
	10.160000	-0.002614
	10.180000	-0.002744
	10.200000	-0.002679
	10.220000	-0.002744
	10.240000	-0.002666
	10.260000	-0.002321
	10.280000	-0.002588
	10.300000	-0.002595
	10.320000	-0.002555
	10.340000	-0.002471
	10.360000	-0.002380
	10.380000	-0.002458
	10.400000	-0.002328
	10.420000	-0.002399
	10.440000	-0.002458
	10.460000	-0.002484
	10.480000	-0.002516
	10.500000	-0.002458
	10.520000	-0.002497
	10.540000	-0.002477
	10.560000	-0.002542
	10.580000	-0.002484
	10.600000	-0.002464
	10.620000	-0.002549
	10.640000	-0.002588
	10.660000	-0.002608
	10.680000	-0.002497
	10.700000	-0.002575
	10.720000	-0.002608
	10.740000	-0.002569
	10.760000	-0.002523
	10.780000	-0.002549
	10.800000	-0.002458
	10.820000	-0.002503
	10.840000	-0.002516
	10.860000	-0.002393
	10.880000	-0.002386
	10.900000	-0.002282
	10.920000	-0.002249
	10.940000	-0.002243
	10.960000	-0.002282
	10.980000	-0.002354
	11.000000	-0.002432
	11.020000	-0.002249
	11.040000	-0.002412
	11.060000	-0.002432
	11.080000	-0.002582
	11.100000	-0.002614
	11.120000	-0.002627
	11.140000	-0.002536
	11.160000	-0.002653
	11.180000	-0.002529
	11.200000	-0.002614
	11.220000	-0.002621
	11.240000	-0.002601
	11.260000	-0.002536
	11.280000	-0.002562
	11.300000	-0.002503
	11.320000	-0.002445
	11.340000	-0.002249
	11.360000	-0.002354
	11.380000	-0.002354
	11.400000	-0.002295
	11.420000	-0.002132
	11.440000	-0.002308
	11.460000	-0.002165
	11.480000	-0.002093
	11.500000	-0.002269
	11.520000	-0.002093
	11.540000	-0.002119
	11.560000	-0.001930
	11.580000	-0.001937
	11.600000	-0.001956
	11.620000	-0.001885
	11.640000	-0.001728
	11.660000	-0.001839
	11.680000	-0.001891
	11.700000	-0.002028
	11.720000	-0.001813
	11.740000	-0.001689
	11.760000	-0.001468
	11.780000	-0.001618
	11.800000	-0.001455
	11.820000	-0.001338
	11.840000	-0.001494
	11.860000	-0.001273
	11.880000	-0.001435
	11.900000	-0.001344
	11.920000	-0.001220
	11.940000	-0.001279
	11.960000	-0.001110
	11.980000	-0.001162
	12.000000	-0.001006
	12.020000	-0.001234
	12.040000	-0.001162
	12.060000	-0.001370
	12.080000	-0.001266
	12.100000	-0.001260
	12.120000	-0.001435
	12.140000	-0.001416
	12.160000	-0.001474
	12.180000	-0.001435
	12.200000	-0.001514
	12.220000	-0.001631
	12.240000	-0.001644
	12.260000	-0.001644
	12.280000	-0.001728
	12.300000	-0.001650
	12.320000	-0.001800
	12.340000	-0.001683
	12.360000	-0.001696
	12.380000	-0.001709
	12.400000	-0.001702
	12.420000	-0.001813
	12.440000	-0.001735
	12.460000	-0.001859
	12.480000	-0.001774
	12.500000	-0.001917
	12.520000	-0.002061
	12.540000	-0.002165
	12.560000	-0.002380
	12.580000	-0.002464
	12.600000	-0.002360
	12.620000	-0.002406
	12.640000	-0.002516
	12.660000	-0.002425
	12.680000	-0.002510
	12.700000	-0.002595
	12.720000	-0.002712
	12.740000	-0.002608
	12.760000	-0.002621
	12.780000	-0.002686
	12.800000	-0.002627
	12.820000	-0.002569
	12.840000	-0.002510
	12.860000	-0.002705
	12.880000	-0.002601
	12.900000	-0.002516
	12.920000	-0.002347
	12.940000	-0.002432
	12.960000	-0.002341
	12.980000	-0.002334
	13.000000	-0.002477
	13.020000	-0.002282
	13.040000	-0.002197
	13.060000	-0.002282
	13.080000	-0.002295
	13.100000	-0.002334
	13.120000	-0.002373
	13.140000	-0.002393
	13.160000	-0.002262
	13.180000	-0.002503
	13.200000	-0.002595
	13.220000	-0.002640
	13.240000	-0.002542
	13.260000	-0.002660
	13.280000	-0.002647
	13.300000	-0.002549
	13.320000	-0.002686
	13.340000	-0.002608
	13.360000	-0.002640
	13.380000	-0.002601
	13.400000	-0.002562
	13.420000	-0.002614
	13.440000	-0.002503
	13.460000	-0.002445
	13.480000	-0.002308
	13.500000	-0.002380
	13.520000	-0.002464
	13.540000	-0.002425
	13.560000	-0.002184
	13.580000	-0.002262
	13.600000	-0.002249
	13.620000	-0.002321
	13.640000	-0.002373
	13.660000	-0.002445
	13.680000	-0.002432
	13.700000	-0.002445
	13.720000	-0.002406
	13.740000	-0.002386
	13.760000	-0.002549
	13.780000	-0.002647
	13.800000	-0.002621
	13.820000	-0.002627
	13.840000	-0.002608
	13.860000	-0.002640
	13.880000	-0.002647
	13.900000	-0.002555
	13.920000	-0.002601
	13.940000	-0.002555
	13.960000	-0.002588
	13.980000	-0.002315
	14.000000	-0.002464
	14.020000	-0.002275
	14.040000	-0.002334
	14.060000	-0.002132
	14.080000	-0.002236
	14.100000	-0.002087
	14.120000	-0.002288
	14.140000	-0.002132
	14.160000	-0.002321
	14.180000	-0.002269
	14.200000	-0.002282
	14.220000	-0.002334
	14.240000	-0.002497
	14.260000	-0.002484
	14.280000	-0.002510
	14.300000	-0.002516
	14.320000	-0.002503
	14.340000	-0.002503
	14.360000	-0.002477
	14.380000	-0.002516
	14.400000	-0.002464
	14.420000	-0.002529
	14.440000	-0.002471
	14.460000	-0.002614
	14.480000	-0.002464
	14.500000	-0.002490
	14.520000	-0.002360
	14.540000	-0.002393
	14.560000	-0.002490
	14.580000	-0.002256
	14.600000	-0.002347
	14.620000	-0.002334
	14.640000	-0.002249
	14.660000	-0.002236
	14.680000	-0.002132
	14.700000	-0.002256
	14.720000	-0.002328
	14.740000	-0.002315
	14.760000	-0.002445
	14.780000	-0.002451
	14.800000	-0.002477
	14.820000	-0.002614
	14.840000	-0.002438
	14.860000	-0.002471
	14.880000	-0.002640
	14.900000	-0.002484
	14.920000	-0.002608
	14.940000	-0.002497
	14.960000	-0.002575
	14.980000	-0.002275
	15.000000	-0.002464
	15.020000	-0.002347
	15.040000	-0.002302
	15.060000	-0.002334
	15.080000	-0.002321
	15.100000	-0.002184
	15.120000	-0.002269
	15.140000	-0.002217
	15.160000	-0.002139
	15.180000	-0.002191
	15.200000	-0.002132
	15.220000	-0.002158
	15.240000	-0.002230
	15.260000	-0.002262
	15.280000	-0.002288
	15.300000	-0.002386
	15.320000	-0.002315
	15.340000	-0.002152
	15.360000	-0.002269
	15.380000	-0.002321
	15.400000	-0.002236
	15.420000	-0.002406
	15.440000	-0.002360
	15.460000	-0.002354
	15.480000	-0.002126
	15.500000	-0.002087
	15.520000	-0.002054
	15.540000	-0.001833
	15.560000	-0.001663
	15.580000	-0.001572
	15.600000	-0.001390
	15.620000	-0.001318
	15.640000	-0.001110
	15.660000	-0.001064
	15.680000	-0.000908
	15.700000	-0.000686
	15.720000	-0.000628
	15.740000	-0.000634
	15.760000	-0.000478
	15.780000	-0.000660
	15.800000	-0.000472
	15.820000	-0.000439
	15.840000	-0.000485
	15.860000	-0.000628
	15.880000	-0.000569
	15.900000	-0.000550
	15.920000	-0.000459
	15.940000	-0.000465
	15.960000	-0.000354
	15.980000	-0.000465
	16.000000	-0.000348
	16.020000	-0.000530
	16.040000	-0.000439
	16.060000	-0.000328
	16.080000	-0.000211
	16.100000	-0.000322
	16.120000	-0.000224
	16.140000	-0.000166
	16.160000	-0.000341
	16.180000	-0.000244
	16.200000	-0.000374
	16.220000	-0.000406
	16.240000	-0.000322
	16.260000	-0.000628
	16.280000	-0.000680
	16.300000	-0.000771
	16.320000	-0.001058
	16.340000	-0.000875
	16.360000	-0.000888
	16.380000	-0.001129
	16.400000	-0.001344
	16.420000	-0.001409
	16.440000	-0.001579
	16.460000	-0.001820
	16.480000	-0.002158
	16.500000	-0.002087
	16.520000	-0.002158
	16.540000	-0.001904
	16.560000	-0.001592
	16.580000	-0.001494
	16.600000	-0.001234
	16.620000	-0.001071
	16.640000	-0.001051
	16.660000	-0.000745
	16.680000	-0.000686
	16.700000	-0.000647
	16.720000	-0.000700
	16.740000	-0.000530
	16.760000	-0.000563
	16.780000	-0.000537
	16.800000	-0.000400
	16.820000	-0.000465
	16.840000	-0.000439
	16.860000	-0.000354
	16.880000	-0.000361
	16.900000	-0.000205
	16.920000	-0.000341
	16.940000	-0.000218
	16.960000	-0.000244
	16.980000	-0.000218
	17.000000	-0.000283
	17.020000	-0.000289
	17.040000	-0.000302
	17.060000	-0.000315
	17.080000	-0.000185
	17.100000	-0.000159
	17.120000	-0.000107
	17.140000	-0.000276
	17.160000	-0.000250
	17.180000	-0.000218
	17.200000	-0.000283
	17.220000	-5.480391E-5
	17.240000	-0.000120
	17.260000	-0.000276
	17.280000	-0.000419
	17.300000	-0.000556
	17.320000	-0.000700
	17.340000	-0.000569
	17.360000	-0.000680
	17.380000	-0.000830
	17.400000	-0.001136
	17.420000	-0.001051
	17.440000	-0.001377
	17.460000	-0.001390
	17.480000	-0.001572
	17.500000	-0.001507
	17.520000	-0.001064
	17.540000	-0.000615
	17.560000	-0.000139
	17.580000	0.000264
	17.600000	0.000727
	17.620000	0.001326
	17.640000	0.001762
	17.660000	0.002172
	17.680000	0.002570
	17.700000	0.002811
	17.720000	0.003436
	17.740000	0.003553
	17.760000	0.003787
	17.780000	0.003839
	17.800000	0.004204
	17.820000	0.004347
	17.840000	0.004530
	17.860000	0.004530
	17.880000	0.004673
	17.900000	0.004758
	17.920000	0.004836
	17.940000	0.004901
	17.960000	0.004940
	17.980000	0.005214
	18.000000	0.005005
	18.020000	0.005096
	18.040000	0.004927
	18.060000	0.005005
	18.080000	0.005122
	18.100000	0.005025
	18.120000	0.004836
	18.140000	0.004777
	18.160000	0.004797
	18.180000	0.004732
	18.200000	0.004536
	18.220000	0.004660
	18.240000	0.004588
	18.260000	0.004439
	18.280000	0.003950
	18.300000	0.003266
	18.320000	0.003110
	18.340000	0.003201
	18.360000	0.003084
	18.380000	0.002472
	18.400000	0.001977
	18.420000	0.001332
	18.440000	0.000831
	18.460000	0.000108
	18.480000	-0.001383
	18.500000	-0.002002
	18.520000	-0.002236
	18.540000	-0.002341
	18.560000	-0.002334
	18.580000	-0.002419
	18.600000	-0.002360
	18.620000	-0.002516
	18.640000	-0.002354
	18.660000	-0.002243
	18.680000	-0.002315
	18.700000	-0.002262
	18.720000	-0.002373
	18.740000	-0.002288
	18.760000	-0.002139
	18.780000	-0.001982
	18.800000	-0.002067
	18.820000	-0.001976
	18.840000	-0.002093
	18.860000	-0.002028
	18.880000	-0.001982
	18.900000	-0.002223
	18.920000	-0.002204
	18.940000	-0.002132
	18.960000	-0.002171
	18.980000	-0.002288
	19.000000	-0.002165
	19.020000	-0.002308
	19.040000	-0.002386
	19.060000	-0.002210
	19.080000	-0.002367
	19.100000	-0.002445
	19.120000	-0.002243
	19.140000	-0.002236
	19.160000	-0.002321
	19.180000	-0.002393
	19.200000	-0.002347
	19.220000	-0.002282
	19.240000	-0.002126
	19.260000	-0.002126
	19.280000	-0.002191
	19.300000	-0.002080
	19.320000	-0.001859
	19.340000	-0.001872
	19.360000	-0.001754
	19.380000	-0.001683
	19.400000	-0.001820
	19.420000	-0.001657
	19.440000	-0.001377
	19.460000	-0.000810
	19.480000	-0.000302
	19.500000	0.000499
	19.520000	0.001287
	19.540000	0.002055
	19.560000	0.002693
	19.580000	0.003436
	19.600000	0.004100
	19.620000	0.004725
	19.640000	0.005305
	19.660000	0.005800
	19.680000	0.006392
	19.700000	0.006926
	19.720000	0.007350
	19.740000	0.007753
	19.760000	0.007955
	19.780000	0.008294
	19.800000	0.008574
	19.820000	0.008652
	19.840000	0.009095
	19.860000	0.009486
	19.880000	0.009785
	19.900000	0.009896
	19.920000	0.010150
	19.940000	0.010365
	19.960000	0.010436
	19.980000	0.010436
	20.000000	0.010261
	20.020000	0.010163
	20.040000	0.009915
	20.060000	0.009902
	20.080000	0.009798
	20.100000	0.009609
	20.120000	0.009401
	20.140000	0.009153
	20.160000	0.009069
	20.180000	0.009075
	20.200000	0.008886
	20.220000	0.008418
	20.240000	0.007701
	20.260000	0.006790
	20.280000	0.006848
	20.300000	0.006874
	20.320000	0.006581
	20.340000	0.005500
	20.360000	0.004621
	20.380000	0.003625
	20.400000	0.002856
	20.420000	0.001697
	20.440000	-0.000354
	20.460000	-0.001514
	20.480000	-0.001982
	20.500000	-0.002041
	20.520000	-0.002262
	20.540000	-0.002275
	20.560000	-0.002236
	20.580000	-0.002230
	20.600000	-0.002328
	20.620000	-0.002354
	20.640000	-0.002373
	20.660000	-0.002367
	20.680000	-0.002497
	20.700000	-0.002412
	20.720000	-0.002458
	20.740000	-0.002471
	20.760000	-0.002425
	20.780000	-0.002334
	20.800000	-0.002328
	20.820000	-0.002269
	20.840000	-0.002288
	20.860000	-0.002432
	20.880000	-0.002152
	20.900000	-0.002269
	20.920000	-0.002256
	20.940000	-0.002217
	20.960000	-0.002139
	20.980000	-0.002067
	21.000000	-0.002139
	21.020000	-0.002171
	21.040000	-0.002126
	21.060000	-0.002236
	21.080000	-0.002113
	21.100000	-0.002321
	21.120000	-0.002497
	21.140000	-0.002399
	21.160000	-0.002341
	21.180000	-0.002341
	21.200000	-0.002275
	21.220000	-0.002152
	21.240000	-0.002328
	21.260000	-0.002367
	21.280000	-0.002406
	21.300000	-0.002243
	21.320000	-0.002399
	21.340000	-0.002256
	21.360000	-0.002288
	21.380000	-0.002295
	21.400000	-0.002302
	21.420000	-0.002100
	21.440000	-0.002067
	21.460000	-0.002145
	21.480000	-0.001943
	21.500000	-0.002113
	21.520000	-0.002145
	21.540000	-0.002061
	21.560000	-0.002243
	21.580000	-0.002204
	21.600000	-0.002087
	21.620000	-0.002230
	21.640000	-0.002262
	21.660000	-0.002262
	21.680000	-0.002249
	21.700000	-0.002113
	21.720000	-0.002236
	21.740000	-0.002321
	21.760000	-0.002158
	21.780000	-0.002191
	21.800000	-0.001989
	21.820000	-0.001995
	21.840000	-0.001976
	21.860000	-0.002048
	21.880000	-0.001885
	21.900000	-0.001924
	21.920000	-0.001878
	21.940000	-0.001963
	21.960000	-0.001787
	21.980000	-0.002054
	22.000000	-0.001891
	22.020000	-0.001956
	22.040000	-0.002048
	22.060000	-0.001995
	22.080000	-0.002126
	22.100000	-0.002100
	22.120000	-0.002054
	22.140000	-0.002113
	22.160000	-0.002275
	22.180000	-0.001898
	22.200000	-0.002035
	22.220000	-0.002074
	22.240000	-0.002093
	22.260000	-0.002021
	22.280000	-0.002100
	22.300000	-0.002015
	22.320000	-0.002015
	22.340000	-0.001976
	22.360000	-0.001995
	22.380000	-0.001989
	22.400000	-0.001969
	22.420000	-0.001852
	22.440000	-0.001995
	22.460000	-0.002015
	22.480000	-0.002035
	22.500000	-0.001943
	22.520000	-0.001917
	22.540000	-0.002204
	22.560000	-0.002158
	22.580000	-0.002367
	22.600000	-0.002126
	22.620000	-0.002184
	22.640000	-0.002386
	22.660000	-0.002347
	22.680000	-0.002191
	22.700000	-0.002204
	22.720000	-0.002380
	22.740000	-0.002249
	22.760000	-0.002249
	22.780000	-0.002262
	22.800000	-0.002119
	22.820000	-0.002113
	22.840000	-0.001989
	22.860000	-0.002106
	22.880000	-0.001937
	22.900000	-0.002008
	22.920000	-0.001937
	22.940000	-0.002132
	22.960000	-0.002015
	22.980000	-0.001943
	23.000000	-0.002074
	23.020000	-0.001950
	23.040000	-0.002191
	23.060000	-0.002119
	23.080000	-0.002171
	23.100000	-0.002061
	23.120000	-0.002223
	23.140000	-0.002210
	23.160000	-0.002256
	23.180000	-0.002230
	23.200000	-0.002197
	23.220000	-0.002061
	23.240000	-0.002074
	23.260000	-0.002249
	23.280000	-0.002054
	23.300000	-0.002119
	23.320000	-0.002145
	23.340000	-0.002165
	23.360000	-0.001885
	23.380000	-0.002035
	23.400000	-0.001807
	23.420000	-0.001754
	23.440000	-0.001917
	23.460000	-0.001794
	23.480000	-0.001865
	23.500000	-0.001715
	23.520000	-0.001891
	23.540000	-0.001754
	23.560000	-0.001833
	23.580000	-0.002015
	23.600000	-0.002087
	23.620000	-0.002002
	23.640000	-0.002158
	23.660000	-0.002041
	23.680000	-0.002015
	23.700000	-0.002061
	23.720000	-0.002080
	23.740000	-0.002217
	23.760000	-0.002035
	23.780000	-0.002197
	23.800000	-0.002288
	23.820000	-0.002197
	23.840000	-0.002106
	23.860000	-0.002106
	23.880000	-0.002008
	23.900000	-0.001963
	23.920000	-0.002002
	23.940000	-0.002067
	23.960000	-0.001917
	23.980000	-0.001937
	24.000000	-0.001820
	24.020000	-0.001885
	24.040000	-0.001709
	24.060000	-0.002028
	24.080000	-0.001976
	24.100000	-0.001898
	24.120000	-0.001995
	24.140000	-0.002126
	24.160000	-0.001995
	24.180000	-0.002288
	24.200000	-0.002119
	24.220000	-0.002145
	24.240000	-0.002230
	24.260000	-0.002197
	24.280000	-0.002158
	24.300000	-0.001995
	24.320000	-0.002145
	24.340000	-0.002002
	24.360000	-0.002002
	24.380000	-0.001904
	24.400000	-0.001989
	24.420000	-0.001865
	24.440000	-0.001839
	24.460000	-0.001833
	24.480000	-0.001826
	24.500000	-0.001904
	24.520000	-0.001774
	24.540000	-0.001943
	24.560000	-0.001898
	24.580000	-0.001865
	24.600000	-0.001930
	24.620000	-0.002035
	24.640000	-0.002236
	24.660000	-0.002119
	24.680000	-0.002210
	24.700000	-0.001969
	24.720000	-0.002158
	24.740000	-0.002126
	24.760000	-0.002054
	24.780000	-0.002204
	24.800000	-0.002008
	24.820000	-0.002145
	24.840000	-0.002197
	24.860000	-0.002093
	24.880000	-0.002048
	24.900000	-0.001924
	24.920000	-0.002178
	24.940000	-0.001950
	24.960000	-0.001904
	24.980000	-0.001748
	25.000000	-0.001741
	25.020000	-0.001846
	25.040000	-0.001787
	25.060000	-0.001891
	25.080000	-0.001813
	25.100000	-0.001852
	25.120000	-0.002015
	25.140000	-0.002015
	25.160000	-0.001924
	25.180000	-0.002041
	25.200000	-0.002119
	25.220000	-0.002015
	25.240000	-0.002165
	25.260000	-0.002145
	25.280000	-0.001872
	25.300000	-0.002008
	25.320000	-0.002178
	25.340000	-0.002054
	25.360000	-0.002145
	25.380000	-0.002145
	25.400000	-0.001917
	25.420000	-0.001904
	25.440000	-0.001917
	25.460000	-0.001898
	25.480000	-0.001839
	25.500000	-0.001872
	25.520000	-0.001846
	25.540000	-0.001715
	25.560000	-0.001774
	25.580000	-0.001722
	25.600000	-0.002002
	25.620000	-0.001904
	25.640000	-0.001826
	25.660000	-0.001911
	25.680000	-0.001989
	25.700000	-0.002015
	25.720000	-0.001917
	25.740000	-0.002028
	25.760000	-0.001976
	25.780000	-0.001878
	25.800000	-0.001989
	25.820000	-0.002015
	25.840000	-0.001995
	25.860000	-0.001885
	25.880000	-0.002008
	25.900000	-0.001956
	25.920000	-0.001781
	25.940000	-0.001794
	25.960000	-0.001833
	25.980000	-0.001715
	26.000000	-0.001663
	26.020000	-0.001663
	26.040000	-0.001800
	26.060000	-0.001657
	26.080000	-0.001943
	26.100000	-0.001813
	26.120000	-0.001728
	26.140000	-0.001976
	26.160000	-0.001768
	26.180000	-0.001891
	26.200000	-0.001976
	26.220000	-0.002008
	26.240000	-0.002002
	26.260000	-0.002087
	26.280000	-0.002139
	26.300000	-0.001930
	26.320000	-0.002100
	26.340000	-0.001813
	26.360000	-0.002048
	26.380000	-0.001989
	26.400000	-0.002217
	26.420000	-0.001839
	26.440000	-0.001820
	26.460000	-0.001917
	26.480000	-0.001917
	26.500000	-0.001741
	26.520000	-0.001715
	26.540000	-0.001676
	26.560000	-0.001794
	26.580000	-0.001878
	26.600000	-0.001807
	26.620000	-0.001878
	26.640000	-0.001702
	26.660000	-0.002119
	26.680000	-0.002008
	26.700000	-0.001898
	26.720000	-0.001963
	26.740000	-0.002119
	26.760000	-0.001924
	26.780000	-0.002028
	26.800000	-0.002087
	26.820000	-0.002002
	26.840000	-0.002113
	26.860000	-0.001995
	26.880000	-0.002048
	26.900000	-0.001898
	26.920000	-0.001904
	26.940000	-0.001807
	26.960000	-0.001898
	26.980000	-0.001637
	27.000000	-0.001722
	27.020000	-0.001611
	27.040000	-0.001624
	27.060000	-0.001533
	27.080000	-0.001631
	27.100000	-0.001533
	27.120000	-0.001833
	27.140000	-0.001650
	27.160000	-0.001520
	27.180000	-0.001904
	27.200000	-0.001878
	27.220000	-0.001768
	27.240000	-0.001982
	27.260000	-0.001904
	27.280000	-0.001943
	27.300000	-0.001976
	27.320000	-0.001976
	27.340000	-0.001872
	27.360000	-0.001872
	27.380000	-0.001839
	27.400000	-0.001911
	27.420000	-0.001794
	27.440000	-0.001794
	27.460000	-0.001735
	27.480000	-0.001566
	27.500000	-0.001435
	27.520000	-0.001396
	27.540000	-0.001247
	27.560000	-0.001149
	27.580000	-0.001155
	27.600000	-0.001168
	27.620000	-0.000993
	27.640000	-0.000960
	27.660000	-0.000752
	27.680000	-0.000830
	27.700000	-0.000778
	27.720000	-0.000758
	27.740000	-0.000719
	27.760000	-0.000680
	27.780000	-0.000595
	27.800000	-0.000563
	27.820000	-0.000634
	27.840000	-0.000615
	27.860000	-0.000367
	27.880000	-0.000237
	27.900000	-0.000237
	27.920000	-0.000126
	27.940000	1.683038E-5
	27.960000	-2.706242E-6
	27.980000	-0.000179
	28.000000	-0.000120
	28.020000	6.892805E-5
	28.040000	1.031817E-5
	28.060000	0.000108
	28.080000	0.000134
	28.100000	8.195247E-5
	28.120000	0.000147
	28.140000	-0.000120
	28.160000	8.195247E-5
	28.180000	-0.000120
	28.200000	-3.526728E-5
	28.220000	-0.000276
	28.240000	-0.000459
	28.260000	-0.000615
	28.280000	-0.000472
	28.300000	-0.000667
	28.320000	-0.000895
	28.340000	-0.000980
	28.360000	-0.001234
	28.380000	-0.001390
	28.400000	-0.001403
	28.420000	-0.001559
	28.440000	-0.001735
	28.460000	-0.001741
	28.480000	-0.001670
	28.500000	-0.001787
	28.520000	-0.001722
	28.540000	-0.001592
	28.560000	-0.001813
	28.580000	-0.001754
	28.600000	-0.001611
	28.620000	-0.001709
	28.640000	-0.001644
	28.660000	-0.001611
	28.680000	-0.001676
	28.700000	-0.001631
	28.720000	-0.001735
	28.740000	-0.001553
	28.760000	-0.001696
	28.780000	-0.001624
	28.800000	-0.001820
	28.820000	-0.001781
	28.840000	-0.001754
	28.860000	-0.001774
	28.880000	-0.001872
	28.900000	-0.001826
	28.920000	-0.001670
	28.940000	-0.001781
	28.960000	-0.001774
	28.980000	-0.001846
	29.000000	-0.001689
	29.020000	-0.001611
	29.040000	-0.001540
	29.060000	-0.001540
	29.080000	-0.001585
	29.100000	-0.001553
	29.120000	-0.001670
	29.140000	-0.001357
	29.160000	-0.001585
	29.180000	-0.001370
	29.200000	-0.001455
	29.220000	-0.001572
	29.240000	-0.001331
	29.260000	-0.001474
	29.280000	-0.001501
	29.300000	-0.001566
	29.320000	-0.001605
	29.340000	-0.001754
	29.360000	-0.001663
	29.380000	-0.001585
	29.400000	-0.001709
	29.420000	-0.001852
	29.440000	-0.001800
	29.460000	-0.001898
	29.480000	-0.001748
	29.500000	-0.001748
	29.520000	-0.001839
	29.540000	-0.001761
	29.560000	-0.001761
	29.580000	-0.001572
	29.600000	-0.001507
	29.620000	-0.001670
	29.640000	-0.001709
	29.660000	-0.001670
	29.680000	-0.001514
	29.700000	-0.001429
	29.720000	-0.001292
	29.740000	-0.001468
	29.760000	-0.001527
	29.780000	-0.001487
	29.800000	-0.001637
	29.820000	-0.001501
	29.840000	-0.001474
	29.860000	-0.001644
	29.880000	-0.001715
	29.900000	-0.001807
	29.920000	-0.001852
	29.940000	-0.001741
	29.960000	-0.001794
	29.980000	-0.001735
	30.000000	-0.001761
	30.020000	-0.001826
	30.040000	-0.001611
	30.060000	-0.001715
	30.080000	-0.001527
	30.100000	-0.001501
	30.120000	-0.001481
	30.140000	-0.001579
	30.160000	-0.001533
	30.180000	-0.001474
	30.200000	-0.001527
	30.220000	-0.001501
	30.240000	-0.001448
	30.260000	-0.001572
	30.280000	-0.001344
	30.300000	-0.001605
	30.320000	-0.001507
	30.340000	-0.001911
	30.360000	-0.001735
	30.380000	-0.001709
	30.400000	-0.001663
	30.420000	-0.001618
	30.440000	-0.001852
	30.460000	-0.001872
	30.480000	-0.001696
	30.500000	-0.001735
	30.520000	-0.001794
	30.540000	-0.001644
	30.560000	-0.001605
	30.580000	-0.001455
	30.600000	-0.001572
	30.620000	-0.001520
	30.640000	-0.001501
	30.660000	-0.001403
	30.680000	-0.001422
	30.700000	-0.001481
	30.720000	-0.001546
	30.740000	-0.001461
	30.760000	-0.001396
	30.780000	-0.001409
	30.800000	-0.001344
	30.820000	-0.001540
	30.840000	-0.001429
	30.860000	-0.001351
	30.880000	-0.001650
	30.900000	-0.001650
	30.920000	-0.001702
	30.940000	-0.001748
	30.960000	-0.001774
	30.980000	-0.001637
	31.000000	-0.001566
	31.020000	-0.001663
	31.040000	-0.001631
	31.060000	-0.001468
	31.080000	-0.001579
	31.100000	-0.001618
	31.120000	-0.001566
	31.140000	-0.001494
	31.160000	-0.001507
	31.180000	-0.001383
	31.200000	-0.001188
	31.220000	-0.001403
	31.240000	-0.001383
	31.260000	-0.001377
	31.280000	-0.001422
	31.300000	-0.001305
	31.320000	-0.001286
	31.340000	-0.001494
	31.360000	-0.001514
	31.380000	-0.001741
	31.400000	-0.001520
	31.420000	-0.001540
	31.440000	-0.001611
	31.460000	-0.001618
	31.480000	-0.001520
	31.500000	-0.001494
	31.520000	-0.001663
	31.540000	-0.001611
	31.560000	-0.001572
	31.580000	-0.001637
	31.600000	-0.001546
	31.620000	-0.001572
	31.640000	-0.001442
	31.660000	-0.001468
	31.680000	-0.001344
	31.700000	-0.001461
	31.720000	-0.001325
	31.740000	-0.001501
	31.760000	-0.001234
	31.780000	-0.001318
	31.800000	-0.001220
	31.820000	-0.001312
	31.840000	-0.001383
	31.860000	-0.001331
	31.880000	-0.001487
	31.900000	-0.001396
	31.920000	-0.001507
	31.940000	-0.001540
	31.960000	-0.001566
	31.980000	-0.001377
	32.000000	-0.001377
	32.020000	-0.001481
	32.040000	-0.001533
	32.060000	-0.001416
	32.080000	-0.001637
	32.100000	-0.001370
	32.120000	-0.001318
	32.140000	-0.001312
	32.160000	-0.001247
	32.180000	-0.001155
	32.200000	-0.001325
	32.220000	-0.001155
	32.240000	-0.001234
	32.260000	-0.001377
	32.280000	-0.001071
	32.300000	-0.001123
	32.320000	-0.001286
	32.340000	-0.001136
	32.360000	-0.001162
	32.380000	-0.001247
	32.400000	-0.001370
	32.420000	-0.001364
	32.440000	-0.001468
	32.460000	-0.001676
	32.480000	-0.001377
	32.500000	-0.001553
	32.520000	-0.001377
	32.540000	-0.001403
	32.560000	-0.001442
	32.580000	-0.001312
	32.600000	-0.001207
	32.620000	-0.001325
	32.640000	-0.001299
	32.660000	-0.001292
	32.680000	-0.001455
	32.700000	-0.001338
	32.720000	-0.001227
	32.740000	-0.001234
	32.760000	-0.001396
	32.780000	-0.001175
	32.800000	-0.001292
	32.820000	-0.001234
	32.840000	-0.001240
	32.860000	-0.001175
	32.880000	-0.001416
	32.900000	-0.001598
	32.920000	-0.001435
	32.940000	-0.001527
	32.960000	-0.001331
	32.980000	-0.001527
	33.000000	-0.001592
	33.020000	-0.001533
	33.040000	-0.001487
	33.060000	-0.001435
	33.080000	-0.001325
	33.100000	-0.001403
	33.120000	-0.001318
	33.140000	-0.001383
	33.160000	-0.001429
	33.180000	-0.001305
	33.200000	-0.001299
	33.220000	-0.001260
	33.240000	-0.001032
	33.260000	-0.001012
	33.280000	-0.001188
	33.300000	-0.001188
	33.320000	-0.001090
	33.340000	-0.001279
	33.360000	-0.001370
	33.380000	-0.001273
	33.400000	-0.001351
	33.420000	-0.001540
	33.440000	-0.001422
	33.460000	-0.001481
	33.480000	-0.001377
	33.500000	-0.001422
	33.520000	-0.001448
	33.540000	-0.001520
	33.560000	-0.001455
	33.580000	-0.001338
	33.600000	-0.001566
	33.620000	-0.001429
	33.640000	-0.001520
	33.660000	-0.001455
	33.680000	-0.001383
	33.700000	-0.001383
	33.720000	-0.001409
	33.740000	-0.001260
	33.760000	-0.001279
	33.780000	-0.001286
	33.800000	-0.001090
	33.820000	-0.001220
	33.840000	-0.001403
	33.860000	-0.001331
	33.880000	-0.001338
	33.900000	-0.001305
	33.920000	-0.001422
	33.940000	-0.001364
	33.960000	-0.001474
	33.980000	-0.001605
	34.000000	-0.001383
	34.020000	-0.001422
	34.040000	-0.001383
	34.060000	-0.001409
	34.080000	-0.001494
	34.100000	-0.001429
	34.120000	-0.001357
	34.140000	-0.001325
	34.160000	-0.001403
	34.180000	-0.001390
	34.200000	-0.001168
	34.220000	-0.001318
	34.240000	-0.001318
	34.260000	-0.001357
	34.280000	-0.001273
	34.300000	-0.001181
	34.320000	-0.001045
	34.340000	-0.001194
	34.360000	-0.001299
	34.380000	-0.001194
	34.400000	-0.001279
	34.420000	-0.001220
	34.440000	-0.001357
	34.460000	-0.001364
	34.480000	-0.001435
	34.500000	-0.001461
	34.520000	-0.001448
	34.540000	-0.001416
	34.560000	-0.001501
	34.580000	-0.001409
	34.600000	-0.001494
	34.620000	-0.001481
	34.640000	-0.001312
	34.660000	-0.001416
	34.680000	-0.001266
	34.700000	-0.001149
	34.720000	-0.001168
	34.740000	-0.001409
	34.760000	-0.001253
	34.780000	-0.001168
	34.800000	-0.001201
	34.820000	-0.001064
	34.840000	-0.001038
	34.860000	-0.001266
	34.880000	-0.001110
	34.900000	-0.001181
	34.920000	-0.001220
	34.940000	-0.001201
	34.960000	-0.000973
	34.980000	-0.001188
	35.000000	-0.001155
	35.020000	-0.001260
	35.040000	-0.001207
	35.060000	-0.001266
	35.080000	-0.001364
	35.100000	-0.001260
	35.120000	-0.001220
	35.140000	-0.001325
	35.160000	-0.001220
	35.180000	-0.001435
	35.200000	-0.001364
	35.220000	-0.001181
	35.240000	-0.001214
	35.260000	-0.001103
	35.280000	-0.001318
	35.300000	-0.001260
	35.320000	-0.001260
	35.340000	-0.001110
	35.360000	-0.001136
	35.380000	-0.001064
	35.400000	-0.000856
	35.420000	-0.001097
	35.440000	-0.001129
	35.460000	-0.001103
	35.480000	-0.001129
	35.500000	-0.001175
	35.520000	-0.001155
	35.540000	-0.001312
	35.560000	-0.001364
	35.580000	-0.001370
	35.600000	-0.001299
	35.620000	-0.001286
	35.640000	-0.001370
	35.660000	-0.001273
	35.680000	-0.001305
	35.700000	-0.001188
	35.720000	-0.001247
	35.740000	-0.001227
	35.760000	-0.001377
	35.780000	-0.001051
	35.800000	-0.000967
	35.820000	-0.001299
	35.840000	-0.001045
	35.860000	-0.001071
	35.880000	-0.001019
	35.900000	-0.001025
	35.920000	-0.000869
	35.940000	-0.000882
	35.960000	-0.000869
	35.980000	-0.000980
	36.000000	-0.000953
	36.020000	-0.000986
	36.040000	-0.001129
	36.060000	-0.001149
	36.080000	-0.001038
	36.100000	-0.001084
	36.120000	-0.001129
	36.140000	-0.001123
	36.160000	-0.001214
	36.180000	-0.001058
	36.200000	-0.001162
	36.220000	-0.001038
	36.240000	-0.001168
	36.260000	-0.001097
	36.280000	-0.001045
	36.300000	-0.001201
	36.320000	-0.001129
	36.340000	-0.001194
	36.360000	-0.001103
	36.380000	-0.001084
	36.400000	-0.001181
	36.420000	-0.001071
	36.440000	-0.001162
	36.460000	-0.001032
	36.480000	-0.000934
	36.500000	-0.001188
	36.520000	-0.001077
	36.540000	-0.001071
	36.560000	-0.001194
	36.580000	-0.001214
	36.600000	-0.001318
	36.620000	-0.001396
	36.640000	-0.001253
	36.660000	-0.001279
	36.680000	-0.001162
	36.700000	-0.001331
	36.720000	-0.001390
	36.740000	-0.001325
	36.760000	-0.001253
	36.780000	-0.001292
	36.800000	-0.001227
	36.820000	-0.001305
	36.840000	-0.001136
	36.860000	-0.001214
	36.880000	-0.001227
	36.900000	-0.001201
	36.920000	-0.001318
	36.940000	-0.001006
	36.960000	-0.001019
	36.980000	-0.001084
	37.000000	-0.001077
	37.020000	-0.001097
	37.040000	-0.000947
	37.060000	-0.001045
	37.080000	-0.001136
	37.100000	-0.001162
	37.120000	-0.001201
	37.140000	-0.001194
	37.160000	-0.001136
	37.180000	-0.001279
	37.200000	-0.001051
	37.220000	-0.001077
	37.240000	-0.001273
	37.260000	-0.001188
	37.280000	-0.001260
	37.300000	-0.001331
	37.320000	-0.001188
	37.340000	-0.001149
	37.360000	-0.001090
	37.380000	-0.001253
	37.400000	-0.001136
	37.420000	-0.001032
	37.440000	-0.001136
	37.460000	-0.001012
	37.480000	-0.001110
	37.500000	-0.001012
	37.520000	-0.000999
	37.540000	-0.001110
	37.560000	-0.000999
	37.580000	-0.001207
	37.600000	-0.001110
	37.620000	-0.001318
	37.640000	-0.001279
	37.660000	-0.001168
	37.680000	-0.001214
	37.700000	-0.001260
	37.720000	-0.001344
	37.740000	-0.001377
	37.760000	-0.001207
	37.780000	-0.001220
	37.800000	-0.001351
	37.820000	-0.001188
	37.840000	-0.001201
	37.860000	-0.001227
	37.880000	-0.001149
	37.900000	-0.001012
	37.920000	-0.001071
	37.940000	-0.001032
	37.960000	-0.000927
	37.980000	-0.000901
	38.000000	-0.000862
	38.020000	-0.000947
	38.040000	-0.000908
	38.060000	-0.001142
	38.080000	-0.001064
	38.100000	-0.000927
	38.120000	-0.001168
	38.140000	-0.001097
	38.160000	-0.001240
	38.180000	-0.000960
	38.200000	-0.001064
	38.220000	-0.001051
	38.240000	-0.001194
	38.260000	-0.001194
	38.280000	-0.000999
	38.300000	-0.001136
	38.320000	-0.001201
	38.340000	-0.001077
	38.360000	-0.001168
	38.380000	-0.001136
	38.400000	-0.001084
	38.420000	-0.001058
	38.440000	-0.001084
	38.460000	-0.000862
	38.480000	-0.001012
	38.500000	-0.000967
	38.520000	-0.000791
	38.540000	-0.000856
	38.560000	-0.000888
	38.580000	-0.001064
	38.600000	-0.001103
	38.620000	-0.001201
	38.640000	-0.001090
	38.660000	-0.001240
	38.680000	-0.001331
	38.700000	-0.001181
	38.720000	-0.001006
	38.740000	-0.001175
	38.760000	-0.001155
	38.780000	-0.001084
	38.800000	-0.001260
	38.820000	-0.001077
	38.840000	-0.001071
	38.860000	-0.001071
	38.880000	-0.001129
	38.900000	-0.001045
	38.920000	-0.001038
	38.940000	-0.000960
	38.960000	-0.000934
	38.980000	-0.000804
	39.000000	-0.000608
	39.020000	-0.000667
	39.040000	-0.000953
	39.060000	-0.000823
	39.080000	-0.000849
	39.100000	-0.000973
	39.120000	-0.000771
	39.140000	-0.000804
	39.160000	-0.000791
	39.180000	-0.000908
	39.200000	-0.000947
	39.220000	-0.001077
	39.240000	-0.000967
	39.260000	-0.000817
	39.280000	-0.000836
	39.300000	-0.000778
	39.320000	-0.000647
	39.340000	-0.000393
	39.360000	-0.000472
	39.380000	-0.000113
	39.400000	0.000121
	39.420000	0.000303
	39.440000	0.000779
	39.460000	0.001547
	39.480000	0.002811
	39.500000	0.004230
	39.520000	0.006744
	39.540000	0.009590
	39.560000	0.011804
	39.580000	0.013640
	39.600000	0.014702
	39.620000	0.016499
	39.640000	0.018518
	39.660000	0.020602
	39.680000	0.022634
	39.700000	0.024346
	39.720000	0.026046
	39.740000	0.027648
	39.760000	0.029074
	39.780000	0.030767
	39.800000	0.032851
	39.820000	0.034877
	39.840000	0.037045
	39.860000	0.039246
	39.880000	0.041734
	39.900000	0.043798
	39.920000	0.045706
	39.940000	0.047113
	39.960000	0.048201
	39.980000	0.049197
	40.000000	0.050154
	40.020000	0.051170
	40.040000	0.052114
	40.060000	0.052518
	40.080000	0.051724
	40.100000	0.051138
	40.120000	0.051235
	40.140000	0.050903
	40.160000	0.050050
	40.180000	0.048227
	40.200000	0.045479
	40.220000	0.042196
	40.240000	0.040419
	40.260000	0.039963
	40.280000	0.035476
	40.300000	0.027316
	40.320000	0.020778
	40.340000	0.015711
	40.360000	0.012103
	40.380000	0.009876
	40.400000	0.005741
	40.420000	0.002446
	40.440000	0.000688
	40.460000	4.287922E-5
	40.480000	-0.000328
	40.500000	-0.000602
	40.520000	-0.000517
	40.540000	-0.000550
	40.560000	-0.000400
	40.580000	-0.000406
	40.600000	-0.000621
	40.620000	-0.000491
	40.640000	-0.000660
	40.660000	-0.000843
	40.680000	-0.000686
	40.700000	-0.000778
	40.720000	-0.000960
	40.740000	-0.000849
	40.760000	-0.000914
	40.780000	-0.000862
	40.800000	-0.000830
	40.820000	-0.001012
	40.840000	-0.000908
	40.860000	-0.000888
	40.880000	-0.000752
	40.900000	-0.000836
	40.920000	-0.000804
	40.940000	-0.000810
	40.960000	-0.000823
	40.980000	-0.000817
	41.000000	-0.000791
	41.020000	-0.000700
	41.040000	-0.000758
	41.060000	-0.000498
	41.080000	-0.000667
	41.100000	-0.000810
	41.120000	-0.000485
	41.140000	-0.000608
	41.160000	-0.000791
	41.180000	-0.000849
	41.200000	-0.000719
	41.220000	-0.000771
	41.240000	-0.000901
	41.260000	-0.000980
	41.280000	-0.000980
	41.300000	-0.000849
	41.320000	-0.000869
	41.340000	-0.000836
	41.360000	-0.000849
	41.380000	-0.000869
	41.400000	-0.000882
	41.420000	-0.000927
	41.440000	-0.000843
	41.460000	-0.000882
	41.480000	-0.000882
	41.500000	-0.000797
	41.520000	-0.000771
	41.540000	-0.000862
	41.560000	-0.000791
	41.580000	-0.000582
	41.600000	-0.000830
	41.620000	-0.000647
	41.640000	-0.000641
	41.660000	-0.000556
	41.680000	-0.000550
	41.700000	-0.000589
	41.720000	-0.000686
	41.740000	-0.000804
	41.760000	-0.000641
	41.780000	-0.000745
	41.800000	-0.000999
	41.820000	-0.000869
	41.840000	-0.001025
	41.860000	-0.000875
	41.880000	-0.000934
	41.900000	-0.000895
	41.920000	-0.000817
	41.940000	-0.000647
	41.960000	-0.000986
	41.980000	-0.000713
	42.000000	-0.000771
	42.020000	-0.000706
	42.040000	-0.000732
	42.060000	-0.000641
	42.080000	-0.000849
	42.100000	-0.000810
	42.120000	-0.000517
	42.140000	-0.000439
	42.160000	-0.000589
	42.180000	-0.000485
	42.200000	-0.000504
	42.220000	-0.000752
	42.240000	-0.000752
	42.260000	-0.000576
	42.280000	-0.000758
	42.300000	-0.000849
	42.320000	-0.000784
	42.340000	-0.000921
	42.360000	-0.000706
	42.380000	-0.000804
	42.400000	-0.000836
	42.420000	-0.000882
	42.440000	-0.000739
	42.460000	-0.000706
	42.480000	-0.000660
	42.500000	-0.000823
	42.520000	-0.000654
	42.540000	-0.000791
	42.560000	-0.000739
	42.580000	-0.000706
	42.600000	-0.000667
	42.620000	-0.000537
	42.640000	-0.000556
	42.660000	-0.000400
	42.680000	-0.000459
	42.700000	-0.000517
	42.720000	-0.000452
	42.740000	-0.000400
	42.760000	-0.000595
	42.780000	-0.000693
	42.800000	-0.000576
	42.820000	-0.000693
	42.840000	-0.000745
	42.860000	-0.000634
	42.880000	-0.000745
	42.900000	-0.000888
	42.920000	-0.000817
	42.940000	-0.000882
	42.960000	-0.000713
	42.980000	-0.000758
	43.000000	-0.000706
	43.020000	-0.000719
	43.040000	-0.000673
	43.060000	-0.000530
	43.080000	-0.000602
	43.100000	-0.000433
	43.120000	-0.000452
	43.140000	-0.000374
	43.160000	-0.000328
	43.180000	-0.000354
	43.200000	-0.000556
	43.220000	-0.000511
	43.240000	-0.000322
	43.260000	-0.000374
	43.280000	-0.000446
	43.300000	-0.000550
	43.320000	-0.000517
	43.340000	-0.000634
	43.360000	-0.000778
	43.380000	-0.000713
	43.400000	-0.000589
	43.420000	-0.000641
	43.440000	-0.000589
	43.460000	-0.000491
	43.480000	-0.000472
	43.500000	-0.000498
	43.520000	-0.000185
	43.540000	-9.387716E-5
	43.560000	-0.000113
	43.580000	0.000329
	43.600000	0.000759
	43.620000	0.000948
	43.640000	0.001423
	43.660000	0.001482
	43.680000	0.001827
	43.700000	0.002042
	43.720000	0.002172
	43.740000	0.002381
	43.760000	0.002550
	43.780000	0.002967
	43.800000	0.002895
	43.820000	0.003084
	43.840000	0.003338
	43.860000	0.003572
	43.880000	0.003774
	43.900000	0.003892
	43.920000	0.004061
	43.940000	0.004588
	43.960000	0.004934
	43.980000	0.005051
	44.000000	0.005168
	44.020000	0.005461
	44.040000	0.005774
	44.060000	0.005962
	44.080000	0.005962
	44.100000	0.006086
	44.120000	0.005989
	44.140000	0.005832
	44.160000	0.006197
	44.180000	0.006093
	44.200000	0.005832
	44.220000	0.005793
	44.240000	0.005468
	44.260000	0.004881
	44.280000	0.004888
	44.300000	0.004517
	44.320000	0.003559
	44.340000	0.002368
	44.360000	0.001515
	44.380000	0.001026
	44.400000	0.000694
	44.420000	0.000395
	44.440000	3.636701E-5
	44.460000	-0.000380
	44.480000	-0.000361
	44.500000	-0.000602
	44.520000	-0.000537
	44.540000	-0.000530
	44.560000	-0.000615
	44.580000	-0.000700
	44.600000	-0.000641
	44.620000	-0.000393
	44.640000	-0.000524
	44.660000	-0.000315
	44.680000	-0.000374
	44.700000	-0.000315
	44.720000	-0.000328
	44.740000	-0.000257
	44.760000	-0.000328
	44.780000	-0.000172
	44.800000	-0.000302
	44.820000	-0.000439
	44.840000	-0.000543
	44.860000	-0.000393
	44.880000	-0.000608
	44.900000	-0.000582
	44.920000	-0.000634
	44.940000	-0.000569
	44.960000	-0.000550
	44.980000	-0.000621
	45.000000	-0.000446
	45.020000	-0.000485
	45.040000	-0.000654
	45.060000	-0.000732
	45.080000	-0.000550
	45.100000	-0.000485
	45.120000	-0.000485
	45.140000	-0.000433
	45.160000	-0.000426
	45.180000	-0.000328
	45.200000	-0.000257
	45.220000	-0.000250
	45.240000	-0.000179
	45.260000	-0.000283
	45.280000	-0.000322
	45.300000	-0.000673
	45.320000	-0.000328
	45.340000	-0.000341
	45.360000	-0.000517
	45.380000	-0.000537
	45.400000	-0.000602
	45.420000	-0.000478
	45.440000	-0.000459
	45.460000	-0.000673
	45.480000	-0.000634
	45.500000	-0.000634
	45.520000	-0.000439
	45.540000	-0.000608
	45.560000	-0.000380
	45.580000	-0.000374
	45.600000	-0.000446
	45.620000	-0.000491
	45.640000	-0.000472
	45.660000	-0.000354
	45.680000	-0.000393
	45.700000	-0.000185
	45.720000	-0.000237
	45.740000	-0.000361
	45.760000	-0.000185
	45.780000	-0.000270
	45.800000	-0.000146
	45.820000	-0.000211
	45.840000	-0.000146
	45.860000	-0.000309
	45.880000	-0.000387
	45.900000	-0.000459
	45.920000	-0.000309
	45.940000	-0.000380
	45.960000	-0.000341
	45.980000	-0.000563
	46.000000	-0.000348
	46.020000	-0.000328
	46.040000	-0.000380
	46.060000	-0.000478
	46.080000	-0.000387
	46.100000	-0.000335
	46.120000	-0.000335
	46.140000	-0.000244
	46.160000	-0.000244
	46.180000	-0.000289
	46.200000	-0.000524
	46.220000	-0.000192
	46.240000	-0.000250
	46.260000	-3.526728E-5
	46.280000	-0.000185
	46.300000	-4.177949E-5
	46.320000	-0.000172
	46.340000	-0.000113
	46.360000	-0.000192
	46.380000	-0.000159
	46.400000	-0.000283
	46.420000	-0.000250
	46.440000	-0.000400
	46.460000	-0.000400
	46.480000	-0.000289
	46.500000	-0.000400
	46.520000	-0.000504
	46.540000	-0.000315
	46.560000	-0.000426
	46.580000	-0.000439
	46.600000	-0.000439
	46.620000	-0.000302
	46.640000	-0.000322
	46.660000	-0.000400
	46.680000	-0.000419
	46.700000	-0.000309
	46.720000	-0.000367
	46.740000	-0.000348
	46.760000	-0.000296
	46.780000	-0.000231
	46.800000	-0.000335
	46.820000	-0.000133
	46.840000	1.031817E-5
	46.860000	-0.000113
	46.880000	-0.000211
	46.900000	-0.000244
	46.920000	-0.000211
	46.940000	-0.000192
	46.960000	-0.000237
	46.980000	-0.000452
	47.000000	-0.000322
	47.020000	-0.000465
	47.040000	-0.000472
	47.060000	-0.000374
	47.080000	-0.000465
	47.100000	-0.000354
	47.120000	-0.000511
	47.140000	-0.000543
	47.160000	-0.000524
	47.180000	-0.000413
	47.200000	-0.000113
	47.220000	-0.000452
	47.240000	-0.000374
	47.260000	-0.000354
	47.280000	-0.000276
	47.300000	-0.000133
	47.320000	-6.782833E-5
	47.340000	-0.000133
	47.360000	-9.387716E-5
	47.380000	-0.000341
	47.400000	-0.000133
	47.420000	-3.526728E-5
	47.440000	-0.000276
	47.460000	-0.000263
	47.480000	-0.000185
	47.500000	-0.000419
	47.520000	-0.000504
	47.540000	-0.000367
	47.560000	-0.000439
	47.580000	-0.000374
	47.600000	-0.000237
	47.620000	-0.000387
	47.640000	-0.000459
	47.660000	-0.000289
	47.680000	-0.000413
	47.700000	-0.000387
	47.720000	-0.000224
	47.740000	-0.000335
	47.760000	-0.000218
	47.780000	-0.000283
	47.800000	-0.000335
	47.820000	-0.000179
	47.840000	-0.000120
	47.860000	-0.000126
	47.880000	-9.387716E-5
	47.900000	4.939143E-5
	47.920000	-0.000113
	47.940000	-0.000205
	47.960000	-4.829170E-5
	47.980000	-0.000185
	48.000000	-0.000166
	48.020000	-0.000276
	48.040000	-0.000257
	48.060000	-0.000335
	48.080000	-0.000139
	48.100000	-0.000250
	48.120000	-0.000354
	48.140000	-0.000172
	48.160000	-0.000218
	48.180000	-0.000185
	48.200000	-0.000166
	48.220000	-0.000159
	48.240000	-0.000257
	48.260000	-0.000393
	48.280000	-0.000100
	48.300000	-0.000250
	48.320000	-0.000309
	48.340000	-0.000113
	48.360000	-0.000205
	48.380000	-9.387716E-5
	48.400000	-2.706242E-6
	48.420000	0.000108
	48.440000	-7.434054E-5
	48.460000	0.000101
	48.480000	0.000128
	48.500000	3.805966E-6
	48.520000	-3.526728E-5
	48.540000	-0.000185
	48.560000	-0.000250
	48.580000	-0.000406
	48.600000	-0.000126
	48.620000	-0.000139
	48.640000	-6.782833E-5
	48.660000	1.031817E-5
	48.680000	-0.000179
	48.700000	-0.000192
	48.720000	-0.000244
	48.740000	-2.224287E-5
	48.760000	-9.218451E-6
	48.780000	2.334259E-5
	48.800000	-0.000146
	48.820000	-2.224287E-5
	48.840000	-4.177949E-5
	48.860000	-2.706242E-6
	48.880000	-2.706242E-6
	48.900000	0.000167
	48.920000	-3.526728E-5
	48.940000	0.000154
	48.960000	8.195247E-5
	48.980000	0.000101
	49.000000	-0.000120
	49.020000	-0.000100
	49.040000	-0.000166
	49.060000	-0.000289
	49.080000	-0.000341
	49.100000	-0.000315
	49.120000	-0.000296
	49.140000	-0.000244
	49.160000	-0.000152
	49.180000	-0.000133
	49.200000	3.805966E-6
	49.220000	-7.434054E-5
	49.240000	3.805966E-6
	49.260000	-4.177949E-5
	49.280000	6.241584E-5
	49.300000	0.000206
	49.320000	-0.000107
	49.340000	1.031817E-5
	49.360000	-2.224287E-5
	49.380000	3.636701E-5
	49.400000	0.000336
	49.420000	0.000160
	49.440000	0.000121
	49.460000	9.497689E-5
	49.480000	0.000141
	49.500000	0.000141
	49.520000	0.000180
	49.540000	9.497689E-5
	49.560000	-0.000198
	49.580000	-7.434054E-5
	49.600000	-0.000113
	49.620000	1.683038E-5
	49.640000	8.195247E-5
	49.660000	-2.875508E-5
	49.680000	-2.706242E-6
	49.700000	-6.131612E-5
	49.720000	0.000186
	49.740000	-4.177949E-5
	49.760000	0.000147
	49.780000	0.000186
	49.800000	5.590363E-5
	49.820000	0.000141
	49.840000	0.000225
	49.860000	0.000271
	49.880000	0.000160
	49.900000	0.000212
	49.920000	0.000238
	49.940000	0.000961
	49.960000	0.000531
	49.980000	0.000212
	50.000000	0.000564
