	0.000000	9.981096
	0.020000	9.981012
	0.040000	9.981116
	0.060000	9.981103
	0.080000	9.980966
	0.100000	9.980960
	0.120000	9.980992
	0.140000	9.980999
	0.160000	9.981162
	0.180000	9.981175
	0.200000	9.981149
	0.220000	9.981201
	0.240000	9.981103
	0.260000	9.981162
	0.280000	9.981103
	0.300000	9.981025
	0.320000	9.981018
	0.340000	9.981070
	0.360000	9.981012
	0.380000	9.981057
	0.400000	9.981077
	0.420000	9.981136
	0.440000	9.981129
	0.460000	9.980999
	0.480000	9.980927
	0.500000	9.981044
	0.520000	9.981031
	0.540000	9.980882
	0.560000	9.980803
	0.580000	9.981005
	0.600000	9.980901
	0.620000	9.981005
	0.640000	9.980908
	0.660000	9.981090
	0.680000	9.980901
	0.700000	9.981083
	0.720000	9.980836
	0.740000	9.981149
	0.760000	9.981064
	0.780000	9.981103
	0.800000	9.981077
	0.820000	9.980999
	0.840000	9.981077
	0.860000	9.981070
	0.880000	9.981142
	0.900000	9.980927
	0.920000	9.981044
	0.940000	9.980914
	0.960000	9.980882
	0.980000	9.980777
	1.000000	9.980973
	1.020000	9.980771
	1.040000	9.980790
	1.060000	9.980621
	1.080000	9.980921
	1.100000	9.980901
	1.120000	9.980810
	1.140000	9.981057
	1.160000	9.980823
	1.180000	9.980895
	1.200000	9.981031
	1.220000	9.981096
	1.240000	9.981064
	1.260000	9.981103
	1.280000	9.981162
	1.300000	9.981012
	1.320000	9.981175
	1.340000	9.981201
	1.360000	9.981109
	1.380000	9.981168
	1.400000	9.981018
	1.420000	9.981031
	1.440000	9.980992
	1.460000	9.980992
	1.480000	9.980992
	1.500000	9.980973
	1.520000	9.981005
	1.540000	9.980901
	1.560000	9.980908
	1.580000	9.980888
	1.600000	9.980895
	1.620000	9.030568
	1.640000	6.318624
	1.660000	4.466194
	1.680000	4.018987
	1.700000	3.837707
	1.720000	3.709475
	1.740000	3.587944
	1.760000	3.499502
	1.780000	3.381370
	1.800000	3.312881
	1.820000	3.246079
	1.840000	3.188303
	1.860000	3.185496
	1.880000	3.161544
	1.900000	3.219308
	1.920000	3.241723
	1.940000	3.173826
	1.960000	3.180781
	1.980000	3.192731
	2.000000	3.161297
	2.020000	3.177922
	2.040000	3.201002
	2.060000	3.233784
	2.080000	3.259560
	2.100000	3.311143
	2.120000	3.297910
	2.140000	3.290987
	2.160000	3.277423
	2.180000	3.280184
	2.200000	3.208888
	2.220000	3.195382
	2.240000	3.194887
	2.260000	3.136674
	2.280000	3.019012
	2.300000	2.926701
	2.320000	2.888162
	2.340000	2.770623
	2.360000	2.667450
	2.380000	2.561685
	2.400000	2.533696
	2.420000	2.460336
	2.440000	2.365160
	2.460000	2.252505
	2.480000	2.153767
	2.500000	2.025691
	2.520000	1.837215
	2.540000	1.713118
	2.560000	1.574701
	2.580000	1.338504
	2.600000	0.938407
	2.620000	0.348928
	2.640000	0.126197
	2.660000	0.048090
	2.680000	0.040959
	2.700000	0.025961
	2.720000	0.021123
	2.740000	0.024171
	2.760000	0.021162
	2.780000	0.020836
	2.800000	0.017997
	2.820000	0.013986
	2.840000	0.019065
	2.860000	0.016141
	2.880000	0.014122
	2.900000	0.016747
	2.920000	0.010749
	2.940000	0.011218
	2.960000	0.011211
	2.980000	0.012221
	3.000000	0.012813
	3.020000	0.010638
	3.040000	0.013914
	3.060000	0.015933
	3.080000	0.017978
	3.100000	0.024867
	3.120000	0.019013
	3.140000	0.019879
	3.160000	0.020120
	3.180000	0.020374
	3.200000	0.020836
	3.220000	0.018420
	3.240000	0.015731
	3.260000	0.015828
	3.280000	0.016323
	3.300000	0.014480
	3.320000	0.011915
	3.340000	0.014493
	3.360000	0.013276
	3.380000	0.015027
	3.400000	0.011218
	3.420000	0.017932
	3.440000	0.007434
	3.460000	0.015763
	3.480000	0.016330
	3.500000	0.003826
	3.520000	0.011719
	3.540000	0.016441
	3.560000	0.011211
	3.580000	0.015750
	3.600000	0.019521
	3.620000	0.017652
	3.640000	0.020179
	3.660000	0.022380
	3.680000	0.019332
	3.700000	0.022243
	3.720000	0.021442
	3.740000	0.026241
	3.760000	0.021996
	3.780000	0.023969
	3.800000	0.025356
	3.820000	0.024991
	3.840000	0.030794
	3.860000	0.023617
	3.880000	0.030136
	3.900000	0.033437
	3.920000	0.034095
	3.940000	0.027062
	3.960000	0.030032
	3.980000	0.031269
	4.000000	0.029341
	4.020000	0.025128
	4.040000	0.023715
	4.060000	0.018355
	4.080000	0.023174
	4.100000	0.027088
	4.120000	0.019964
	4.140000	0.018863
	4.160000	0.025558
	4.180000	0.025519
	4.200000	0.027179
	4.220000	0.029986
	4.240000	0.023246
	4.260000	0.022862
	4.280000	0.023819
	4.300000	0.031178
	4.320000	0.017190
	4.340000	0.025258
	4.360000	0.023441
	4.380000	0.017483
	4.400000	0.021396
	4.420000	0.025525
	4.440000	0.023526
	4.460000	0.024978
	4.480000	0.025610
	4.500000	0.021983
	4.520000	0.023917
	4.540000	0.021924
	4.560000	0.017906
	4.580000	0.016936
	4.600000	0.014051
	4.620000	0.013074
	4.640000	0.008939
	4.660000	0.010970
	4.680000	0.010332
	4.700000	0.009238
	4.720000	0.009583
	4.740000	0.007597
	4.760000	0.005500
	4.780000	0.009414
	4.800000	0.008105
	4.820000	0.008072
	4.840000	0.010762
	4.860000	0.008971
	4.880000	0.005070
	4.900000	0.005969
	4.920000	0.010957
	4.940000	0.008255
	4.960000	0.007545
	4.980000	0.012234
	5.000000	0.005442
	5.020000	0.010918
	5.040000	0.016369
	5.060000	0.007376
	5.080000	0.016089
	5.100000	0.013484
	5.120000	0.018173
	5.140000	0.009616
	5.160000	0.014520
	5.180000	0.013608
	5.200000	0.021481
	5.220000	0.017483
	5.240000	0.014982
	5.260000	0.014988
	5.280000	0.017678
	5.300000	0.015177
	5.320000	0.014148
	5.340000	0.007923
	5.360000	0.007324
	5.380000	0.007597
	5.400000	0.011153
	5.420000	0.007070
	5.440000	0.008398
	5.460000	0.009492
	5.480000	0.007760
	5.500000	0.011022
	5.520000	0.009994
	5.540000	0.011146
	5.560000	0.018342
	5.580000	0.017404
	5.600000	0.020849
	5.620000	0.026417
	5.640000	0.027870
	5.660000	0.031705
	5.680000	0.034922
	5.700000	0.037202
	5.720000	0.035079
	5.740000	0.039214
	5.760000	0.041649
	5.780000	0.042906
	5.800000	0.042229
	5.820000	0.047641
	5.840000	0.047797
	5.860000	0.046364
	5.880000	0.043603
	5.900000	0.048578
	5.920000	0.047712
	5.940000	0.048331
	5.960000	0.045733
	5.980000	0.050337
	6.000000	0.047471
	6.020000	0.042379
	6.040000	0.044118
	6.060000	0.042489
	6.080000	0.036713
	6.100000	0.038230
	6.120000	0.035150
	6.140000	0.038263
	6.160000	0.040288
	6.180000	0.034649
	6.200000	0.038830
	6.220000	0.037768
	6.240000	0.037429
	6.260000	0.043636
	6.280000	0.044899
	6.300000	0.043733
	6.320000	0.041910
	6.340000	0.039051
	6.360000	0.035476
	6.380000	0.033275
	6.400000	0.033223
	6.420000	0.028703
	6.440000	0.032689
	6.460000	0.030728
	6.480000	0.029139
	6.500000	0.030663
	6.520000	0.030474
	6.540000	0.025297
	6.560000	0.021188
	6.580000	0.018466
	6.600000	0.019059
	6.620000	0.017899
	6.640000	0.016949
	6.660000	0.012279
	6.680000	0.011739
	6.700000	0.009362
	6.720000	0.009414
	6.740000	0.008033
	6.760000	0.010163
	6.780000	0.009245
	6.800000	0.009180
	6.820000	0.011198
	6.840000	0.015151
	6.860000	0.012931
	6.880000	0.010182
	6.900000	0.011745
	6.920000	0.012865
	6.940000	0.011517
	6.960000	0.011791
	6.980000	0.012514
	7.000000	0.012318
	7.020000	0.012507
	7.040000	0.011889
	7.060000	0.016284
	7.080000	0.015666
	7.100000	0.015334
	7.120000	0.015952
	7.140000	0.016851
	7.160000	0.020915
	7.180000	0.017268
	7.200000	0.017619
	7.220000	0.022282
	7.240000	0.016128
	7.260000	0.017821
	7.280000	0.015262
	7.300000	0.013855
	7.320000	0.017268
	7.340000	0.017711
	7.360000	0.010000
	7.380000	0.015470
	7.400000	0.013595
	7.420000	0.010795
	7.440000	0.013243
	7.460000	0.013868
	7.480000	0.006959
	7.500000	0.019475
	7.520000	0.007297
	7.540000	0.011993
	7.560000	0.014591
	7.580000	0.022282
	7.600000	0.019820
	7.620000	0.023637
	7.640000	0.031712
	7.660000	0.032096
	7.680000	0.032409
	7.700000	0.040262
	7.720000	0.038107
	7.740000	0.041011
	7.760000	0.046507
	7.780000	0.044007
	7.800000	0.046599
	7.820000	0.049959
	7.840000	0.047302
	7.860000	0.049562
	7.880000	0.053879
	7.900000	0.051600
	7.920000	0.049269
	7.940000	0.053795
	7.960000	0.046788
	7.980000	0.043623
	8.000000	0.045355
	8.020000	0.045811
	8.040000	0.044235
	8.060000	0.050135
	8.080000	0.042392
	8.100000	0.037078
	8.120000	0.048539
	8.140000	0.043486
	8.160000	0.043330
	8.180000	0.039689
	8.200000	0.043538
	8.220000	0.039318
	8.240000	0.042678
	8.260000	0.039696
	8.280000	0.044756
	8.300000	0.046703
	8.320000	0.045459
	8.340000	0.045166
	8.360000	0.040646
	8.380000	0.039142
	8.400000	0.040796
	8.420000	0.042086
	8.440000	0.035958
	8.460000	0.031816
	8.480000	0.031152
	8.500000	0.030781
	8.520000	0.026189
	8.540000	0.016480
	8.560000	0.007727
	8.580000	0.008750
	8.600000	0.013478
	8.620000	0.014793
	8.640000	0.006308
	8.660000	0.016701
	8.680000	0.018323
	8.700000	0.009538
	8.720000	0.008151
	8.740000	0.001130
	8.760000	0.009206
	8.780000	0.010983
	8.800000	0.003286
	8.820000	0.001762
	8.840000	0.002824
	8.860000	0.009648
	8.880000	0.006640
	8.900000	0.008991
	8.920000	0.008372
	8.940000	0.006913
	8.960000	0.012605
	8.980000	0.015770
	9.000000	0.009740
	9.020000	0.014044
	9.040000	0.012064
	9.060000	0.012384
	9.080000	0.014259
	9.100000	0.009766
	9.120000	0.011485
	9.140000	0.012494
	9.160000	0.015112
	9.180000	0.010977
	9.200000	0.013132
	9.220000	0.013237
	9.240000	0.013035
	9.260000	0.007532
	9.280000	0.015496
	9.300000	0.010977
	9.320000	0.011107
	9.340000	0.006457
	9.360000	0.008886
	9.380000	0.006887
	9.400000	0.008698
	9.420000	0.004764
	9.440000	0.004673
	9.460000	0.005624
	9.480000	0.006523
	9.500000	0.003625
	9.520000	0.006229
	9.540000	0.006868
	9.560000	0.006425
	9.580000	0.008470
	9.600000	0.008183
	9.620000	0.008379
	9.640000	0.009518
	9.660000	0.012878
	9.680000	0.012377
	9.700000	0.011042
	9.720000	0.010951
	9.740000	0.014734
	9.760000	0.010762
	9.780000	0.012761
	9.800000	0.009805
	9.820000	0.013315
	9.840000	0.010925
	9.860000	0.011322
	9.880000	0.010599
	9.900000	0.015900
	9.920000	0.016415
	9.940000	0.014552
	9.960000	0.008834
	9.980000	0.009140
	10.000000	0.011947
	10.020000	0.012488
	10.040000	0.008027
	10.060000	0.006555
	10.080000	0.007519
	10.100000	0.008750
	10.120000	0.003879
	10.140000	0.005129
	10.160000	0.006145
	10.180000	0.006503
	10.200000	0.006047
	10.220000	0.006184
	10.240000	0.008398
	10.260000	0.009394
	10.280000	0.010221
	10.300000	0.010287
	10.320000	0.008685
	10.340000	0.008053
	10.360000	0.013211
	10.380000	0.010404
	10.400000	0.012462
	10.420000	0.011804
	10.440000	0.011817
	10.460000	0.016844
	10.480000	0.014754
	10.500000	0.014422
	10.520000	0.016467
	10.540000	0.015985
	10.560000	0.015737
	10.580000	0.012657
	10.600000	0.014253
	10.620000	0.011224
	10.640000	0.011817
	10.660000	0.012813
	10.680000	0.013562
	10.700000	0.011446
	10.720000	0.011693
	10.740000	0.006405
	10.760000	0.006601
	10.780000	0.005637
	10.800000	0.006705
	10.820000	0.008085
	10.840000	0.007643
	10.860000	0.004243
	10.880000	0.006594
	10.900000	0.007239
	10.920000	0.011400
	10.940000	0.014318
	10.960000	0.015581
	10.980000	0.020726
	11.000000	0.023832
	11.020000	0.023441
	11.040000	0.025740
	11.060000	0.024789
	11.080000	0.031881
	11.100000	0.028293
	11.120000	0.027570
	11.140000	0.029530
	11.160000	0.031568
	11.180000	0.034844
	11.200000	0.041545
	11.220000	0.046553
	11.240000	0.054374
	11.260000	0.060561
	11.280000	0.072960
	11.300000	0.082872
	11.320000	0.099549
	11.340000	0.123755
	11.360000	0.143207
	11.380000	0.176810
	11.400000	0.229631
	11.420000	0.285760
	11.440000	0.372170
	11.460000	0.502597
	11.480000	0.661872
	11.500000	0.937247
	11.520000	1.409773
	11.540000	2.084640
	11.560000	2.853647
	11.580000	3.587820
	11.600000	4.253420
	11.620000	4.946554
	11.640000	5.489542
	11.660000	6.056371
	11.680000	6.586367
	11.700000	7.077661
	11.720000	7.571065
	11.740000	7.972054
	11.760000	8.278655
	11.780000	8.553933
	11.800000	8.721206
	11.820000	8.795360
	11.840000	8.887872
	11.860000	8.865861
	11.880000	8.976829
	11.900000	9.068580
	11.920000	9.165201
	11.940000	9.219904
	11.960000	9.412372
	11.980000	9.545032
	12.000000	9.647085
	12.020000	9.748578
	12.040000	9.737091
	12.060000	9.679444
	12.080000	9.521908
	12.100000	9.372387
	12.120000	9.146498
	12.140000	9.056747
	12.160000	8.951028
	12.180000	8.953255
	12.200000	8.855311
	12.220000	8.735005
	12.240000	8.744728
	12.260000	8.510744
	12.280000	8.081980
	12.300000	7.539839
	12.320000	7.103925
	12.340000	6.780913
	12.360000	6.712176
	12.380000	6.649711
	12.400000	6.234200
	12.420000	5.373605
	12.440000	4.637601
	12.460000	4.207535
	12.480000	3.548780
	12.500000	1.862815
	12.520000	0.624062
	12.540000	0.240337
	12.560000	0.139365
	12.580000	0.107247
	12.600000	0.096847
	12.620000	0.091318
	12.640000	0.097120
	12.660000	0.102773
	12.680000	0.104922
	12.700000	0.115342
	12.720000	0.122414
	12.740000	0.133680
	12.760000	0.141794
	12.780000	0.140511
	12.800000	0.147154
	12.820000	0.153510
	12.840000	0.156570
	12.860000	0.160471
	12.880000	0.176133
	12.900000	0.183863
	12.920000	0.189607
	12.940000	0.199870
	12.960000	0.209059
	12.980000	0.205067
	13.000000	0.215649
	13.020000	0.218840
	13.040000	0.238409
	13.060000	0.244055
	13.080000	0.247233
	13.100000	0.245820
	13.120000	0.244602
	13.140000	0.236814
	13.160000	0.238767
	13.180000	0.225261
	13.200000	0.231734
	13.220000	0.226485
	13.240000	0.235576
	13.260000	0.225925
	13.280000	0.219732
	13.300000	0.212771
	13.320000	0.213975
	13.340000	0.215734
	13.360000	0.219101
	13.380000	0.225730
	13.400000	0.215747
	13.420000	0.194445
	13.440000	0.180646
	13.460000	0.193820
	13.480000	0.182339
	13.500000	0.174231
	13.520000	0.199707
	13.540000	0.232255
	13.560000	0.274363
	13.580000	0.306078
	13.600000	0.339485
	13.620000	0.361744
	13.640000	0.399332
	13.660000	0.434863
	13.680000	0.467183
	13.700000	0.492919
	13.720000	0.504615
	13.740000	0.522810
	13.760000	0.530176
	13.780000	0.548872
	13.800000	0.535301
	13.820000	0.529466
	13.840000	0.518004
	13.860000	0.520876
	13.880000	0.542438
	13.900000	0.557625
	13.920000	0.551445
	13.940000	0.562255
	13.960000	0.579649
	13.980000	0.587034
	14.000000	0.576875
	14.020000	0.577702
	14.040000	0.569373
	14.060000	0.554440
	14.080000	0.551125
	14.100000	0.533243
	14.120000	0.540185
	14.140000	0.530339
	14.160000	0.515556
	14.180000	0.523097
	14.200000	0.528678
	14.220000	0.516656
	14.240000	0.507422
	14.260000	0.512046
	14.280000	0.472653
	14.300000	0.442092
	14.320000	0.411152
	14.340000	0.388939
	14.360000	0.411093
	14.380000	0.396376
	14.400000	0.359745
	14.420000	0.319148
	14.440000	0.281572
	14.460000	0.248529
	14.480000	0.184110
	14.500000	0.091813
	14.520000	0.069150
	14.540000	0.063602
	14.560000	0.076763
	14.580000	0.084435
	14.600000	0.080247
	14.620000	0.101594
	14.640000	0.118650
	14.660000	0.127181
	14.680000	0.138284
	14.700000	0.133895
	14.720000	0.149133
	14.740000	0.157202
	14.760000	0.180503
	14.780000	0.173990
	14.800000	0.183980
	14.820000	0.187119
	14.840000	0.190173
	14.860000	0.200638
	14.880000	0.199837
	14.900000	0.189340
	14.920000	0.209117
	14.940000	0.205744
	14.960000	0.206812
	14.980000	0.212816
	15.000000	0.221666
	15.020000	0.229455
	15.040000	0.229338
	15.060000	0.224226
	15.080000	0.232600
	15.100000	0.239340
	15.120000	0.241665
	15.140000	0.247311
	15.160000	0.252235
	15.180000	0.242844
	15.200000	0.268658
	15.220000	0.263403
	15.240000	0.275959
	15.260000	0.302060
	15.280000	0.312987
	15.300000	0.337206
	15.320000	0.368373
	15.340000	0.421467
	15.360000	0.484336
	15.380000	0.572902
	15.400000	0.661677
	15.420000	0.834563
	15.440000	1.069263
	15.460000	1.436180
	15.480000	2.051623
	15.500000	2.967181
	15.520000	4.084311
	15.540000	5.305357
	15.560000	6.470645
	15.580000	7.612014
	15.600000	8.690637
	15.620000	9.802297
	15.640000	9.980966
	15.660000	9.981064
	15.680000	9.980927
	15.700000	9.980979
	15.720000	9.980992
	15.740000	9.980973
	15.760000	9.981018
	15.780000	9.980992
	15.800000	9.981012
	15.820000	9.980999
	15.840000	9.980979
	15.860000	9.980992
	15.880000	9.981129
	15.900000	9.981057
	15.920000	9.980999
	15.940000	9.981116
	15.960000	9.981155
	15.980000	9.981044
	16.000000	9.981168
	16.020000	9.981031
	16.040000	9.981162
	16.060000	9.981116
	16.080000	9.981070
	16.100000	9.981129
	16.120000	9.980992
	16.140000	9.981077
	16.160000	9.981083
	16.180000	9.981070
	16.200000	9.980986
	16.220000	9.981005
	16.240000	9.981025
	16.260000	9.980940
	16.280000	9.980901
	16.300000	9.980986
	16.320000	9.980986
	16.340000	9.980895
	16.360000	9.981070
	16.380000	9.981070
	16.400000	9.640821
	16.420000	8.649532
	16.440000	7.963699
	16.460000	5.628050
	16.480000	3.192021
	16.500000	2.690171
	16.520000	3.209461
	16.540000	4.017646
	16.560000	4.879204
	16.580000	5.732935
	16.600000	6.594312
	16.620000	7.421238
	16.640000	8.238189
	16.660000	9.077821
	16.680000	9.723552
	16.700000	9.981025
	16.720000	9.980979
	16.740000	9.981142
	16.760000	9.981070
	16.780000	9.980992
	16.800000	9.980888
	16.820000	9.980855
	16.840000	9.980934
	16.860000	9.980979
	16.880000	9.980940
	16.900000	9.980999
	16.920000	9.980999
	16.940000	9.981012
	16.960000	9.981018
	16.980000	9.980960
	17.000000	9.981038
	17.020000	9.981122
	17.040000	9.981057
	17.060000	9.981083
	17.080000	9.981240
	17.100000	9.981005
	17.120000	9.981103
	17.140000	9.981116
	17.160000	9.981136
	17.180000	9.981116
	17.200000	9.981103
	17.220000	9.981227
	17.240000	9.981057
	17.260000	9.981103
	17.280000	9.981142
	17.300000	9.981083
	17.320000	9.980979
	17.340000	9.980908
	17.360000	9.980999
	17.380000	9.534932
	17.400000	8.749996
	17.420000	8.156558
	17.440000	7.989012
	17.460000	6.982465
	17.480000	6.152758
	17.500000	7.661044
	17.520000	9.935531
	17.540000	9.980999
	17.560000	9.981324
	17.580000	9.981214
	17.600000	9.981122
	17.620000	9.980992
	17.640000	9.981168
	17.660000	9.981149
	17.680000	9.981155
	17.700000	9.981181
	17.720000	9.981044
	17.740000	9.980882
	17.760000	9.981103
	17.780000	9.981064
	17.800000	9.981044
	17.820000	9.981044
	17.840000	9.981031
	17.860000	9.980849
	17.880000	9.980888
	17.900000	9.980960
	17.920000	9.980888
	17.940000	9.980803
	17.960000	9.980966
	17.980000	9.980992
	18.000000	9.980960
	18.020000	9.980869
	18.040000	9.981214
	18.060000	9.981090
	18.080000	9.981025
	18.100000	9.980966
	18.120000	9.981129
	18.140000	9.980901
	18.160000	9.981038
	18.180000	9.981246
	18.200000	9.981070
	18.220000	9.981109
	18.240000	9.981057
	18.260000	9.980966
	18.280000	9.981083
	18.300000	9.981057
	18.320000	9.981057
	18.340000	9.980908
	18.360000	9.981057
	18.380000	9.980947
	18.400000	9.981064
	18.420000	9.980901
	18.440000	9.980895
	18.460000	9.981025
	18.480000	5.462939
	18.500000	1.778774
	18.520000	0.628041
	18.540000	0.329411
	18.560000	0.214158
	18.580000	0.173522
	18.600000	0.146496
	18.620000	0.129453
	18.640000	0.134774
	18.660000	0.138134
	18.680000	0.144516
	18.700000	0.138929
	18.720000	0.139196
	18.740000	0.146366
	18.760000	0.147284
	18.780000	0.160836
	18.800000	0.169315
	18.820000	0.172219
	18.840000	0.170272
	18.860000	0.193039
	18.880000	0.203113
	18.900000	0.208857
	18.920000	0.220540
	18.940000	0.222982
	18.960000	0.234040
	18.980000	0.254019
	19.000000	0.257334
	19.020000	0.277365
	19.040000	0.280569
	19.060000	0.295893
	19.080000	0.328401
	19.100000	0.347456
	19.120000	0.380994
	19.140000	0.418732
	19.160000	0.473598
	19.180000	0.535027
	19.200000	0.605613
	19.220000	0.705686
	19.240000	0.809751
	19.260000	0.960698
	19.280000	1.140506
	19.300000	1.412626
	19.320000	1.779628
	19.340000	2.246371
	19.360000	2.891913
	19.380000	3.702982
	19.400000	4.945486
	19.420000	6.843117
	19.440000	9.576089
	19.460000	9.980855
	19.480000	9.980947
	19.500000	9.980979
	19.520000	9.980914
	19.540000	9.980927
	19.560000	9.980953
	19.580000	9.981136
	19.600000	9.980849
	19.620000	9.980979
	19.640000	9.981077
	19.660000	9.981103
	19.680000	9.980947
	19.700000	9.981044
	19.720000	9.981116
	19.740000	9.981090
	19.760000	9.981077
	19.780000	9.980966
	19.800000	9.981064
	19.820000	9.980862
	19.840000	9.981109
	19.860000	9.981018
	19.880000	9.980895
	19.900000	9.980836
	19.920000	9.980934
	19.940000	9.980816
	19.960000	9.980829
	19.980000	9.980979
	20.000000	9.980966
	20.020000	9.980745
	20.040000	9.980986
	20.060000	9.981005
	20.080000	9.980764
	20.100000	9.980901
	20.120000	9.980875
	20.140000	9.980947
	20.160000	9.980908
	20.180000	9.980934
	20.200000	9.980953
	20.220000	9.981103
	20.240000	9.981070
	20.260000	9.981207
	20.280000	9.980875
	20.300000	9.981149
	20.320000	9.981122
	20.340000	9.981018
	20.360000	9.981018
	20.380000	9.981077
	20.400000	9.981149
	20.420000	9.981018
	20.440000	9.939568
	20.460000	4.582710
	20.480000	1.542264
	20.500000	0.703160
	20.520000	0.367924
	20.540000	0.229312
	20.560000	0.156414
	20.580000	0.102819
	20.600000	0.080058
	20.620000	0.053078
	20.640000	0.036713
	20.660000	0.034668
	20.680000	0.024053
	20.700000	0.022582
	20.720000	0.020732
	20.740000	0.022367
	20.760000	0.023702
	20.780000	0.018961
	20.800000	0.018967
	20.820000	0.018225
	20.840000	0.015483
	20.860000	0.011850
	20.880000	0.013315
	20.900000	0.010521
	20.920000	0.013692
	20.940000	0.019384
	20.960000	0.024203
	20.980000	0.018238
	21.000000	0.025180
	21.020000	0.023148
	21.040000	0.030116
	21.060000	0.018525
	21.080000	0.024796
	21.100000	0.022386
	21.120000	0.019202
	21.140000	0.020322
	21.160000	0.019619
	21.180000	0.015373
	21.200000	0.024913
	21.220000	0.024053
	21.240000	0.028254
	21.260000	0.028853
	21.280000	0.033190
	21.300000	0.035085
	21.320000	0.038745
	21.340000	0.041363
	21.360000	0.049308
	21.380000	0.056614
	21.400000	0.078938
	21.420000	0.105130
	21.440000	0.150488
	21.460000	0.213806
	21.480000	0.310376
	21.500000	0.423636
	21.520000	0.525409
	21.540000	0.610035
	21.560000	0.717760
	21.580000	0.801520
	21.600000	0.887846
	21.620000	0.964091
	21.640000	1.069719
	21.660000	1.147787
	21.680000	1.226748
	21.700000	1.293166
	21.720000	1.356751
	21.740000	1.399914
	21.760000	1.430033
	21.780000	1.445786
	21.800000	1.488402
	21.820000	1.528693
	21.840000	1.562354
	21.860000	1.623680
	21.880000	1.663873
	21.900000	1.705011
	21.920000	1.710097
	21.940000	1.751853
	21.960000	1.747913
	21.980000	1.749027
	22.000000	1.734361
	22.020000	1.728324
	22.040000	1.697867
	22.060000	1.700602
	22.080000	1.703643
	22.100000	1.699032
	22.120000	1.694415
	22.140000	1.627346
	22.160000	1.610948
	22.180000	1.627222
	22.200000	1.593880
	22.220000	1.520845
	22.240000	1.419874
	22.260000	1.312644
	22.280000	1.281313
	22.300000	1.301716
	22.320000	1.271141
	22.340000	1.073554
	22.360000	0.933607
	22.380000	0.810891
	22.400000	0.710798
	22.420000	0.565042
	22.440000	0.267187
	22.460000	0.125214
	22.480000	0.070511
	22.500000	0.048266
	22.520000	0.046358
	22.540000	0.037377
	22.560000	0.039351
	22.580000	0.036811
	22.600000	0.037104
	22.620000	0.025681
	22.640000	0.028612
	22.660000	0.029048
	22.680000	0.037058
	22.700000	0.033490
	22.720000	0.033047
	22.740000	0.028130
	22.760000	0.029836
	22.780000	0.029973
	22.800000	0.035072
	22.820000	0.027902
	22.840000	0.021748
	22.860000	0.021032
	22.880000	0.021462
	22.900000	0.028013
	22.920000	0.020387
	22.940000	0.014077
	22.960000	0.021032
	22.980000	0.022953
	23.000000	0.023011
	23.020000	0.020628
	23.040000	0.014500
	23.060000	0.021676
	23.080000	0.019423
	23.100000	0.022868
	23.120000	0.017274
	23.140000	0.020439
	23.160000	0.017795
	23.180000	0.022341
	23.200000	0.018544
	23.220000	0.018466
	23.240000	0.014168
	23.260000	0.012748
	23.280000	0.012149
	23.300000	0.011596
	23.320000	0.007525
	23.340000	0.011504
	23.360000	0.013966
	23.380000	0.020289
	23.400000	0.015757
	23.420000	0.013022
	23.440000	0.014656
	23.460000	0.012214
	23.480000	0.008457
	23.500000	0.006822
	23.520000	0.007760
	23.540000	0.007096
	23.560000	0.012045
	23.580000	0.014585
	23.600000	0.015692
	23.620000	0.018251
	23.640000	0.023799
	23.660000	0.027329
	23.680000	0.027042
	23.700000	0.021950
	23.720000	0.018707
	23.740000	0.021572
	23.760000	0.017118
	23.780000	0.021761
	23.800000	0.022061
	23.820000	0.019775
	23.840000	0.023467
	23.860000	0.027212
	23.880000	0.025187
	23.900000	0.026880
	23.920000	0.020608
	23.940000	0.019228
	23.960000	0.023031
	23.980000	0.018362
	24.000000	0.017971
	24.020000	0.017776
	24.040000	0.019065
	24.060000	0.016870
	24.080000	0.018466
	24.100000	0.021839
	24.120000	0.020348
	24.140000	0.016747
	24.160000	0.024079
	24.180000	0.018316
	24.200000	0.017769
	24.220000	0.020100
	24.240000	0.016499
	24.260000	0.020843
	24.280000	0.019944
	24.300000	0.019860
	24.320000	0.023298
	24.340000	0.020791
	24.360000	0.018401
	24.380000	0.020322
	24.400000	0.021637
	24.420000	0.020771
	24.440000	0.014546
	24.460000	0.009674
	24.480000	0.014949
	24.500000	0.018472
	24.520000	0.020433
	24.540000	0.021891
	24.560000	0.020491
	24.580000	0.023415
	24.600000	0.030286
	24.620000	0.024438
	24.640000	0.025662
	24.660000	0.019606
	24.680000	0.023226
	24.700000	0.029302
	24.720000	0.028768
	24.740000	0.024119
	24.760000	0.028260
	24.780000	0.031067
	24.800000	0.035424
	24.820000	0.034206
	24.840000	0.038361
	24.860000	0.036550
	24.880000	0.037026
	24.900000	0.039240
	24.920000	0.037169
	24.940000	0.040725
	24.960000	0.041884
	24.980000	0.041662
	25.000000	0.043512
	25.020000	0.043720
	25.040000	0.045381
	25.060000	0.044912
	25.080000	0.044547
	25.100000	0.039676
	25.120000	0.041741
	25.140000	0.041493
	25.160000	0.041910
	25.180000	0.038217
	25.200000	0.043023
	25.220000	0.040712
	25.240000	0.039272
	25.260000	0.037736
	25.280000	0.033574
	25.300000	0.034173
	25.320000	0.030442
	25.340000	0.024320
	25.360000	0.025538
	25.380000	0.024060
	25.400000	0.023767
	25.420000	0.028508
	25.440000	0.027759
	25.460000	0.026632
	25.480000	0.024646
	25.500000	0.042997
	25.520000	0.053274
	25.540000	0.057728
	25.560000	0.066480
	25.580000	0.072954
	25.600000	0.080853
	25.620000	0.096463
	25.640000	0.107566
	25.660000	0.119881
	25.680000	0.131212
	25.700000	0.140283
	25.720000	0.143930
	25.740000	0.154571
	25.760000	0.153965
	25.780000	0.163083
	25.800000	0.165303
	25.820000	0.172226
	25.840000	0.172108
	25.860000	0.184273
	25.880000	0.185992
	25.900000	0.192908
	25.920000	0.194380
	25.940000	0.199316
	25.960000	0.196516
	25.980000	0.195272
	26.000000	0.198476
	26.020000	0.202976
	26.040000	0.202052
	26.060000	0.199583
	26.080000	0.201550
	26.100000	0.196627
	26.120000	0.198717
	26.140000	0.200098
	26.160000	0.198398
	26.180000	0.190447
	26.200000	0.179448
	26.220000	0.173541
	26.240000	0.166228
	26.260000	0.160764
	26.280000	0.152389
	26.300000	0.161917
	26.320000	0.163929
	26.340000	0.137431
	26.360000	0.120721
	26.380000	0.102343
	26.400000	0.098319
	26.420000	0.086929
	26.440000	0.062788
	26.460000	0.053345
	26.480000	0.069535
	26.500000	0.087476
	26.520000	0.114000
	26.540000	0.142745
	26.560000	0.168077
	26.580000	0.190193
	26.600000	0.205627
	26.620000	0.223946
	26.640000	0.254012
	26.660000	0.264152
	26.680000	0.293743
	26.700000	0.312857
	26.720000	0.325145
	26.740000	0.359217
	26.760000	0.356215
	26.780000	0.391869
	26.800000	0.404868
	26.820000	0.424561
	26.840000	0.445178
	26.860000	0.456112
	26.880000	0.461133
	26.900000	0.483040
	26.920000	0.505794
	26.940000	0.499308
	26.960000	0.513107
	26.980000	0.519912
	27.000000	0.520583
	27.020000	0.524484
	27.040000	0.539638
	27.060000	0.526314
	27.080000	0.519177
	27.100000	0.526034
	27.120000	0.523996
	27.140000	0.531009
	27.160000	0.545955
	27.180000	0.552799
	27.200000	0.555684
	27.220000	0.537951
	27.240000	0.515569
	27.260000	0.497387
	27.280000	0.515653
	27.300000	0.548846
	27.320000	0.573091
	27.340000	0.574485
	27.360000	0.600840
	27.380000	0.657607
	27.400000	0.766790
	27.420000	0.954778
	27.440000	1.230114
	27.460000	1.754022
	27.480000	2.441919
	27.500000	3.260836
	27.520000	4.039930
	27.540000	4.766178
	27.560000	5.446522
	27.580000	6.115124
	27.600000	6.868932
	27.620000	7.596221
	27.640000	8.275888
	27.660000	8.977480
	27.680000	9.661028
	27.700000	9.981064
	27.720000	9.981168
	27.740000	9.980940
	27.760000	9.980927
	27.780000	9.981077
	27.800000	9.981077
	27.820000	9.980869
	27.840000	9.981103
	27.860000	9.980934
	27.880000	9.980816
	27.900000	9.980986
	27.920000	9.980869
	27.940000	9.980979
	27.960000	9.980953
	27.980000	9.981103
	28.000000	9.980934
	28.020000	9.980882
	28.040000	9.980842
	28.060000	9.981005
	28.080000	9.980934
	28.100000	9.981201
	28.120000	9.980992
	28.140000	9.980855
	28.160000	9.981103
	28.180000	9.981077
	28.200000	9.980986
	28.220000	9.981116
	28.240000	9.981103
	28.260000	9.981044
	28.280000	9.981025
	28.300000	9.980908
	28.320000	9.360756
	28.340000	7.808917
	28.360000	6.467884
	28.380000	5.442139
	28.400000	4.164529
	28.420000	2.142983
	28.440000	0.914526
	28.460000	0.400895
	28.480000	0.211104
	28.500000	0.178647
	28.520000	0.189984
	28.540000	0.206825
	28.560000	0.230302
	28.580000	0.275151
	28.600000	0.297188
	28.620000	0.327275
	28.640000	0.359067
	28.660000	0.383977
	28.680000	0.436205
	28.700000	0.460091
	28.720000	0.497908
	28.740000	0.521404
	28.760000	0.547602
	28.780000	0.585621
	28.800000	0.607977
	28.820000	0.639516
	28.840000	0.679286
	28.860000	0.680959
	28.880000	0.701297
	28.900000	0.718001
	28.920000	0.761261
	28.940000	0.783748
	28.960000	0.791960
	28.980000	0.793126
	29.000000	0.810155
	29.020000	0.812311
	29.040000	0.799416
	29.060000	0.799156
	29.080000	0.786620
	29.100000	0.786835
	29.120000	0.793002
	29.140000	0.786705
	29.160000	0.775439
	29.180000	0.782882
	29.200000	0.771772
	29.220000	0.743652
	29.240000	0.684730
	29.260000	0.648548
	29.280000	0.617635
	29.300000	0.585074
	29.320000	0.562216
	29.340000	0.511238
	29.360000	0.412682
	29.380000	0.347899
	29.400000	0.292747
	29.420000	0.226785
	29.440000	0.171959
	29.460000	0.098612
	29.480000	0.058158
	29.500000	0.036466
	29.520000	0.033711
	29.540000	0.033262
	29.560000	0.041675
	29.580000	0.045889
	29.600000	0.051340
	29.620000	0.056341
	29.640000	0.062274
	29.660000	0.063407
	29.680000	0.063823
	29.700000	0.068037
	29.720000	0.067060
	29.740000	0.074692
	29.760000	0.081426
	29.780000	0.083920
	29.800000	0.086460
	29.820000	0.090966
	29.840000	0.089110
	29.860000	0.104108
	29.880000	0.101158
	29.900000	0.099081
	29.920000	0.106185
	29.940000	0.099204
	29.960000	0.101926
	29.980000	0.105261
	30.000000	0.105007
	30.020000	0.108100
	30.040000	0.101627
	30.060000	0.102096
	30.080000	0.098722
	30.100000	0.103600
	30.120000	0.098989
	30.140000	0.101835
	30.160000	0.101282
	30.180000	0.106303
	30.200000	0.106491
	30.220000	0.096704
	30.240000	0.091943
	30.260000	0.077128
	30.280000	0.088596
	30.300000	0.079824
	30.320000	0.070420
	30.340000	0.065165
	30.360000	0.058184
	30.380000	0.055540
	30.400000	0.049151
	30.420000	0.032864
	30.440000	0.026717
	30.460000	0.016200
	30.480000	0.015014
	30.500000	0.013113
	30.520000	0.019638
	30.540000	0.016682
	30.560000	0.022106
	30.580000	0.019013
	30.600000	0.015672
	30.620000	0.011374
	30.640000	0.017561
	30.660000	0.015177
	30.680000	0.018459
	30.700000	0.017756
	30.720000	0.022100
	30.740000	0.027062
	30.760000	0.028872
	30.780000	0.017711
	30.800000	0.020550
	30.820000	0.021943
	30.840000	0.022503
	30.860000	0.018720
	30.880000	0.025382
	30.900000	0.033320
	30.920000	0.034519
	30.940000	0.033405
	30.960000	0.032845
	30.980000	0.033470
	31.000000	0.031523
	31.020000	0.032910
	31.040000	0.033815
	31.060000	0.035906
	31.080000	0.038947
	31.100000	0.039806
	31.120000	0.036531
	31.140000	0.039005
	31.160000	0.033587
	31.180000	0.034238
	31.200000	0.029485
	31.220000	0.030533
	31.240000	0.037299
	31.260000	0.034258
	31.280000	0.040568
	31.300000	0.046905
	31.320000	0.037872
	31.340000	0.038165
	31.360000	0.036244
	31.380000	0.043616
	31.400000	0.052375
	31.420000	0.061505
	31.440000	0.089840
	31.460000	0.120180
	31.480000	0.173574
	31.500000	0.236664
	31.520000	0.288924
	31.540000	0.350836
	31.560000	0.385605
	31.580000	0.438158
	31.600000	0.497862
	31.620000	0.560444
	31.640000	0.616951
	31.660000	0.655939
	31.680000	0.715891
	31.700000	0.757009
	31.720000	0.795105
	31.740000	0.845171
	31.760000	0.883411
	31.780000	0.915458
	31.800000	0.960581
	31.820000	1.026510
	31.840000	1.078803
	31.860000	1.105751
	31.880000	1.161599
	31.900000	1.180713
	31.920000	1.204671
	31.940000	1.229593
	31.960000	1.231280
	31.980000	1.256919
	32.000000	1.253982
	32.020000	1.251409
	32.040000	1.253109
	32.060000	1.233937
	32.080000	1.212994
	32.100000	1.193776
	32.120000	1.222463
	32.140000	1.218666
	32.160000	1.207465
	32.180000	1.173126
	32.200000	1.098522
	32.220000	1.012242
	32.240000	0.957598
	32.260000	0.923526
	32.280000	0.916089
	32.300000	0.788860
	32.320000	0.646060
	32.340000	0.536173
	32.360000	0.426124
	32.380000	0.374313
	32.400000	0.259502
	32.420000	0.133081
	32.440000	0.067210
	32.460000	0.031269
	32.480000	0.027140
	32.500000	0.015268
	32.520000	0.015887
	32.540000	0.012872
	32.560000	0.009447
	32.580000	0.016532
	32.600000	0.014474
	32.620000	0.014376
	32.640000	0.013712
	32.660000	0.013673
	32.680000	0.010723
	32.700000	0.005845
	32.720000	0.005109
	32.740000	0.010606
	32.760000	0.012963
	32.780000	0.015073
	32.800000	0.017743
	32.820000	0.013829
	32.840000	0.014552
	32.860000	0.012651
	32.880000	0.013308
	32.900000	0.012957
	32.920000	0.012156
	32.940000	0.015998
	32.960000	0.022640
	32.980000	0.019026
	33.000000	0.017684
	33.020000	0.014598
	33.040000	0.017001
	33.060000	0.014363
	33.080000	0.019944
	33.100000	0.017912
	33.120000	0.021266
	33.140000	0.020185
	33.160000	0.021833
	33.180000	0.016669
	33.200000	0.014213
	33.220000	0.013458
	33.240000	0.011986
	33.260000	0.009577
	33.280000	0.007747
	33.300000	0.015972
	33.320000	0.019299
	33.340000	0.012996
	33.360000	0.006653
	33.380000	0.005598
	33.400000	0.009010
	33.420000	0.009427
	33.440000	0.008574
	33.460000	0.008893
	33.480000	0.009492
	33.500000	0.013582
	33.520000	0.011114
	33.540000	0.010000
	33.560000	0.011283
	33.580000	0.009831
	33.600000	0.011569
	33.620000	0.016727
	33.640000	0.018551
	33.660000	0.022074
	33.680000	0.024268
	33.700000	0.024073
	33.720000	0.018674
	33.740000	0.018700
	33.760000	0.020309
	33.780000	0.019117
	33.800000	0.018596
	33.820000	0.025095
	33.840000	0.027082
	33.860000	0.025440
	33.880000	0.019098
	33.900000	0.016629
	33.920000	0.013725
	33.940000	0.022764
	33.960000	0.025089
	33.980000	0.024639
	34.000000	0.019397
	34.020000	0.022575
	34.040000	0.023689
	34.060000	0.017613
	34.080000	0.014409
	34.100000	0.009486
	34.120000	0.013666
	34.140000	0.022875
	34.160000	0.022341
	34.180000	0.018147
	34.200000	0.019078
	34.220000	0.021755
	34.240000	0.019195
	34.260000	0.024294
	34.280000	0.022184
	34.300000	0.015158
	34.320000	0.019899
	34.340000	0.022308
	34.360000	0.023370
	34.380000	0.017613
	34.400000	0.013484
	34.420000	0.013907
	34.440000	0.015093
	34.460000	0.014396
	34.480000	0.016473
	34.500000	0.017404
	34.520000	0.019925
	34.540000	0.016135
	34.560000	0.016095
	34.580000	0.012266
	34.600000	0.008958
	34.620000	0.005826
	34.640000	0.010117
	34.660000	0.005865
	34.680000	0.013276
	34.700000	0.008613
	34.720000	0.009681
	34.740000	0.015568
	34.760000	0.014891
	34.780000	0.019397
	34.800000	0.010814
	34.820000	0.003345
	34.840000	0.006718
	34.860000	0.019260
	34.880000	0.022927
	34.900000	0.015490
	34.920000	0.012449
	34.940000	0.014253
	34.960000	0.013627
	34.980000	0.013276
	35.000000	0.018394
	35.020000	0.021299
	35.040000	0.020745
	35.060000	0.019925
	35.080000	0.021683
	35.100000	0.026515
	35.120000	0.017665
	35.140000	0.016766
	35.160000	0.021377
	35.180000	0.020276
	35.200000	0.022471
	35.220000	0.029289
	35.240000	0.025278
	35.260000	0.028084
	35.280000	0.024496
	35.300000	0.022543
	35.320000	0.032454
	35.340000	0.036134
	35.360000	0.046071
	35.380000	0.059109
	35.400000	0.073488
	35.420000	0.092438
	35.440000	0.122082
	35.460000	0.175026
	35.480000	0.256116
	35.500000	0.358729
	35.520000	0.441916
	35.540000	0.527642
	35.560000	0.594542
	35.580000	0.664412
	35.600000	0.738840
	35.620000	0.816478
	35.640000	0.898298
	35.660000	0.947693
	35.680000	1.018096
	35.700000	1.098639
	35.720000	1.169049
	35.740000	1.238450
	35.760000	1.304647
	35.780000	1.371436
	35.800000	1.455027
	35.820000	1.522096
	35.840000	1.613045
	35.860000	1.706242
	35.880000	1.775154
	35.900000	1.817268
	35.920000	1.879603
	35.940000	1.926634
	35.960000	1.936220
	35.980000	1.923886
	36.000000	1.985511
	36.020000	1.991756
	36.040000	1.997988
	36.060000	1.992030
	36.080000	1.948339
	36.100000	1.950378
	36.120000	1.930209
	36.140000	1.911825
	36.160000	1.856166
	36.180000	1.770400
	36.200000	1.626929
	36.220000	1.524466
	36.240000	1.520025
	36.260000	1.478347
	36.280000	1.289870
	36.300000	0.984168
	36.320000	0.790423
	36.340000	0.610934
	36.360000	0.528261
	36.380000	0.401084
	36.400000	0.209287
	36.420000	0.104714
	36.440000	0.056699
	36.460000	0.033275
	36.480000	0.022862
	36.500000	0.017170
	36.520000	0.010248
	36.540000	0.015855
	36.560000	0.015874
	36.580000	0.025356
	36.600000	0.023057
	36.620000	0.023122
	36.640000	0.022067
	36.660000	0.019098
	36.680000	0.014669
	36.700000	0.018746
	36.720000	0.015737
	36.740000	0.024946
	36.760000	0.019091
	36.780000	0.030344
	36.800000	0.020882
	36.820000	0.020433
	36.840000	0.024639
	36.860000	0.024991
	36.880000	0.035600
	36.900000	0.032558
	36.920000	0.033867
	36.940000	0.039670
	36.960000	0.039201
	36.980000	0.034922
	37.000000	0.032083
	37.020000	0.032148
	37.040000	0.040379
	37.060000	0.041161
	37.080000	0.044971
	37.100000	0.039285
	37.120000	0.043056
	37.140000	0.039715
	37.160000	0.038328
	37.180000	0.032995
	37.200000	0.036355
	37.220000	0.030045
	37.240000	0.032409
	37.260000	0.028964
	37.280000	0.035170
	37.300000	0.036244
	37.320000	0.031132
	37.340000	0.020973
	37.360000	0.021917
	37.380000	0.021533
	37.400000	0.022953
	37.420000	0.029048
	37.440000	0.039852
	37.460000	0.042112
	37.480000	0.053957
	37.500000	0.069190
	37.520000	0.082820
	37.540000	0.100676
	37.560000	0.115693
	37.580000	0.129278
	37.600000	0.143670
	37.620000	0.164685
	37.640000	0.179194
	37.660000	0.191202
	37.680000	0.198489
	37.700000	0.220605
	37.720000	0.237244
	37.740000	0.242173
	37.760000	0.262967
	37.780000	0.278791
	37.800000	0.284210
	37.820000	0.305596
	37.840000	0.320873
	37.860000	0.341439
	37.880000	0.351559
	37.900000	0.364798
	37.920000	0.376377
	37.940000	0.368367
	37.960000	0.377419
	37.980000	0.386790
	38.000000	0.398857
	38.020000	0.396044
	38.040000	0.404620
	38.060000	0.398421
	38.080000	0.406698
	38.100000	0.399834
	38.120000	0.407355
	38.140000	0.394950
	38.160000	0.382277
	38.180000	0.367540
	38.200000	0.352471
	38.220000	0.335871
	38.240000	0.329255
	38.260000	0.327073
	38.280000	0.278765
	38.300000	0.227697
	38.320000	0.192107
	38.340000	0.157371
	38.360000	0.137945
	38.380000	0.111994
	38.400000	0.082377
	38.420000	0.061349
	38.440000	0.054003
	38.460000	0.051112
	38.480000	0.044710
	38.500000	0.058536
	38.520000	0.054198
	38.540000	0.060444
	38.560000	0.061987
	38.580000	0.068291
	38.600000	0.086492
	38.620000	0.086701
	38.640000	0.103678
	38.660000	0.114456
	38.680000	0.119796
	38.700000	0.141234
	38.720000	0.145597
	38.740000	0.156668
	38.760000	0.172877
	38.780000	0.192133
	38.800000	0.213103
	38.820000	0.233955
	38.840000	0.248249
	38.860000	0.279345
	38.880000	0.310161
	38.900000	0.331052
	38.920000	0.365293
	38.940000	0.392573
	38.960000	0.429510
	38.980000	0.478156
	39.000000	0.513166
	39.020000	0.558100
	39.040000	0.610191
	39.060000	0.660413
	39.080000	0.745033
	39.100000	0.836914
	39.120000	0.936570
	39.140000	1.083290
	39.160000	1.248954
	39.180000	1.457384
	39.200000	1.712884
	39.220000	2.029175
	39.240000	2.390043
	39.260000	2.852657
	39.280000	3.368379
	39.300000	4.039084
	39.320000	4.943447
	39.340000	6.044121
	39.360000	7.452699
	39.380000	9.452540
	39.400000	9.980960
	39.420000	9.980882
	39.440000	9.981077
	39.460000	9.980862
	39.480000	9.980882
	39.500000	9.980934
	39.520000	9.980751
	39.540000	9.981031
	39.560000	9.980777
	39.580000	9.980882
	39.600000	9.980921
	39.620000	9.980888
	39.640000	9.980908
	39.660000	9.981025
	39.680000	9.980816
	39.700000	9.980908
	39.720000	9.980888
	39.740000	9.980842
	39.760000	9.980999
	39.780000	9.980641
	39.800000	9.980855
	39.820000	9.980680
	39.840000	9.980751
	39.860000	9.980764
	39.880000	9.980895
	39.900000	9.980621
	39.920000	9.980732
	39.940000	9.980693
	39.960000	9.980706
	39.980000	9.980849
	40.000000	9.980927
	40.020000	9.980660
	40.040000	9.980888
	40.060000	9.981005
	40.080000	9.980875
	40.100000	9.980966
	40.120000	9.980914
	40.140000	9.980667
	40.160000	9.980921
	40.180000	9.980986
	40.200000	9.980901
	40.220000	9.980823
	40.240000	9.980960
	40.260000	9.980797
	40.280000	9.980797
	40.300000	9.980901
	40.320000	9.980823
	40.340000	9.980882
	40.360000	9.980895
	40.380000	9.981044
	40.400000	9.980901
	40.420000	9.981070
	40.440000	9.942700
	40.460000	5.532190
	40.480000	2.422676
	40.500000	1.173855
	40.520000	0.724598
	40.540000	0.482441
	40.560000	0.338150
	40.580000	0.247689
	40.600000	0.199883
	40.620000	0.164528
	40.640000	0.146418
	40.660000	0.128724
	40.680000	0.114261
	40.700000	0.112750
	40.720000	0.111760
	40.740000	0.107494
	40.760000	0.097596
	40.780000	0.098566
	40.800000	0.103769
	40.820000	0.104896
	40.840000	0.116950
	40.860000	0.116624
	40.880000	0.117556
	40.900000	0.120942
	40.920000	0.123990
	40.940000	0.120538
	40.960000	0.124133
	40.980000	0.124380
	41.000000	0.132833
	41.020000	0.128659
	41.040000	0.135041
	41.060000	0.138909
	41.080000	0.145193
	41.100000	0.139906
	41.120000	0.134852
	41.140000	0.140830
	41.160000	0.135490
	41.180000	0.140251
	41.200000	0.138818
	41.220000	0.137900
	41.240000	0.139951
	41.260000	0.127109
	41.280000	0.110425
	41.300000	0.108360
	41.320000	0.105482
	41.340000	0.105827
	41.360000	0.094144
	41.380000	0.076972
	41.400000	0.064846
	41.420000	0.056556
	41.440000	0.046006
	41.460000	0.041962
	41.480000	0.031217
	41.500000	0.031321
	41.520000	0.025532
	41.540000	0.025603
	41.560000	0.019651
	41.580000	0.023806
	41.600000	0.022536
	41.620000	0.031796
	41.640000	0.035267
	41.660000	0.042079
	41.680000	0.035697
	41.700000	0.040464
	41.720000	0.036348
	41.740000	0.038120
	41.760000	0.040510
	41.780000	0.042854
	41.800000	0.045270
	41.820000	0.049028
	41.840000	0.051450
	41.860000	0.056582
	41.880000	0.052824
	41.900000	0.052811
	41.920000	0.062560
	41.940000	0.064149
	41.960000	0.071990
	41.980000	0.076581
	42.000000	0.076066
	42.020000	0.073162
	42.040000	0.078691
	42.060000	0.077857
	42.080000	0.085516
	42.100000	0.088492
	42.120000	0.087196
	42.140000	0.088889
	42.160000	0.088557
	42.180000	0.084571
	42.200000	0.082077
	42.220000	0.082403
	42.240000	0.090745
	42.260000	0.086792
	42.280000	0.083132
	42.300000	0.073136
	42.320000	0.071156
	42.340000	0.055143
	42.360000	0.051913
	42.380000	0.047094
	42.400000	0.036895
	42.420000	0.038589
	42.440000	0.028729
	42.460000	0.030624
	42.480000	0.022035
	42.500000	0.018004
	42.520000	0.021097
	42.540000	0.027309
	42.560000	0.033796
	42.580000	0.035938
	42.600000	0.034011
	42.620000	0.045817
	42.640000	0.047243
	42.660000	0.065406
	42.680000	0.075304
	42.700000	0.076998
	42.720000	0.089664
	42.740000	0.090133
	42.760000	0.099230
	42.780000	0.099146
	42.800000	0.109624
	42.820000	0.120480
	42.840000	0.140316
	42.860000	0.142035
	42.880000	0.156955
	42.900000	0.164196
	42.920000	0.158544
	42.940000	0.167889
	42.960000	0.178165
	42.980000	0.193612
	43.000000	0.194380
	43.020000	0.213559
	43.040000	0.214334
	43.060000	0.221946
	43.080000	0.221777
	43.100000	0.248894
	43.120000	0.249128
	43.140000	0.270690
	43.160000	0.281006
	43.180000	0.291764
	43.200000	0.314329
	43.220000	0.327294
	43.240000	0.362721
	43.260000	0.402354
	43.280000	0.418101
	43.300000	0.454764
	43.320000	0.516624
	43.340000	0.578347
	43.360000	0.641066
	43.380000	0.719056
	43.400000	0.834648
	43.420000	1.018155
	43.440000	1.264199
	43.460000	1.578928
	43.480000	2.013129
	43.500000	2.700962
	43.520000	3.688981
	43.540000	5.394099
	43.560000	7.961413
	43.580000	9.980699
	43.600000	9.980588
	43.620000	9.980875
	43.640000	9.980732
	43.660000	9.980849
	43.680000	9.980751
	43.700000	9.980810
	43.720000	9.980986
	43.740000	9.980790
	43.760000	9.981044
	43.780000	9.981122
	43.800000	9.981116
	43.820000	9.980738
	43.840000	9.980849
	43.860000	9.980979
	43.880000	9.980869
	43.900000	9.980992
	43.920000	9.980953
	43.940000	9.980901
	43.960000	9.980940
	43.980000	9.981031
	44.000000	9.980855
	44.020000	9.980934
	44.040000	9.980966
	44.060000	9.980888
	44.080000	9.980803
	44.100000	9.980960
	44.120000	9.980784
	44.140000	9.980999
	44.160000	9.980901
	44.180000	9.980901
	44.200000	9.981031
	44.220000	9.981064
	44.240000	9.980888
	44.260000	9.980842
	44.280000	9.981116
	44.300000	9.980973
	44.320000	9.981109
	44.340000	9.981122
	44.360000	9.980934
	44.380000	9.980849
	44.400000	9.981136
	44.420000	8.927460
	44.440000	4.795607
	44.460000	2.400951
	44.480000	1.213378
	44.500000	0.575605
	44.520000	0.287466
	44.540000	0.169009
	44.560000	0.144021
	44.580000	0.158609
	44.600000	0.190232
	44.620000	0.220813
	44.640000	0.221998
	44.660000	0.244804
	44.680000	0.272930
	44.700000	0.296505
	44.720000	0.323648
	44.740000	0.341751
	44.760000	0.361340
	44.780000	0.406073
	44.800000	0.366172
	44.820000	0.445732
	44.840000	0.428006
	44.860000	0.497237
	44.880000	0.488309
	44.900000	0.541780
	44.920000	0.553841
	44.940000	0.606147
	44.960000	0.611083
	44.980000	0.630379
	45.000000	0.664829
	45.020000	0.664731
	45.040000	0.688898
	45.060000	0.701356
	45.080000	0.732152
	45.100000	0.748979
	45.120000	0.740025
	45.140000	0.734425
	45.160000	0.736932
	45.180000	0.713833
	45.200000	0.714224
	45.220000	0.691939
	45.240000	0.660602
	45.260000	0.624459
	45.280000	0.607137
	45.300000	0.566051
	45.320000	0.471918
	45.340000	0.358169
	45.360000	0.266835
	45.380000	0.212504
	45.400000	0.179174
	45.420000	0.136415
	45.440000	0.086069
	45.460000	0.060685
	45.480000	0.039357
	45.500000	0.029009
	45.520000	0.029439
	45.540000	0.041109
	45.560000	0.036557
	45.580000	0.046384
	45.600000	0.052733
	45.620000	0.064709
	45.640000	0.079883
	45.660000	0.091722
	45.680000	0.091598
	45.700000	0.102122
	45.720000	0.098872
	45.740000	0.115784
	45.760000	0.115211
	45.780000	0.127331
	45.800000	0.141729
	45.820000	0.145506
	45.840000	0.162269
	45.860000	0.160406
	45.880000	0.170389
	45.900000	0.177605
	45.920000	0.183485
	45.940000	0.207450
	45.960000	0.207059
	45.980000	0.214145
	46.000000	0.224577
	46.020000	0.229676
	46.040000	0.244088
	46.060000	0.244817
	46.080000	0.253120
	46.100000	0.276473
	46.120000	0.270475
	46.140000	0.269993
	46.160000	0.268378
	46.180000	0.259274
	46.200000	0.261990
	46.220000	0.253804
	46.240000	0.246803
	46.260000	0.223926
	46.280000	0.211781
	46.300000	0.198815
	46.320000	0.165805
	46.340000	0.122518
	46.360000	0.103613
	46.380000	0.077108
	46.400000	0.060847
	46.420000	0.047829
	46.440000	0.035189
	46.460000	0.019208
	46.480000	0.021481
	46.500000	0.018036
	46.520000	0.012182
	46.540000	0.006366
	46.560000	0.006392
	46.580000	0.008587
	46.600000	0.011159
	46.620000	0.013582
	46.640000	0.015627
	46.660000	0.013517
	46.680000	0.013601
	46.700000	0.017548
	46.720000	0.009199
	46.740000	0.027778
	46.760000	0.022380
	46.780000	0.022868
	46.800000	0.016447
	46.820000	0.019580
	46.840000	0.011257
	46.860000	0.011947
	46.880000	0.018245
	46.900000	0.028827
	46.920000	0.017704
	46.940000	0.016903
	46.960000	0.018153
	46.980000	0.009753
	47.000000	0.018453
	47.020000	0.019111
	47.040000	0.020849
	47.060000	0.019905
	47.080000	0.017463
	47.100000	0.011035
	47.120000	0.010775
	47.140000	0.011081
	47.160000	0.014077
	47.180000	0.018557
	47.200000	0.010795
	47.220000	0.009727
	47.240000	0.009642
	47.260000	0.014878
	47.280000	0.019430
	47.300000	0.019019
	47.320000	0.017326
	47.340000	0.015809
	47.360000	0.013986
	47.380000	0.008932
	47.400000	0.010768
	47.420000	0.015705
	47.440000	0.018811
	47.460000	0.021689
	47.480000	0.024242
	47.500000	0.010475
	47.520000	0.016773
	47.540000	0.015229
	47.560000	0.014591
	47.580000	0.016818
	47.600000	0.022490
	47.620000	0.019625
	47.640000	0.015151
	47.660000	0.010697
	47.680000	0.011042
	47.700000	0.014331
	47.720000	0.012820
	47.740000	0.017958
	47.760000	0.022933
	47.780000	0.011127
	47.800000	0.009863
	47.820000	0.019247
	47.840000	0.017978
	47.860000	0.016623
	47.880000	0.020843
	47.900000	0.016349
	47.920000	0.011973
	47.940000	0.018368
	47.960000	0.015828
	47.980000	0.022445
	48.000000	0.021006
	48.020000	0.020016
	48.040000	0.022028
	48.060000	0.017163
	48.080000	0.020237
	48.100000	0.024503
	48.120000	0.026860
	48.140000	0.027922
	48.160000	0.024281
	48.180000	0.025056
	48.200000	0.024294
	48.220000	0.021058
	48.240000	0.023181
	48.260000	0.027303
	48.280000	0.026515
	48.300000	0.019736
	48.320000	0.017802
	48.340000	0.013113
	48.360000	0.012286
	48.380000	0.009232
	48.400000	0.012637
	48.420000	0.015099
	48.440000	0.014565
	48.460000	0.007311
	48.480000	0.007538
	48.500000	0.003110
	48.520000	0.004640
	48.540000	0.018101
	48.560000	0.015027
	48.580000	0.012357
	48.600000	0.004901
	48.620000	0.006672
	48.640000	0.004224
	48.660000	0.009779
	48.680000	0.019710
	48.700000	0.019228
	48.720000	0.019352
	48.740000	0.018036
	48.760000	0.017137
	48.780000	0.013139
	48.800000	0.020543
	48.820000	0.025792
	48.840000	0.021286
	48.860000	0.015711
	48.880000	0.010554
	48.900000	0.009720
	48.920000	0.017137
	48.940000	0.014630
	48.960000	0.017600
	48.980000	0.014428
	49.000000	0.010150
	49.020000	0.009225
	49.040000	0.012677
	49.060000	0.015177
	49.080000	0.017515
	49.100000	0.014630
	49.120000	0.011810
	49.140000	0.005832
	49.160000	0.008339
	49.180000	0.013113
	49.200000	0.012064
	49.220000	0.011661
	49.240000	0.014461
	49.260000	0.009056
	49.280000	0.008261
	49.300000	0.008704
	49.320000	0.014565
	49.340000	0.022438
	49.360000	0.016773
	49.380000	0.019736
	49.400000	0.015874
	49.420000	0.009831
	49.440000	0.014044
	49.460000	0.020771
	49.480000	0.021338
	49.500000	0.016493
	49.520000	0.009570
	49.540000	0.013953
	49.560000	0.008646
	49.580000	0.016310
	49.600000	0.021507
	49.620000	0.022067
	49.640000	0.014155
	49.660000	0.013836
	49.680000	0.012175
	49.700000	0.015640
	49.720000	0.014292
	49.740000	0.018622
	49.760000	0.015184
	49.780000	0.012520
	49.800000	0.008685
	49.820000	0.012123
	49.840000	0.013380
	49.860000	0.014923
	49.880000	0.018629
	49.900000	0.016642
	49.920000	0.014520
	49.940000	0.009720
	49.960000	0.015314
	49.980000	0.017372
	50.000000	0.019469
