	0.000000	0.019410
	0.020000	0.019606
	0.040000	0.019755
	0.060000	0.019716
	0.080000	0.019580
	0.100000	0.019586
	0.120000	0.019521
	0.140000	0.019632
	0.160000	0.019684
	0.180000	0.019527
	0.200000	0.019794
	0.220000	0.019671
	0.240000	0.019612
	0.260000	0.019684
	0.280000	0.019749
	0.300000	0.019762
	0.320000	0.019775
	0.340000	0.019866
	0.360000	0.019658
	0.380000	0.019606
	0.400000	0.019794
	0.420000	0.019606
	0.440000	0.019658
	0.460000	0.019566
	0.480000	0.019684
	0.500000	0.019736
	0.520000	0.019540
	0.540000	0.019573
	0.560000	0.019560
	0.580000	0.019697
	0.600000	0.019521
	0.620000	0.019593
	0.640000	0.019514
	0.660000	0.019573
	0.680000	0.019540
	0.700000	0.019573
	0.720000	0.019645
	0.740000	0.019651
	0.760000	0.019553
	0.780000	0.019755
	0.800000	0.019788
	0.820000	0.019729
	0.840000	0.025649
	0.860000	0.032005
	0.880000	0.041968
	0.900000	0.053469
	0.920000	0.075747
	0.940000	0.097303
	0.960000	0.132182
	0.980000	0.206519
	1.000000	0.320795
	1.020000	0.508484
	1.040000	0.662426
	1.060000	0.765221
	1.080000	0.748237
	1.100000	0.528580
	1.120000	0.362219
	1.140000	0.238774
	1.160000	0.164085
	1.180000	0.121307
	1.200000	0.097361
	1.220000	0.082878
	1.240000	0.073755
	1.260000	0.066038
	1.280000	0.057839
	1.300000	0.050369
	1.320000	0.044358
	1.340000	0.039787
	1.360000	0.036160
	1.380000	0.033268
	1.400000	0.030527
	1.420000	0.028052
	1.440000	0.025805
	1.460000	0.023422
	1.480000	0.021435
	1.500000	0.019540
	1.520000	0.017743
	1.540000	0.015653
	1.560000	0.014103
	1.580000	0.012820
	1.600000	0.011244
	1.620000	0.008685
	1.640000	0.005585
	1.660000	0.003546
	1.680000	0.002967
	1.700000	0.002531
	1.720000	0.002335
	1.740000	0.002211
	1.760000	0.002224
	1.780000	0.001997
	1.800000	0.002088
	1.820000	0.001840
	1.840000	0.001866
	1.860000	0.001762
	1.880000	0.001840
	1.900000	0.001997
	1.920000	0.002010
	1.940000	0.001984
	1.960000	0.001899
	1.980000	0.001814
	2.000000	0.001925
	2.020000	0.001970
	2.040000	0.001814
	2.060000	0.002133
	2.080000	0.002185
	2.100000	0.001866
	2.120000	0.001847
	2.140000	0.002088
	2.160000	0.001931
	2.180000	0.002075
	2.200000	0.001840
	2.220000	0.001866
	2.240000	0.001938
	2.260000	0.001853
	2.280000	0.001489
	2.300000	0.001469
	2.320000	0.001560
	2.340000	0.001423
	2.360000	0.001476
	2.380000	0.001241
	2.400000	0.001313
	2.420000	0.001052
	2.440000	0.001183
	2.460000	0.001026
	2.480000	0.000916
	2.500000	0.000609
	2.520000	0.000538
	2.540000	0.000199
	2.560000	0.000225
	2.580000	3.636701E-5
	2.600000	-0.000446
	2.620000	-0.001162
	2.640000	-0.001383
	2.660000	-0.001494
	2.680000	-0.001611
	2.700000	-0.001474
	2.720000	-0.001390
	2.740000	-0.001429
	2.760000	-0.001468
	2.780000	-0.001631
	2.800000	-0.001461
	2.820000	-0.001396
	2.840000	-0.001494
	2.860000	-0.001468
	2.880000	-0.001494
	2.900000	-0.001501
	2.920000	-0.001670
	2.940000	-0.001507
	2.960000	-0.001663
	2.980000	-0.001559
	3.000000	-0.001527
	3.020000	-0.001533
	3.040000	-0.001722
	3.060000	-0.001650
	3.080000	-0.001689
	3.100000	-0.001722
	3.120000	-0.001644
	3.140000	-0.001520
	3.160000	-0.001540
	3.180000	-0.001540
	3.200000	-0.001618
	3.220000	-0.001579
	3.240000	-0.001481
	3.260000	-0.001455
	3.280000	-0.001611
	3.300000	-0.001305
	3.320000	-0.001487
	3.340000	-0.001331
	3.360000	-0.001416
	3.380000	-0.001585
	3.400000	-0.001377
	3.420000	-0.001442
	3.440000	-0.001572
	3.460000	-0.001474
	3.480000	-0.001435
	3.500000	-0.001390
	3.520000	-0.001572
	3.540000	-0.001605
	3.560000	-0.001527
	3.580000	-0.001657
	3.600000	-0.001435
	3.620000	-0.001474
	3.640000	-0.001455
	3.660000	-0.001540
	3.680000	-0.001631
	3.700000	-0.001605
	3.720000	-0.001572
	3.740000	-0.001657
	3.760000	-0.001429
	3.780000	-0.001514
	3.800000	-0.001325
	3.820000	-0.001409
	3.840000	-0.001448
	3.860000	-0.001286
	3.880000	-0.001514
	3.900000	-0.001409
	3.920000	-0.001494
	3.940000	-0.001448
	3.960000	-0.001448
	3.980000	-0.001422
	4.000000	-0.001520
	4.020000	-0.001409
	4.040000	-0.001377
	4.060000	-0.001455
	4.080000	-0.001644
	4.100000	-0.001487
	4.120000	-0.001487
	4.140000	-0.001559
	4.160000	-0.001566
	4.180000	-0.001553
	4.200000	-0.001507
	4.220000	-0.001553
	4.240000	-0.001409
	4.260000	-0.001514
	4.280000	-0.001520
	4.300000	-0.001592
	4.320000	-0.001442
	4.340000	-0.001474
	4.360000	-0.001474
	4.380000	-0.001501
	4.400000	-0.001377
	4.420000	-0.001390
	4.440000	-0.001501
	4.460000	-0.001312
	4.480000	-0.001416
	4.500000	-0.001403
	4.520000	-0.001370
	4.540000	-0.001572
	4.560000	-0.001253
	4.580000	-0.001468
	4.600000	-0.001390
	4.620000	-0.001696
	4.640000	-0.001559
	4.660000	-0.001435
	4.680000	-0.001546
	4.700000	-0.001442
	4.720000	-0.001683
	4.740000	-0.001474
	4.760000	-0.001683
	4.780000	-0.001390
	4.800000	-0.001605
	4.820000	-0.001357
	4.840000	-0.001422
	4.860000	-0.001455
	4.880000	-0.001540
	4.900000	-0.001520
	4.920000	-0.001455
	4.940000	-0.001566
	4.960000	-0.001474
	4.980000	-0.001540
	5.000000	-0.001383
	5.020000	-0.001540
	5.040000	-0.001605
	5.060000	-0.001657
	5.080000	-0.001416
	5.100000	-0.001715
	5.120000	-0.001585
	5.140000	-0.001487
	5.160000	-0.001553
	5.180000	-0.001559
	5.200000	-0.001494
	5.220000	-0.001474
	5.240000	-0.001455
	5.260000	-0.001611
	5.280000	-0.001409
	5.300000	-0.001507
	5.320000	-0.001487
	5.340000	-0.001442
	5.360000	-0.001390
	5.380000	-0.001487
	5.400000	-0.001494
	5.420000	-0.001429
	5.440000	-0.001383
	5.460000	-0.001514
	5.480000	-0.001396
	5.500000	-0.001494
	5.520000	-0.001487
	5.540000	-0.001442
	5.560000	-0.001494
	5.580000	-0.001657
	5.600000	-0.001527
	5.620000	-0.001481
	5.640000	-0.001611
	5.660000	-0.001689
	5.680000	-0.001507
	5.700000	-0.001592
	5.720000	-0.001592
	5.740000	-0.001501
	5.760000	-0.001572
	5.780000	-0.001598
	5.800000	-0.001501
	5.820000	-0.001409
	5.840000	-0.001351
	5.860000	-0.001494
	5.880000	-0.001390
	5.900000	-0.001390
	5.920000	-0.001461
	5.940000	-0.001442
	5.960000	-0.001403
	5.980000	-0.001442
	6.000000	-0.001461
	6.020000	-0.001396
	6.040000	-0.001481
	6.060000	-0.001520
	6.080000	-0.001559
	6.100000	-0.001579
	6.120000	-0.001644
	6.140000	-0.001566
	6.160000	-0.001409
	6.180000	-0.001592
	6.200000	-0.001592
	6.220000	-0.001461
	6.240000	-0.001501
	6.260000	-0.001487
	6.280000	-0.001501
	6.300000	-0.001514
	6.320000	-0.001390
	6.340000	-0.001520
	6.360000	-0.001403
	6.380000	-0.001624
	6.400000	-0.001364
	6.420000	-0.001422
	6.440000	-0.001474
	6.460000	-0.001403
	6.480000	-0.001331
	6.500000	-0.001429
	6.520000	-0.001383
	6.540000	-0.001468
	6.560000	-0.001494
	6.580000	-0.001474
	6.600000	-0.001566
	6.620000	-0.001461
	6.640000	-0.001501
	6.660000	-0.001468
	6.680000	-0.001468
	6.700000	-0.001566
	6.720000	-0.001592
	6.740000	-0.001637
	6.760000	-0.001507
	6.780000	-0.001520
	6.800000	-0.001442
	6.820000	-0.001585
	6.840000	-0.001618
	6.860000	-0.001422
	6.880000	-0.001435
	6.900000	-0.001357
	6.920000	-0.001540
	6.940000	-0.001455
	6.960000	-0.001364
	6.980000	-0.001468
	7.000000	-0.001455
	7.020000	-0.001416
	7.040000	-0.001305
	7.060000	-0.001546
	7.080000	-0.001481
	7.100000	-0.001435
	7.120000	-0.001338
	7.140000	-0.001383
	7.160000	-0.001487
	7.180000	-0.001572
	7.200000	-0.001611
	7.220000	-0.001507
	7.240000	-0.001494
	7.260000	-0.001579
	7.280000	-0.001461
	7.300000	-0.001559
	7.320000	-0.001553
	7.340000	-0.001507
	7.360000	-0.001624
	7.380000	-0.001624
	7.400000	-0.001559
	7.420000	-0.001305
	7.440000	-0.001416
	7.460000	-0.001390
	7.480000	-0.001448
	7.500000	-0.001455
	7.520000	-0.001468
	7.540000	-0.001338
	7.560000	-0.001409
	7.580000	-0.001474
	7.600000	-0.001383
	7.620000	-0.001396
	7.640000	-0.001448
	7.660000	-0.001416
	7.680000	-0.001468
	7.700000	-0.001396
	7.720000	-0.001416
	7.740000	-0.001377
	7.760000	-0.001344
	7.780000	-0.001455
	7.800000	-0.001559
	7.820000	-0.001507
	7.840000	-0.001514
	7.860000	-0.001579
	7.880000	-0.001403
	7.900000	-0.001403
	7.920000	-0.001403
	7.940000	-0.001487
	7.960000	-0.001377
	7.980000	-0.001416
	8.000000	-0.001305
	8.020000	-0.001396
	8.040000	-0.001344
	8.060000	-0.001344
	8.080000	-0.001370
	8.100000	-0.001273
	8.120000	-0.001396
	8.140000	-0.001383
	8.160000	-0.001429
	8.180000	-0.001474
	8.200000	-0.001501
	8.220000	-0.001527
	8.240000	-0.001403
	8.260000	-0.001598
	8.280000	-0.001416
	8.300000	-0.001520
	8.320000	-0.001501
	8.340000	-0.001390
	8.360000	-0.001487
	8.380000	-0.001474
	8.400000	-0.001579
	8.420000	-0.001553
	8.440000	-0.001507
	8.460000	-0.001487
	8.480000	-0.001448
	8.500000	-0.001396
	8.520000	-0.001501
	8.540000	-0.001533
	8.560000	-0.001494
	8.580000	-0.001442
	8.600000	-0.001455
	8.620000	-0.001487
	8.640000	-0.001474
	8.660000	-0.001598
	8.680000	-0.001325
	8.700000	-0.001416
	8.720000	-0.001592
	8.740000	-0.001553
	8.760000	-0.001676
	8.780000	-0.001448
	8.800000	-0.001487
	8.820000	-0.001644
	8.840000	-0.001533
	8.860000	-0.001689
	8.880000	-0.001579
	8.900000	-0.001474
	8.920000	-0.001520
	8.940000	-0.001689
	8.960000	-0.001585
	8.980000	-0.001377
	9.000000	-0.001422
	9.020000	-0.001540
	9.040000	-0.001546
	9.060000	-0.001448
	9.080000	-0.001507
	9.100000	-0.001448
	9.120000	-0.001422
	9.140000	-0.001481
	9.160000	-0.001325
	9.180000	-0.001474
	9.200000	-0.001435
	9.220000	-0.001474
	9.240000	-0.001396
	9.260000	-0.001487
	9.280000	-0.001494
	9.300000	-0.001409
	9.320000	-0.001559
	9.340000	-0.001416
	9.360000	-0.001468
	9.380000	-0.001527
	9.400000	-0.001579
	9.420000	-0.001507
	9.440000	-0.001585
	9.460000	-0.001533
	9.480000	-0.001429
	9.500000	-0.001514
	9.520000	-0.001585
	9.540000	-0.001448
	9.560000	-0.001540
	9.580000	-0.001351
	9.600000	-0.001422
	9.620000	-0.001461
	9.640000	-0.001351
	9.660000	-0.001442
	9.680000	-0.001487
	9.700000	-0.001501
	9.720000	-0.001481
	9.740000	-0.001390
	9.760000	-0.001487
	9.780000	-0.001481
	9.800000	-0.001605
	9.820000	-0.001455
	9.840000	-0.001533
	9.860000	-0.001592
	9.880000	-0.001422
	9.900000	-0.001559
	9.920000	-0.001650
	9.940000	-0.001553
	9.960000	-0.001592
	9.980000	-0.001468
	10.000000	-0.001422
	10.020000	-0.001520
	10.040000	-0.001507
	10.060000	-0.001572
	10.080000	-0.001553
	10.100000	-0.001540
	10.120000	-0.001494
	10.140000	-0.001468
	10.160000	-0.001448
	10.180000	-0.001370
	10.200000	-0.001403
	10.220000	-0.001416
	10.240000	-0.001390
	10.260000	-0.001487
	10.280000	-0.001487
	10.300000	-0.001474
	10.320000	-0.001273
	10.340000	-0.001585
	10.360000	-0.001709
	10.380000	-0.001501
	10.400000	-0.001741
	10.420000	-0.001709
	10.440000	-0.001683
	10.460000	-0.001585
	10.480000	-0.001572
	10.500000	-0.001566
	10.520000	-0.001442
	10.540000	-0.001624
	10.560000	-0.001514
	10.580000	-0.001448
	10.600000	-0.001422
	10.620000	-0.001487
	10.640000	-0.001396
	10.660000	-0.001546
	10.680000	-0.001429
	10.700000	-0.001468
	10.720000	-0.001468
	10.740000	-0.001461
	10.760000	-0.001455
	10.780000	-0.001455
	10.800000	-0.001273
	10.820000	-0.001501
	10.840000	-0.001487
	10.860000	-0.001429
	10.880000	-0.001435
	10.900000	-0.001501
	10.920000	-0.001618
	10.940000	-0.001461
	10.960000	-0.001533
	10.980000	-0.001455
	11.000000	-0.001657
	11.020000	-0.001566
	11.040000	-0.001442
	11.060000	-0.001527
	11.080000	-0.001501
	11.100000	-0.001566
	11.120000	-0.001566
	11.140000	-0.001501
	11.160000	-0.001676
	11.180000	-0.001422
	11.200000	-0.001461
	11.220000	-0.001312
	11.240000	-0.001279
	11.260000	-0.001422
	11.280000	-0.001448
	11.300000	-0.001455
	11.320000	-0.001357
	11.340000	-0.001351
	11.360000	-0.001247
	11.380000	-0.001266
	11.400000	-0.001260
	11.420000	-0.001234
	11.440000	-0.001084
	11.460000	-0.001058
	11.480000	-0.000993
	11.500000	-0.000680
	11.520000	-0.000218
	11.540000	0.000342
	11.560000	0.001117
	11.580000	0.001964
	11.600000	0.002667
	11.620000	0.003279
	11.640000	0.003937
	11.660000	0.004673
	11.680000	0.005129
	11.700000	0.005669
	11.720000	0.006112
	11.740000	0.006633
	11.760000	0.007044
	11.780000	0.007278
	11.800000	0.007428
	11.820000	0.007538
	11.840000	0.007571
	11.860000	0.007551
	11.880000	0.007688
	11.900000	0.007864
	11.920000	0.007910
	11.940000	0.007949
	11.960000	0.008072
	11.980000	0.008203
	12.000000	0.008365
	12.020000	0.008300
	12.040000	0.008294
	12.060000	0.008339
	12.080000	0.008144
	12.100000	0.007897
	12.120000	0.007838
	12.140000	0.007447
	12.160000	0.007369
	12.180000	0.007382
	12.200000	0.007519
	12.220000	0.007337
	12.240000	0.007317
	12.260000	0.007232
	12.280000	0.006842
	12.300000	0.006229
	12.320000	0.005917
	12.340000	0.005585
	12.360000	0.005415
	12.380000	0.005344
	12.400000	0.004999
	12.420000	0.003918
	12.440000	0.003292
	12.460000	0.002908
	12.480000	0.002251
	12.500000	0.000264
	12.520000	-0.000953
	12.540000	-0.001110
	12.560000	-0.001338
	12.580000	-0.001435
	12.600000	-0.001474
	12.620000	-0.001468
	12.640000	-0.001455
	12.660000	-0.001527
	12.680000	-0.001487
	12.700000	-0.001422
	12.720000	-0.001383
	12.740000	-0.001409
	12.760000	-0.001351
	12.780000	-0.001390
	12.800000	-0.001286
	12.820000	-0.001305
	12.840000	-0.001260
	12.860000	-0.001338
	12.880000	-0.001194
	12.900000	-0.001266
	12.920000	-0.001110
	12.940000	-0.001207
	12.960000	-0.001201
	12.980000	-0.001266
	13.000000	-0.001188
	13.020000	-0.001273
	13.040000	-0.001370
	13.060000	-0.001409
	13.080000	-0.001214
	13.100000	-0.001260
	13.120000	-0.001305
	13.140000	-0.001181
	13.160000	-0.001266
	13.180000	-0.001253
	13.200000	-0.001357
	13.220000	-0.001201
	13.240000	-0.001312
	13.260000	-0.001331
	13.280000	-0.001234
	13.300000	-0.001325
	13.320000	-0.001279
	13.340000	-0.001266
	13.360000	-0.001312
	13.380000	-0.001273
	13.400000	-0.001299
	13.420000	-0.001234
	13.440000	-0.001207
	13.460000	-0.001260
	13.480000	-0.001286
	13.500000	-0.001220
	13.520000	-0.001181
	13.540000	-0.001220
	13.560000	-0.001286
	13.580000	-0.001149
	13.600000	-0.001012
	13.620000	-0.001181
	13.640000	-0.001162
	13.660000	-0.001071
	13.680000	-0.001175
	13.700000	-0.000993
	13.720000	-0.001058
	13.740000	-0.001149
	13.760000	-0.000980
	13.780000	-0.001038
	13.800000	-0.001006
	13.820000	-0.001149
	13.840000	-0.000908
	13.860000	-0.000895
	13.880000	-0.000914
	13.900000	-0.000849
	13.920000	-0.000908
	13.940000	-0.000869
	13.960000	-0.000765
	13.980000	-0.000862
	14.000000	-0.000940
	14.020000	-0.000973
	14.040000	-0.000947
	14.060000	-0.000888
	14.080000	-0.000843
	14.100000	-0.000934
	14.120000	-0.001123
	14.140000	-0.000934
	14.160000	-0.000947
	14.180000	-0.001084
	14.200000	-0.000940
	14.220000	-0.001110
	14.240000	-0.001084
	14.260000	-0.001116
	14.280000	-0.001025
	14.300000	-0.001136
	14.320000	-0.001038
	14.340000	-0.001071
	14.360000	-0.001012
	14.380000	-0.001051
	14.400000	-0.000967
	14.420000	-0.001136
	14.440000	-0.001188
	14.460000	-0.001260
	14.480000	-0.001149
	14.500000	-0.001357
	14.520000	-0.001318
	14.540000	-0.001396
	14.560000	-0.001507
	14.580000	-0.001299
	14.600000	-0.001422
	14.620000	-0.001370
	14.640000	-0.001422
	14.660000	-0.001338
	14.680000	-0.001286
	14.700000	-0.001325
	14.720000	-0.001370
	14.740000	-0.001240
	14.760000	-0.001403
	14.780000	-0.001409
	14.800000	-0.001429
	14.820000	-0.001247
	14.840000	-0.001260
	14.860000	-0.001370
	14.880000	-0.001377
	14.900000	-0.001403
	14.920000	-0.001364
	14.940000	-0.001292
	14.960000	-0.001162
	14.980000	-0.001312
	15.000000	-0.001305
	15.020000	-0.001188
	15.040000	-0.001188
	15.060000	-0.001253
	15.080000	-0.001110
	15.100000	-0.001240
	15.120000	-0.001129
	15.140000	-0.001175
	15.160000	-0.001181
	15.180000	-0.001168
	15.200000	-0.001188
	15.220000	-0.001253
	15.240000	-0.001279
	15.260000	-0.001077
	15.280000	-0.001227
	15.300000	-0.001116
	15.320000	-0.001155
	15.340000	-0.001201
	15.360000	-0.001025
	15.380000	-0.000934
	15.400000	-0.000810
	15.420000	-0.000680
	15.440000	-0.000406
	15.460000	-4.829170E-5
	15.480000	0.000525
	15.500000	0.001528
	15.520000	0.002563
	15.540000	0.003872
	15.560000	0.005142
	15.580000	0.006223
	15.600000	0.007454
	15.620000	0.008632
	15.640000	0.009622
	15.660000	0.010593
	15.680000	0.011641
	15.700000	0.012331
	15.720000	0.012983
	15.740000	0.013849
	15.760000	0.014051
	15.780000	0.014728
	15.800000	0.014943
	15.820000	0.015294
	15.840000	0.015581
	15.860000	0.015672
	15.880000	0.016069
	15.900000	0.016428
	15.920000	0.016818
	15.940000	0.017118
	15.960000	0.017489
	15.980000	0.017378
	16.000000	0.017417
	16.020000	0.017554
	16.040000	0.017378
	16.060000	0.017248
	16.080000	0.016818
	16.100000	0.016708
	16.120000	0.016747
	16.140000	0.016473
	16.160000	0.016486
	16.180000	0.016148
	16.200000	0.016063
	16.220000	0.015848
	16.240000	0.015307
	16.260000	0.014324
	16.280000	0.013165
	16.300000	0.012325
	16.320000	0.012084
	16.340000	0.012221
	16.360000	0.011517
	16.380000	0.009883
	16.400000	0.008626
	16.420000	0.007525
	16.440000	0.006705
	16.460000	0.004432
	16.480000	0.001892
	16.500000	0.001450
	16.520000	0.001944
	16.540000	0.003052
	16.560000	0.004100
	16.580000	0.005233
	16.600000	0.006379
	16.620000	0.007252
	16.640000	0.008261
	16.660000	0.009062
	16.680000	0.009994
	16.700000	0.010651
	16.720000	0.011602
	16.740000	0.011947
	16.760000	0.012572
	16.780000	0.013002
	16.800000	0.013360
	16.820000	0.013673
	16.840000	0.013751
	16.860000	0.013829
	16.880000	0.014318
	16.900000	0.014682
	16.920000	0.014936
	16.940000	0.015210
	16.960000	0.015327
	16.980000	0.015542
	17.000000	0.015470
	17.020000	0.015640
	17.040000	0.015464
	17.060000	0.015288
	17.080000	0.015249
	17.100000	0.014956
	17.120000	0.014826
	17.140000	0.014741
	17.160000	0.014520
	17.180000	0.014376
	17.200000	0.014396
	17.220000	0.014155
	17.240000	0.013881
	17.260000	0.013308
	17.280000	0.012077
	17.300000	0.011394
	17.320000	0.011127
	17.340000	0.011218
	17.360000	0.010899
	17.380000	0.009863
	17.400000	0.008769
	17.420000	0.007884
	17.440000	0.007929
	17.460000	0.006614
	17.480000	0.005435
	17.500000	0.006770
	17.520000	0.010202
	17.540000	0.013829
	17.560000	0.017711
	17.580000	0.021208
	17.600000	0.024796
	17.620000	0.028449
	17.640000	0.031796
	17.660000	0.035085
	17.680000	0.038133
	17.700000	0.040881
	17.720000	0.043395
	17.740000	0.045960
	17.760000	0.047927
	17.780000	0.049555
	17.800000	0.050942
	17.820000	0.051952
	17.840000	0.053111
	17.860000	0.054504
	17.880000	0.055546
	17.900000	0.056575
	17.920000	0.057826
	17.940000	0.058998
	17.960000	0.059818
	17.980000	0.060632
	18.000000	0.060756
	18.020000	0.060346
	18.040000	0.060040
	18.060000	0.059460
	18.080000	0.058946
	18.100000	0.058705
	18.120000	0.058138
	18.140000	0.057539
	18.160000	0.056614
	18.180000	0.055208
	18.200000	0.054544
	18.220000	0.054687
	18.240000	0.054101
	18.260000	0.051418
	18.280000	0.047530
	18.300000	0.043935
	18.320000	0.042392
	18.340000	0.043043
	18.360000	0.041265
	18.380000	0.036036
	18.400000	0.031301
	18.420000	0.027101
	18.440000	0.023181
	18.460000	0.015920
	18.480000	0.005370
	18.500000	0.000525
	18.520000	-0.000921
	18.540000	-0.001175
	18.560000	-0.001253
	18.580000	-0.001357
	18.600000	-0.001331
	18.620000	-0.001292
	18.640000	-0.001357
	18.660000	-0.001357
	18.680000	-0.001331
	18.700000	-0.001312
	18.720000	-0.001168
	18.740000	-0.001136
	18.760000	-0.001253
	18.780000	-0.001234
	18.800000	-0.001168
	18.820000	-0.001194
	18.840000	-0.001214
	18.860000	-0.001149
	18.880000	-0.001234
	18.900000	-0.001194
	18.920000	-0.001201
	18.940000	-0.001097
	18.960000	-0.001292
	18.980000	-0.001194
	19.000000	-0.001286
	19.020000	-0.001168
	19.040000	-0.001084
	19.060000	-0.001305
	19.080000	-0.001129
	19.100000	-0.001136
	19.120000	-0.001273
	19.140000	-0.000967
	19.160000	-0.001012
	19.180000	-0.001012
	19.200000	-0.000745
	19.220000	-0.000784
	19.240000	-0.000830
	19.260000	-0.000374
	19.280000	-0.000354
	19.300000	-0.000126
	19.320000	0.000290
	19.340000	0.000831
	19.360000	0.001371
	19.380000	0.002042
	19.400000	0.003175
	19.420000	0.004829
	19.440000	0.007245
	19.460000	0.011648
	19.480000	0.018518
	19.500000	0.026606
	19.520000	0.034030
	19.540000	0.040751
	19.560000	0.047269
	19.580000	0.053423
	19.600000	0.059955
	19.620000	0.066005
	19.640000	0.071482
	19.660000	0.077050
	19.680000	0.082090
	19.700000	0.086388
	19.720000	0.090178
	19.740000	0.093610
	19.760000	0.096319
	19.780000	0.098416
	19.800000	0.100806
	19.820000	0.103691
	19.840000	0.105840
	19.860000	0.108771
	19.880000	0.110959
	19.900000	0.113153
	19.920000	0.115081
	19.940000	0.116970
	19.960000	0.117745
	19.980000	0.117282
	20.000000	0.116683
	20.020000	0.116279
	20.040000	0.115387
	20.060000	0.114951
	20.080000	0.114241
	20.100000	0.112991
	20.120000	0.110933
	20.140000	0.108204
	20.160000	0.107390
	20.180000	0.107006
	20.200000	0.105150
	20.220000	0.100416
	20.240000	0.092666
	20.260000	0.085952
	20.280000	0.084187
	20.300000	0.085633
	20.320000	0.081869
	20.340000	0.070414
	20.360000	0.060886
	20.380000	0.052342
	20.400000	0.046560
	20.420000	0.032845
	20.440000	0.012872
	20.460000	0.003436
	20.480000	0.000303
	20.500000	-0.000647
	20.520000	-0.000999
	20.540000	-0.001175
	20.560000	-0.001351
	20.580000	-0.001461
	20.600000	-0.001416
	20.620000	-0.001429
	20.640000	-0.001338
	20.660000	-0.001422
	20.680000	-0.001455
	20.700000	-0.001657
	20.720000	-0.001566
	20.740000	-0.001520
	20.760000	-0.001422
	20.780000	-0.001514
	20.800000	-0.001468
	20.820000	-0.001383
	20.840000	-0.001442
	20.860000	-0.001487
	20.880000	-0.001325
	20.900000	-0.001383
	20.920000	-0.001240
	20.940000	-0.001468
	20.960000	-0.001474
	20.980000	-0.001409
	21.000000	-0.001520
	21.020000	-0.001559
	21.040000	-0.001474
	21.060000	-0.001448
	21.080000	-0.001527
	21.100000	-0.001331
	21.120000	-0.001572
	21.140000	-0.001370
	21.160000	-0.001461
	21.180000	-0.001533
	21.200000	-0.001435
	21.220000	-0.001559
	21.240000	-0.001357
	21.260000	-0.001501
	21.280000	-0.001344
	21.300000	-0.001416
	21.320000	-0.001338
	21.340000	-0.001455
	21.360000	-0.001364
	21.380000	-0.001286
	21.400000	-0.001416
	21.420000	-0.001240
	21.440000	-0.001155
	21.460000	-0.001220
	21.480000	-0.001058
	21.500000	-0.001051
	21.520000	-0.000927
	21.540000	-0.000804
	21.560000	-0.000713
	21.580000	-0.000706
	21.600000	-0.000634
	21.620000	-0.000478
	21.640000	-0.000504
	21.660000	-0.000322
	21.680000	-0.000205
	21.700000	-0.000185
	21.720000	-0.000166
	21.740000	-0.000133
	21.760000	-2.875508E-5
	21.780000	-0.000152
	21.800000	-2.875508E-5
	21.820000	1.031817E-5
	21.840000	5.590363E-5
	21.860000	3.636701E-5
	21.880000	0.000271
	21.900000	8.846468E-5
	21.920000	0.000349
	21.940000	0.000362
	21.960000	0.000557
	21.980000	0.000518
	22.000000	0.000349
	22.020000	0.000447
	22.040000	0.000186
	22.060000	0.000329
	22.080000	0.000316
	22.100000	0.000232
	22.120000	0.000128
	22.140000	9.497689E-5
	22.160000	0.000134
	22.180000	0.000167
	22.200000	0.000245
	22.220000	0.000160
	22.240000	-9.218451E-6
	22.260000	-0.000244
	22.280000	-0.000211
	22.300000	-0.000107
	22.320000	-0.000244
	22.340000	-0.000367
	22.360000	-0.000537
	22.380000	-0.000719
	22.400000	-0.000550
	22.420000	-0.000810
	22.440000	-0.001123
	22.460000	-0.001181
	22.480000	-0.001273
	22.500000	-0.001390
	22.520000	-0.001383
	22.540000	-0.001318
	22.560000	-0.001416
	22.580000	-0.001318
	22.600000	-0.001396
	22.620000	-0.001253
	22.640000	-0.001370
	22.660000	-0.001331
	22.680000	-0.001286
	22.700000	-0.001592
	22.720000	-0.001540
	22.740000	-0.001390
	22.760000	-0.001553
	22.780000	-0.001507
	22.800000	-0.001331
	22.820000	-0.001514
	22.840000	-0.001377
	22.860000	-0.001409
	22.880000	-0.001227
	22.900000	-0.001429
	22.920000	-0.001312
	22.940000	-0.001312
	22.960000	-0.001416
	22.980000	-0.001409
	23.000000	-0.001409
	23.020000	-0.001299
	23.040000	-0.001435
	23.060000	-0.001383
	23.080000	-0.001364
	23.100000	-0.001305
	23.120000	-0.001416
	23.140000	-0.001429
	23.160000	-0.001351
	23.180000	-0.001396
	23.200000	-0.001390
	23.220000	-0.001501
	23.240000	-0.001325
	23.260000	-0.001383
	23.280000	-0.001566
	23.300000	-0.001455
	23.320000	-0.001286
	23.340000	-0.001487
	23.360000	-0.001409
	23.380000	-0.001409
	23.400000	-0.001357
	23.420000	-0.001514
	23.440000	-0.001494
	23.460000	-0.001487
	23.480000	-0.001422
	23.500000	-0.001383
	23.520000	-0.001338
	23.540000	-0.001403
	23.560000	-0.001494
	23.580000	-0.001357
	23.600000	-0.001305
	23.620000	-0.001409
	23.640000	-0.001377
	23.660000	-0.001325
	23.680000	-0.001514
	23.700000	-0.001422
	23.720000	-0.001383
	23.740000	-0.001422
	23.760000	-0.001286
	23.780000	-0.001416
	23.800000	-0.001422
	23.820000	-0.001650
	23.840000	-0.001481
	23.860000	-0.001514
	23.880000	-0.001455
	23.900000	-0.001455
	23.920000	-0.001468
	23.940000	-0.001396
	23.960000	-0.001501
	23.980000	-0.001455
	24.000000	-0.001520
	24.020000	-0.001429
	24.040000	-0.001403
	24.060000	-0.001527
	24.080000	-0.001396
	24.100000	-0.001390
	24.120000	-0.001435
	24.140000	-0.001370
	24.160000	-0.001422
	24.180000	-0.001455
	24.200000	-0.001429
	24.220000	-0.001481
	24.240000	-0.001474
	24.260000	-0.001403
	24.280000	-0.001357
	24.300000	-0.001631
	24.320000	-0.001585
	24.340000	-0.001344
	24.360000	-0.001533
	24.380000	-0.001631
	24.400000	-0.001487
	24.420000	-0.001624
	24.440000	-0.001481
	24.460000	-0.001455
	24.480000	-0.001377
	24.500000	-0.001448
	24.520000	-0.001435
	24.540000	-0.001474
	24.560000	-0.001227
	24.580000	-0.001344
	24.600000	-0.001468
	24.620000	-0.001461
	24.640000	-0.001338
	24.660000	-0.001383
	24.680000	-0.001357
	24.700000	-0.001390
	24.720000	-0.001279
	24.740000	-0.001442
	24.760000	-0.001585
	24.780000	-0.001416
	24.800000	-0.001442
	24.820000	-0.001338
	24.840000	-0.001416
	24.860000	-0.001390
	24.880000	-0.001383
	24.900000	-0.001546
	24.920000	-0.001377
	24.940000	-0.001448
	24.960000	-0.001657
	24.980000	-0.001455
	25.000000	-0.001403
	25.020000	-0.001422
	25.040000	-0.001474
	25.060000	-0.001396
	25.080000	-0.001357
	25.100000	-0.001533
	25.120000	-0.001331
	25.140000	-0.001383
	25.160000	-0.001409
	25.180000	-0.001266
	25.200000	-0.001286
	25.220000	-0.001312
	25.240000	-0.001390
	25.260000	-0.001357
	25.280000	-0.001501
	25.300000	-0.001422
	25.320000	-0.001422
	25.340000	-0.001416
	25.360000	-0.001260
	25.380000	-0.001527
	25.400000	-0.001442
	25.420000	-0.001474
	25.440000	-0.001481
	25.460000	-0.001422
	25.480000	-0.001553
	25.500000	-0.001455
	25.520000	-0.001455
	25.540000	-0.001442
	25.560000	-0.001383
	25.580000	-0.001344
	25.600000	-0.001312
	25.620000	-0.001351
	25.640000	-0.001344
	25.660000	-0.001331
	25.680000	-0.001266
	25.700000	-0.001286
	25.720000	-0.001155
	25.740000	-0.001455
	25.760000	-0.001136
	25.780000	-0.001292
	25.800000	-0.001227
	25.820000	-0.001299
	25.840000	-0.001292
	25.860000	-0.001383
	25.880000	-0.001357
	25.900000	-0.001357
	25.920000	-0.001422
	25.940000	-0.001312
	25.960000	-0.001220
	25.980000	-0.001201
	26.000000	-0.001240
	26.020000	-0.001351
	26.040000	-0.001344
	26.060000	-0.001429
	26.080000	-0.001357
	26.100000	-0.001260
	26.120000	-0.001123
	26.140000	-0.001155
	26.160000	-0.001266
	26.180000	-0.001227
	26.200000	-0.001149
	26.220000	-0.001084
	26.240000	-0.001383
	26.260000	-0.001201
	26.280000	-0.001194
	26.300000	-0.001370
	26.320000	-0.001331
	26.340000	-0.001357
	26.360000	-0.001299
	26.380000	-0.001377
	26.400000	-0.001299
	26.420000	-0.001514
	26.440000	-0.001546
	26.460000	-0.001455
	26.480000	-0.001422
	26.500000	-0.001422
	26.520000	-0.001501
	26.540000	-0.001461
	26.560000	-0.001377
	26.580000	-0.001273
	26.600000	-0.001162
	26.620000	-0.001123
	26.640000	-0.001220
	26.660000	-0.001201
	26.680000	-0.001240
	26.700000	-0.001214
	26.720000	-0.001025
	26.740000	-0.001038
	26.760000	-0.001110
	26.780000	-0.000934
	26.800000	-0.001058
	26.820000	-0.000940
	26.840000	-0.000973
	26.860000	-0.000980
	26.880000	-0.000947
	26.900000	-0.000921
	26.920000	-0.000947
	26.940000	-0.001110
	26.960000	-0.000953
	26.980000	-0.001051
	27.000000	-0.000927
	27.020000	-0.001136
	27.040000	-0.000875
	27.060000	-0.001051
	27.080000	-0.001045
	27.100000	-0.001025
	27.120000	-0.000856
	27.140000	-0.000967
	27.160000	-0.001038
	27.180000	-0.000927
	27.200000	-0.000719
	27.220000	-0.000778
	27.240000	-0.000875
	27.260000	-0.000856
	27.280000	-0.001051
	27.300000	-0.000908
	27.320000	-0.000849
	27.340000	-0.000914
	27.360000	-0.000739
	27.380000	-0.000901
	27.400000	-0.000778
	27.420000	-0.000628
	27.440000	-0.000465
	27.460000	7.544026E-5
	27.480000	0.000681
	27.500000	0.001560
	27.520000	0.002335
	27.540000	0.003195
	27.560000	0.003859
	27.580000	0.004465
	27.600000	0.005266
	27.620000	0.006080
	27.640000	0.006757
	27.660000	0.007408
	27.680000	0.008248
	27.700000	0.008672
	27.720000	0.009466
	27.740000	0.010000
	27.760000	0.010501
	27.780000	0.011088
	27.800000	0.011706
	27.820000	0.012221
	27.840000	0.012540
	27.860000	0.013198
	27.880000	0.013855
	27.900000	0.014148
	27.920000	0.014448
	27.940000	0.014787
	27.960000	0.014721
	27.980000	0.014800
	28.000000	0.014767
	28.020000	0.014637
	28.040000	0.014721
	28.060000	0.014611
	28.080000	0.014702
	28.100000	0.014467
	28.120000	0.014415
	28.140000	0.014506
	28.160000	0.014122
	28.180000	0.013823
	28.200000	0.013119
	28.220000	0.012195
	28.240000	0.011289
	28.260000	0.010788
	28.280000	0.010795
	28.300000	0.010391
	28.320000	0.008339
	28.340000	0.006510
	28.360000	0.005259
	28.380000	0.004178
	28.400000	0.002941
	28.420000	0.000896
	28.440000	-0.000406
	28.460000	-0.000940
	28.480000	-0.001234
	28.500000	-0.001181
	28.520000	-0.001273
	28.540000	-0.001266
	28.560000	-0.001247
	28.580000	-0.001194
	28.600000	-0.001247
	28.620000	-0.001142
	28.640000	-0.000993
	28.660000	-0.001142
	28.680000	-0.000888
	28.700000	-0.001006
	28.720000	-0.000830
	28.740000	-0.000934
	28.760000	-0.000791
	28.780000	-0.000791
	28.800000	-0.001025
	28.820000	-0.000732
	28.840000	-0.000673
	28.860000	-0.000700
	28.880000	-0.000693
	28.900000	-0.000700
	28.920000	-0.000621
	28.940000	-0.000745
	28.960000	-0.000589
	28.980000	-0.000713
	29.000000	-0.000745
	29.020000	-0.000673
	29.040000	-0.000641
	29.060000	-0.000836
	29.080000	-0.000647
	29.100000	-0.000654
	29.120000	-0.000726
	29.140000	-0.000686
	29.160000	-0.000882
	29.180000	-0.000615
	29.200000	-0.000537
	29.220000	-0.000739
	29.240000	-0.000673
	29.260000	-0.000758
	29.280000	-0.000823
	29.300000	-0.000752
	29.320000	-0.000778
	29.340000	-0.000875
	29.360000	-0.000875
	29.380000	-0.001058
	29.400000	-0.001149
	29.420000	-0.001188
	29.440000	-0.001247
	29.460000	-0.001312
	29.480000	-0.001292
	29.500000	-0.001390
	29.520000	-0.001422
	29.540000	-0.001299
	29.560000	-0.001396
	29.580000	-0.001292
	29.600000	-0.001481
	29.620000	-0.001507
	29.640000	-0.001331
	29.660000	-0.001514
	29.680000	-0.001540
	29.700000	-0.001390
	29.720000	-0.001514
	29.740000	-0.001514
	29.760000	-0.001299
	29.780000	-0.001240
	29.800000	-0.001234
	29.820000	-0.001357
	29.840000	-0.001331
	29.860000	-0.001396
	29.880000	-0.001234
	29.900000	-0.001344
	29.920000	-0.001181
	29.940000	-0.001266
	29.960000	-0.001416
	29.980000	-0.001299
	30.000000	-0.001344
	30.020000	-0.001149
	30.040000	-0.001422
	30.060000	-0.001305
	30.080000	-0.001344
	30.100000	-0.001338
	30.120000	-0.001422
	30.140000	-0.001403
	30.160000	-0.001240
	30.180000	-0.001422
	30.200000	-0.001344
	30.220000	-0.001494
	30.240000	-0.001396
	30.260000	-0.001351
	30.280000	-0.001292
	30.300000	-0.001357
	30.320000	-0.001351
	30.340000	-0.001370
	30.360000	-0.001305
	30.380000	-0.001299
	30.400000	-0.001227
	30.420000	-0.001351
	30.440000	-0.001461
	30.460000	-0.001331
	30.480000	-0.001422
	30.500000	-0.001540
	30.520000	-0.001422
	30.540000	-0.001357
	30.560000	-0.001553
	30.580000	-0.001344
	30.600000	-0.001370
	30.620000	-0.001455
	30.640000	-0.001429
	30.660000	-0.001605
	30.680000	-0.001540
	30.700000	-0.001377
	30.720000	-0.001305
	30.740000	-0.001422
	30.760000	-0.001494
	30.780000	-0.001416
	30.800000	-0.001390
	30.820000	-0.001357
	30.840000	-0.001260
	30.860000	-0.001448
	30.880000	-0.001325
	30.900000	-0.001240
	30.920000	-0.001318
	30.940000	-0.001318
	30.960000	-0.001357
	30.980000	-0.001422
	31.000000	-0.001266
	31.020000	-0.001370
	31.040000	-0.001501
	31.060000	-0.001442
	31.080000	-0.001312
	31.100000	-0.001318
	31.120000	-0.001507
	31.140000	-0.001461
	31.160000	-0.001501
	31.180000	-0.001546
	31.200000	-0.001494
	31.220000	-0.001481
	31.240000	-0.001435
	31.260000	-0.001448
	31.280000	-0.001435
	31.300000	-0.001247
	31.320000	-0.001266
	31.340000	-0.001181
	31.360000	-0.001286
	31.380000	-0.001364
	31.400000	-0.001448
	31.420000	-0.001279
	31.440000	-0.001253
	31.460000	-0.001331
	31.480000	-0.001181
	31.500000	-0.001162
	31.520000	-0.001136
	31.540000	-0.001110
	31.560000	-0.001142
	31.580000	-0.000921
	31.600000	-0.000934
	31.620000	-0.000914
	31.640000	-0.000843
	31.660000	-0.000862
	31.680000	-0.000921
	31.700000	-0.000595
	31.720000	-0.000771
	31.740000	-0.000667
	31.760000	-0.000569
	31.780000	-0.000400
	31.800000	-0.000452
	31.820000	-0.000361
	31.840000	-0.000556
	31.860000	-0.000309
	31.880000	-0.000328
	31.900000	-2.875508E-5
	31.920000	-0.000315
	31.940000	-0.000211
	31.960000	-0.000237
	31.980000	-0.000166
	32.000000	-1.573066E-5
	32.020000	-0.000100
	32.040000	-0.000166
	32.060000	-0.000211
	32.080000	-0.000218
	32.100000	-0.000133
	32.120000	-0.000166
	32.140000	-0.000309
	32.160000	-0.000309
	32.180000	-0.000237
	32.200000	-0.000439
	32.220000	-0.000413
	32.240000	-0.000524
	32.260000	-0.000628
	32.280000	-0.000576
	32.300000	-0.000602
	32.320000	-0.000875
	32.340000	-0.000862
	32.360000	-0.001084
	32.380000	-0.000947
	32.400000	-0.001136
	32.420000	-0.001220
	32.440000	-0.001214
	32.460000	-0.001468
	32.480000	-0.001344
	32.500000	-0.001227
	32.520000	-0.001546
	32.540000	-0.001370
	32.560000	-0.001312
	32.580000	-0.001468
	32.600000	-0.001416
	32.620000	-0.001468
	32.640000	-0.001435
	32.660000	-0.001572
	32.680000	-0.001435
	32.700000	-0.001390
	32.720000	-0.001657
	32.740000	-0.001377
	32.760000	-0.001357
	32.780000	-0.001448
	32.800000	-0.001318
	32.820000	-0.001390
	32.840000	-0.001487
	32.860000	-0.001618
	32.880000	-0.001364
	32.900000	-0.001468
	32.920000	-0.001390
	32.940000	-0.001247
	32.960000	-0.001357
	32.980000	-0.001429
	33.000000	-0.001455
	33.020000	-0.001377
	33.040000	-0.001364
	33.060000	-0.001403
	33.080000	-0.001461
	33.100000	-0.001546
	33.120000	-0.001540
	33.140000	-0.001396
	33.160000	-0.001325
	33.180000	-0.001501
	33.200000	-0.001318
	33.220000	-0.001579
	33.240000	-0.001396
	33.260000	-0.001409
	33.280000	-0.001474
	33.300000	-0.001364
	33.320000	-0.001422
	33.340000	-0.001429
	33.360000	-0.001396
	33.380000	-0.001351
	33.400000	-0.001312
	33.420000	-0.001448
	33.440000	-0.001533
	33.460000	-0.001357
	33.480000	-0.001429
	33.500000	-0.001409
	33.520000	-0.001507
	33.540000	-0.001227
	33.560000	-0.001455
	33.580000	-0.001344
	33.600000	-0.001370
	33.620000	-0.001220
	33.640000	-0.001312
	33.660000	-0.001357
	33.680000	-0.001312
	33.700000	-0.001448
	33.720000	-0.001592
	33.740000	-0.001370
	33.760000	-0.001338
	33.780000	-0.001429
	33.800000	-0.001344
	33.820000	-0.001338
	33.840000	-0.001540
	33.860000	-0.001474
	33.880000	-0.001448
	33.900000	-0.001507
	33.920000	-0.001162
	33.940000	-0.001396
	33.960000	-0.001461
	33.980000	-0.001331
	34.000000	-0.001194
	34.020000	-0.001409
	34.040000	-0.001455
	34.060000	-0.001325
	34.080000	-0.001409
	34.100000	-0.001383
	34.120000	-0.001260
	34.140000	-0.001461
	34.160000	-0.001527
	34.180000	-0.001357
	34.200000	-0.001344
	34.220000	-0.001481
	34.240000	-0.001422
	34.260000	-0.001409
	34.280000	-0.001448
	34.300000	-0.001566
	34.320000	-0.001396
	34.340000	-0.001390
	34.360000	-0.001299
	34.380000	-0.001292
	34.400000	-0.001403
	34.420000	-0.001585
	34.440000	-0.001455
	34.460000	-0.001383
	34.480000	-0.001312
	34.500000	-0.001403
	34.520000	-0.001325
	34.540000	-0.001468
	34.560000	-0.001429
	34.580000	-0.001240
	34.600000	-0.001286
	34.620000	-0.001383
	34.640000	-0.001364
	34.660000	-0.001435
	34.680000	-0.001429
	34.700000	-0.001357
	34.720000	-0.001422
	34.740000	-0.001266
	34.760000	-0.001338
	34.780000	-0.001546
	34.800000	-0.001390
	34.820000	-0.001520
	34.840000	-0.001383
	34.860000	-0.001487
	34.880000	-0.001494
	34.900000	-0.001325
	34.920000	-0.001735
	34.940000	-0.001461
	34.960000	-0.001364
	34.980000	-0.001390
	35.000000	-0.001403
	35.020000	-0.001383
	35.040000	-0.001377
	35.060000	-0.001377
	35.080000	-0.001416
	35.100000	-0.001168
	35.120000	-0.001305
	35.140000	-0.001435
	35.160000	-0.001357
	35.180000	-0.001299
	35.200000	-0.001286
	35.220000	-0.001207
	35.240000	-0.001390
	35.260000	-0.001422
	35.280000	-0.001331
	35.300000	-0.001455
	35.320000	-0.001409
	35.340000	-0.001299
	35.360000	-0.001442
	35.380000	-0.001533
	35.400000	-0.001533
	35.420000	-0.001338
	35.440000	-0.001422
	35.460000	-0.001181
	35.480000	-0.001181
	35.500000	-0.001136
	35.520000	-0.001116
	35.540000	-0.000960
	35.560000	-0.000765
	35.580000	-0.000758
	35.600000	-0.000784
	35.620000	-0.000511
	35.640000	-0.000452
	35.660000	-0.000517
	35.680000	-0.000250
	35.700000	-0.000341
	35.720000	-0.000133
	35.740000	-0.000250
	35.760000	-5.480391E-5
	35.780000	-5.480391E-5
	35.800000	-4.829170E-5
	35.820000	0.000160
	35.840000	0.000154
	35.860000	0.000388
	35.880000	0.000310
	35.900000	0.000421
	35.920000	0.000382
	35.940000	0.000382
	35.960000	0.000499
	35.980000	0.000512
	36.000000	0.000531
	36.020000	0.000616
	36.040000	0.000570
	36.060000	0.000675
	36.080000	0.000564
	36.100000	0.000603
	36.120000	0.000583
	36.140000	0.000525
	36.160000	0.000453
	36.180000	0.000199
	36.200000	0.000245
	36.220000	0.000186
	36.240000	1.031817E-5
	36.260000	9.497689E-5
	36.280000	-4.829170E-5
	36.300000	-0.000302
	36.320000	-0.000758
	36.340000	-0.000634
	36.360000	-0.000914
	36.380000	-0.001051
	36.400000	-0.001175
	36.420000	-0.001383
	36.440000	-0.001318
	36.460000	-0.001377
	36.480000	-0.001253
	36.500000	-0.001435
	36.520000	-0.001383
	36.540000	-0.001468
	36.560000	-0.001364
	36.580000	-0.001240
	36.600000	-0.001318
	36.620000	-0.001279
	36.640000	-0.001247
	36.660000	-0.001429
	36.680000	-0.001403
	36.700000	-0.001214
	36.720000	-0.001136
	36.740000	-0.001364
	36.760000	-0.001266
	36.780000	-0.001383
	36.800000	-0.001344
	36.820000	-0.001331
	36.840000	-0.001325
	36.860000	-0.001325
	36.880000	-0.001351
	36.900000	-0.001422
	36.920000	-0.001357
	36.940000	-0.001442
	36.960000	-0.001533
	36.980000	-0.001422
	37.000000	-0.001370
	37.020000	-0.001357
	37.040000	-0.001253
	37.060000	-0.001325
	37.080000	-0.001227
	37.100000	-0.001292
	37.120000	-0.001292
	37.140000	-0.001142
	37.160000	-0.001260
	37.180000	-0.001266
	37.200000	-0.001318
	37.220000	-0.001370
	37.240000	-0.001312
	37.260000	-0.001318
	37.280000	-0.001253
	37.300000	-0.001214
	37.320000	-0.001312
	37.340000	-0.001305
	37.360000	-0.001351
	37.380000	-0.001501
	37.400000	-0.001390
	37.420000	-0.001383
	37.440000	-0.001370
	37.460000	-0.001390
	37.480000	-0.001383
	37.500000	-0.001292
	37.520000	-0.001383
	37.540000	-0.001273
	37.560000	-0.001312
	37.580000	-0.001123
	37.600000	-0.001325
	37.620000	-0.001260
	37.640000	-0.001194
	37.660000	-0.001058
	37.680000	-0.001175
	37.700000	-0.001149
	37.720000	-0.000980
	37.740000	-0.001084
	37.760000	-0.001025
	37.780000	-0.000986
	37.800000	-0.000947
	37.820000	-0.001214
	37.840000	-0.001090
	37.860000	-0.001090
	37.880000	-0.001110
	37.900000	-0.000947
	37.920000	-0.001077
	37.940000	-0.001116
	37.960000	-0.001012
	37.980000	-0.001097
	38.000000	-0.000960
	38.020000	-0.000895
	38.040000	-0.001032
	38.060000	-0.001025
	38.080000	-0.000908
	38.100000	-0.000836
	38.120000	-0.000843
	38.140000	-0.000953
	38.160000	-0.000791
	38.180000	-0.000960
	38.200000	-0.000934
	38.220000	-0.000980
	38.240000	-0.001097
	38.260000	-0.001175
	38.280000	-0.001116
	38.300000	-0.001110
	38.320000	-0.001396
	38.340000	-0.001227
	38.360000	-0.001155
	38.380000	-0.001409
	38.400000	-0.001318
	38.420000	-0.001292
	38.440000	-0.001260
	38.460000	-0.001540
	38.480000	-0.001377
	38.500000	-0.001435
	38.520000	-0.001312
	38.540000	-0.001299
	38.560000	-0.001494
	38.580000	-0.001403
	38.600000	-0.001240
	38.620000	-0.001383
	38.640000	-0.001162
	38.660000	-0.001123
	38.680000	-0.001155
	38.700000	-0.001364
	38.720000	-0.001181
	38.740000	-0.001247
	38.760000	-0.001123
	38.780000	-0.000947
	38.800000	-0.001032
	38.820000	-0.001136
	38.840000	-0.001116
	38.860000	-0.001168
	38.880000	-0.001214
	38.900000	-0.001051
	38.920000	-0.000908
	38.940000	-0.000960
	38.960000	-0.001103
	38.980000	-0.000830
	39.000000	-0.000973
	39.020000	-0.000973
	39.040000	-0.000849
	39.060000	-0.000700
	39.080000	-0.000836
	39.100000	-0.000524
	39.120000	-0.000524
	39.140000	-0.000341
	39.160000	-0.000146
	39.180000	8.195247E-5
	39.200000	0.000342
	39.220000	0.000779
	39.240000	0.001020
	39.260000	0.001515
	39.280000	0.001814
	39.300000	0.002557
	39.320000	0.003364
	39.340000	0.004230
	39.360000	0.005422
	39.380000	0.007350
	39.400000	0.009479
	39.420000	0.012462
	39.440000	0.016669
	39.460000	0.023252
	39.480000	0.033763
	39.500000	0.050923
	39.520000	0.075376
	39.540000	0.100904
	39.560000	0.122004
	39.580000	0.139521
	39.600000	0.157078
	39.620000	0.175137
	39.640000	0.194256
	39.660000	0.212132
	39.680000	0.227234
	39.700000	0.242701
	39.720000	0.260075
	39.740000	0.276571
	39.760000	0.292083
	39.780000	0.309477
	39.800000	0.329528
	39.820000	0.349097
	39.840000	0.370223
	39.860000	0.392084
	39.880000	0.413477
	39.900000	0.432128
	39.920000	0.447366
	39.940000	0.459590
	39.960000	0.470413
	39.980000	0.479849
	40.000000	0.489878
	40.020000	0.499327
	40.040000	0.505267
	40.060000	0.506367
	40.080000	0.501789
	40.100000	0.499790
	40.120000	0.500291
	40.140000	0.496156
	40.160000	0.486961
	40.180000	0.470224
	40.200000	0.443648
	40.220000	0.413523
	40.240000	0.396135
	40.260000	0.391622
	40.280000	0.344832
	40.300000	0.269101
	40.320000	0.207281
	40.340000	0.159905
	40.360000	0.127317
	40.380000	0.102512
	40.400000	0.060587
	40.420000	0.028977
	40.440000	0.012722
	40.460000	0.005194
	40.480000	0.001534
	40.500000	-4.177949E-5
	40.520000	-0.000537
	40.540000	-0.000784
	40.560000	-0.001045
	40.580000	-0.001077
	40.600000	-0.001142
	40.620000	-0.001142
	40.640000	-0.001181
	40.660000	-0.001227
	40.680000	-0.001273
	40.700000	-0.001247
	40.720000	-0.001227
	40.740000	-0.001201
	40.760000	-0.001149
	40.780000	-0.001064
	40.800000	-0.001181
	40.820000	-0.001214
	40.840000	-0.001194
	40.860000	-0.001097
	40.880000	-0.001188
	40.900000	-0.001240
	40.920000	-0.001194
	40.940000	-0.001071
	40.960000	-0.001201
	40.980000	-0.001312
	41.000000	-0.001214
	41.020000	-0.001305
	41.040000	-0.001383
	41.060000	-0.001220
	41.080000	-0.001292
	41.100000	-0.001129
	41.120000	-0.001110
	41.140000	-0.001325
	41.160000	-0.001051
	41.180000	-0.001162
	41.200000	-0.001116
	41.220000	-0.001149
	41.240000	-0.001260
	41.260000	-0.001331
	41.280000	-0.001194
	41.300000	-0.001019
	41.320000	-0.001110
	41.340000	-0.001155
	41.360000	-0.001253
	41.380000	-0.001149
	41.400000	-0.001312
	41.420000	-0.001181
	41.440000	-0.001240
	41.460000	-0.001279
	41.480000	-0.001292
	41.500000	-0.001292
	41.520000	-0.001351
	41.540000	-0.001305
	41.560000	-0.001468
	41.580000	-0.001305
	41.600000	-0.001370
	41.620000	-0.001318
	41.640000	-0.001429
	41.660000	-0.001344
	41.680000	-0.001318
	41.700000	-0.001364
	41.720000	-0.001207
	41.740000	-0.001292
	41.760000	-0.001351
	41.780000	-0.001338
	41.800000	-0.001377
	41.820000	-0.001168
	41.840000	-0.001220
	41.860000	-0.001299
	41.880000	-0.001240
	41.900000	-0.001201
	41.920000	-0.001201
	41.940000	-0.001292
	41.960000	-0.001253
	41.980000	-0.001338
	42.000000	-0.001247
	42.020000	-0.001448
	42.040000	-0.001422
	42.060000	-0.001299
	42.080000	-0.001344
	42.100000	-0.001338
	42.120000	-0.001247
	42.140000	-0.001416
	42.160000	-0.001474
	42.180000	-0.001168
	42.200000	-0.001201
	42.220000	-0.001273
	42.240000	-0.001357
	42.260000	-0.001234
	42.280000	-0.001260
	42.300000	-0.001234
	42.320000	-0.001071
	42.340000	-0.001201
	42.360000	-0.001292
	42.380000	-0.001240
	42.400000	-0.001325
	42.420000	-0.001344
	42.440000	-0.001162
	42.460000	-0.001435
	42.480000	-0.001351
	42.500000	-0.001344
	42.520000	-0.001299
	42.540000	-0.001325
	42.560000	-0.001312
	42.580000	-0.001247
	42.600000	-0.001416
	42.620000	-0.001338
	42.640000	-0.001514
	42.660000	-0.001409
	42.680000	-0.001188
	42.700000	-0.001312
	42.720000	-0.001266
	42.740000	-0.001299
	42.760000	-0.001136
	42.780000	-0.001227
	42.800000	-0.001240
	42.820000	-0.001142
	42.840000	-0.001234
	42.860000	-0.001253
	42.880000	-0.001181
	42.900000	-0.001084
	42.920000	-0.001220
	42.940000	-0.001051
	42.960000	-0.001220
	42.980000	-0.001090
	43.000000	-0.001136
	43.020000	-0.001038
	43.040000	-0.001110
	43.060000	-0.001045
	43.080000	-0.001279
	43.100000	-0.001155
	43.120000	-0.001149
	43.140000	-0.001084
	43.160000	-0.001123
	43.180000	-0.001038
	43.200000	-0.000940
	43.220000	-0.001084
	43.240000	-0.000980
	43.260000	-0.000869
	43.280000	-0.000901
	43.300000	-0.000843
	43.320000	-0.000823
	43.340000	-0.000765
	43.360000	-0.000647
	43.380000	-0.000537
	43.400000	-0.000563
	43.420000	-0.000315
	43.440000	-9.387716E-5
	43.460000	0.000160
	43.480000	0.000583
	43.500000	0.000916
	43.520000	0.001866
	43.540000	0.003227
	43.560000	0.005207
	43.580000	0.008151
	43.600000	0.011335
	43.620000	0.013784
	43.640000	0.016069
	43.660000	0.018388
	43.680000	0.020413
	43.700000	0.022438
	43.720000	0.024307
	43.740000	0.026489
	43.760000	0.028436
	43.780000	0.030474
	43.800000	0.032623
	43.820000	0.034584
	43.840000	0.036726
	43.860000	0.039005
	43.880000	0.041617
	43.900000	0.044404
	43.920000	0.046976
	43.940000	0.049249
	43.960000	0.051131
	43.980000	0.053150
	44.000000	0.054882
	44.020000	0.056530
	44.040000	0.058555
	44.060000	0.060196
	44.080000	0.061355
	44.100000	0.061577
	44.120000	0.061466
	44.140000	0.061551
	44.160000	0.061394
	44.180000	0.060300
	44.200000	0.058900
	44.220000	0.056849
	44.240000	0.053599
	44.260000	0.050441
	44.280000	0.049542
	44.300000	0.047107
	44.320000	0.037716
	44.340000	0.027505
	44.360000	0.020576
	44.380000	0.015464
	44.400000	0.012800
	44.420000	0.008939
	44.440000	0.004484
	44.460000	0.001886
	44.480000	0.000310
	44.500000	-0.000452
	44.520000	-0.000771
	44.540000	-0.000973
	44.560000	-0.001090
	44.580000	-0.001181
	44.600000	-0.000999
	44.620000	-0.001058
	44.640000	-0.001168
	44.660000	-0.001012
	44.680000	-0.001214
	44.700000	-0.001032
	44.720000	-0.001058
	44.740000	-0.000940
	44.760000	-0.001090
	44.780000	-0.001051
	44.800000	-0.000901
	44.820000	-0.000973
	44.840000	-0.000771
	44.860000	-0.000791
	44.880000	-0.000869
	44.900000	-0.000745
	44.920000	-0.000693
	44.940000	-0.000765
	44.960000	-0.000621
	44.980000	-0.000563
	45.000000	-0.000654
	45.020000	-0.000700
	45.040000	-0.000569
	45.060000	-0.000654
	45.080000	-0.000400
	45.100000	-0.000478
	45.120000	-0.000576
	45.140000	-0.000745
	45.160000	-0.000543
	45.180000	-0.000511
	45.200000	-0.000608
	45.220000	-0.000693
	45.240000	-0.000791
	45.260000	-0.000830
	45.280000	-0.000791
	45.300000	-0.000686
	45.320000	-0.000934
	45.340000	-0.000830
	45.360000	-0.001155
	45.380000	-0.001103
	45.400000	-0.001019
	45.420000	-0.001123
	45.440000	-0.001194
	45.460000	-0.001149
	45.480000	-0.001162
	45.500000	-0.001240
	45.520000	-0.001136
	45.540000	-0.001116
	45.560000	-0.001299
	45.580000	-0.001240
	45.600000	-0.001377
	45.620000	-0.001227
	45.640000	-0.001032
	45.660000	-0.001201
	45.680000	-0.001253
	45.700000	-0.001286
	45.720000	-0.001136
	45.740000	-0.001292
	45.760000	-0.001227
	45.780000	-0.001194
	45.800000	-0.001214
	45.820000	-0.001273
	45.840000	-0.001162
	45.860000	-0.001331
	45.880000	-0.001318
	45.900000	-0.001129
	45.920000	-0.001168
	45.940000	-0.001247
	45.960000	-0.001064
	45.980000	-0.001090
	46.000000	-0.001234
	46.020000	-0.000993
	46.040000	-0.001019
	46.060000	-0.001025
	46.080000	-0.000934
	46.100000	-0.000986
	46.120000	-0.000940
	46.140000	-0.001012
	46.160000	-0.001123
	46.180000	-0.001136
	46.200000	-0.001032
	46.220000	-0.001181
	46.240000	-0.001097
	46.260000	-0.001038
	46.280000	-0.001266
	46.300000	-0.001123
	46.320000	-0.001090
	46.340000	-0.001064
	46.360000	-0.001227
	46.380000	-0.001331
	46.400000	-0.001383
	46.420000	-0.001279
	46.440000	-0.001403
	46.460000	-0.001377
	46.480000	-0.001305
	46.500000	-0.001338
	46.520000	-0.001292
	46.540000	-0.001162
	46.560000	-0.001253
	46.580000	-0.001240
	46.600000	-0.001260
	46.620000	-0.001025
	46.640000	-0.001110
	46.660000	-0.001181
	46.680000	-0.001175
	46.700000	-0.001357
	46.720000	-0.001234
	46.740000	-0.001253
	46.760000	-0.001279
	46.780000	-0.001344
	46.800000	-0.001168
	46.820000	-0.001279
	46.840000	-0.001370
	46.860000	-0.001416
	46.880000	-0.001325
	46.900000	-0.001383
	46.920000	-0.001383
	46.940000	-0.001305
	46.960000	-0.001435
	46.980000	-0.001357
	47.000000	-0.001194
	47.020000	-0.001357
	47.040000	-0.001364
	47.060000	-0.001168
	47.080000	-0.001383
	47.100000	-0.001149
	47.120000	-0.001064
	47.140000	-0.001292
	47.160000	-0.001331
	47.180000	-0.001149
	47.200000	-0.001357
	47.220000	-0.001175
	47.240000	-0.001234
	47.260000	-0.001260
	47.280000	-0.001390
	47.300000	-0.001325
	47.320000	-0.001357
	47.340000	-0.001247
	47.360000	-0.001312
	47.380000	-0.001325
	47.400000	-0.001429
	47.420000	-0.001194
	47.440000	-0.001429
	47.460000	-0.001396
	47.480000	-0.001253
	47.500000	-0.001377
	47.520000	-0.001448
	47.540000	-0.001194
	47.560000	-0.001357
	47.580000	-0.001273
	47.600000	-0.001168
	47.620000	-0.001292
	47.640000	-0.001279
	47.660000	-0.001110
	47.680000	-0.001084
	47.700000	-0.001279
	47.720000	-0.001266
	47.740000	-0.001220
	47.760000	-0.001129
	47.780000	-0.001188
	47.800000	-0.001260
	47.820000	-0.001266
	47.840000	-0.001220
	47.860000	-0.001116
	47.880000	-0.001279
	47.900000	-0.001123
	47.920000	-0.001253
	47.940000	-0.001312
	47.960000	-0.001299
	47.980000	-0.001344
	48.000000	-0.001260
	48.020000	-0.001331
	48.040000	-0.001357
	48.060000	-0.001292
	48.080000	-0.001292
	48.100000	-0.001279
	48.120000	-0.001175
	48.140000	-0.001175
	48.160000	-0.001292
	48.180000	-0.001286
	48.200000	-0.001234
	48.220000	-0.001129
	48.240000	-0.001201
	48.260000	-0.001292
	48.280000	-0.001234
	48.300000	-0.001214
	48.320000	-0.001103
	48.340000	-0.001227
	48.360000	-0.001155
	48.380000	-0.001474
	48.400000	-0.001266
	48.420000	-0.001201
	48.440000	-0.001357
	48.460000	-0.001592
	48.480000	-0.001279
	48.500000	-0.001514
	48.520000	-0.001364
	48.540000	-0.001155
	48.560000	-0.001253
	48.580000	-0.001318
	48.600000	-0.001090
	48.620000	-0.001207
	48.640000	-0.001214
	48.660000	-0.001227
	48.680000	-0.001181
	48.700000	-0.001273
	48.720000	-0.001194
	48.740000	-0.001286
	48.760000	-0.001286
	48.780000	-0.001234
	48.800000	-0.001168
	48.820000	-0.001396
	48.840000	-0.001338
	48.860000	-0.001234
	48.880000	-0.001266
	48.900000	-0.001299
	48.920000	-0.001494
	48.940000	-0.001474
	48.960000	-0.001429
	48.980000	-0.001286
	49.000000	-0.001312
	49.020000	-0.001181
	49.040000	-0.001370
	49.060000	-0.001194
	49.080000	-0.001299
	49.100000	-0.001116
	49.120000	-0.001194
	49.140000	-0.001207
	49.160000	-0.001155
	49.180000	-0.001201
	49.200000	-0.001071
	49.220000	-0.001116
	49.240000	-0.001142
	49.260000	-0.001084
	49.280000	-0.001175
	49.300000	-0.001155
	49.320000	-0.001194
	49.340000	-0.001194
	49.360000	-0.001351
	49.380000	-0.001338
	49.400000	-0.001357
	49.420000	-0.001260
	49.440000	-0.001188
	49.460000	-0.001292
	49.480000	-0.001318
	49.500000	-0.001155
	49.520000	-0.001247
	49.540000	-0.001351
	49.560000	-0.001175
	49.580000	-0.001286
	49.600000	-0.001273
	49.620000	-0.001162
	49.640000	-0.001247
	49.660000	-0.001266
	49.680000	-0.001032
	49.700000	-0.001273
	49.720000	-0.001318
	49.740000	-0.001234
	49.760000	-0.001064
	49.780000	-0.001234
	49.800000	-0.001168
	49.820000	-0.001247
	49.840000	-0.001181
	49.860000	-0.001344
	49.880000	-0.001325
	49.900000	-0.001253
	49.920000	-0.001299
	49.940000	-0.001214
	49.960000	-0.001234
	49.980000	-0.001370
	50.000000	-0.001299
