	0.000000	0.050643
	0.020000	0.078847
	0.040000	0.018381
	0.060000	0.688006
	0.080000	0.139437
	0.100000	0.064983
	0.120000	0.064344
	0.140000	0.065152
	0.160000	0.062755
	0.180000	0.063394
	0.200000	0.065250
	0.220000	0.064872
	0.240000	0.064208
	0.260000	0.064130
	0.280000	0.063452
	0.300000	0.063289
	0.320000	0.064051
	0.340000	0.064566
	0.360000	0.063784
	0.380000	0.065920
	0.400000	0.063263
	0.420000	0.063244
	0.440000	0.061271
	0.460000	0.063700
	0.480000	0.062423
	0.500000	0.062808
	0.520000	0.064748
	0.540000	0.062111
	0.560000	0.062723
	0.580000	0.061994
	0.600000	0.063101
	0.620000	0.063355
	0.640000	0.063159
	0.660000	0.063543
	0.680000	0.065999
	0.700000	0.064325
	0.720000	0.062169
	0.740000	0.063524
	0.760000	0.064423
	0.780000	0.063530
	0.800000	0.065132
	0.820000	0.065875
	0.840000	0.072895
	0.860000	0.086851
	0.880000	0.097791
	0.900000	0.125084
	0.920000	0.168429
	0.940000	0.233987
	0.960000	0.355088
	0.980000	0.549393
	1.000000	0.860794
	1.020000	1.289376
	1.040000	2.014419
	1.060000	2.637311
	1.080000	2.704902
	1.100000	2.324374
	1.120000	1.781112
	1.140000	1.440973
	1.160000	1.234380
	1.180000	1.118222
	1.200000	1.060380
	1.220000	1.013577
	1.240000	0.963466
	1.260000	0.912521
	1.280000	0.873897
	1.300000	0.837213
	1.320000	0.809387
	1.340000	0.799488
	1.360000	0.772235
	1.380000	0.759692
	1.400000	0.736144
	1.420000	0.719740
	1.440000	0.700887
	1.460000	0.687706
	1.480000	0.675535
	1.500000	0.658004
	1.520000	0.631896
	1.540000	0.608479
	1.560000	0.589808
	1.580000	0.566136
	1.600000	0.534741
	1.620000	0.479667
	1.640000	0.411230
	1.660000	0.371831
	1.680000	0.362845
	1.700000	0.357465
	1.720000	0.357719
	1.740000	0.356840
	1.760000	0.356124
	1.780000	0.355128
	1.800000	0.352920
	1.820000	0.352165
	1.840000	0.352738
	1.860000	0.355655
	1.880000	0.358214
	1.900000	0.369474
	1.920000	0.372463
	1.940000	0.376559
	1.960000	0.375074
	1.980000	0.378207
	2.000000	0.382752
	2.020000	0.383807
	2.040000	0.389453
	2.060000	0.395256
	2.080000	0.396343
	2.100000	0.398636
	2.120000	0.399228
	2.140000	0.400068
	2.160000	0.402028
	2.180000	0.398681
	2.200000	0.397698
	2.220000	0.391954
	2.240000	0.389011
	2.260000	0.383423
	2.280000	0.370894
	2.300000	0.358306
	2.320000	0.349351
	2.340000	0.334738
	2.360000	0.324527
	2.380000	0.311522
	2.400000	0.304567
	2.420000	0.296459
	2.440000	0.283161
	2.460000	0.271368
	2.480000	0.258037
	2.500000	0.240194
	2.520000	0.217342
	2.540000	0.203556
	2.560000	0.187034
	2.580000	0.150787
	2.600000	0.095316
	2.620000	0.033366
	2.640000	0.011524
	2.660000	0.003586
	2.680000	0.000531
	2.700000	-0.001032
	2.720000	-0.001129
	2.740000	-0.000309
	2.760000	-0.000752
	2.780000	-0.000934
	2.800000	-0.001253
	2.820000	-0.001546
	2.840000	-0.001917
	2.860000	-0.001898
	2.880000	-0.001741
	2.900000	-0.001579
	2.920000	-0.001559
	2.940000	-0.000999
	2.960000	-0.001207
	2.980000	-0.001377
	3.000000	-0.001435
	3.020000	-0.001279
	3.040000	-0.001129
	3.060000	-0.000446
	3.080000	-0.000413
	3.100000	-0.000641
	3.120000	-0.001435
	3.140000	-0.001377
	3.160000	-0.001637
	3.180000	-0.001149
	3.200000	-0.001370
	3.220000	-0.001422
	3.240000	-0.000693
	3.260000	-0.000511
	3.280000	-0.001422
	3.300000	-0.000973
	3.320000	-0.001702
	3.340000	-0.001722
	3.360000	-0.001025
	3.380000	-0.000126
	3.400000	-0.001116
	3.420000	-0.001657
	3.440000	-0.002106
	3.460000	-0.002074
	3.480000	-0.001969
	3.500000	-0.001663
	3.520000	-0.001481
	3.540000	-0.001097
	3.560000	-0.001260
	3.580000	-0.001260
	3.600000	-0.001514
	3.620000	-0.002008
	3.640000	-0.001624
	3.660000	-0.001279
	3.680000	-0.001611
	3.700000	-0.001403
	3.720000	-0.000921
	3.740000	-0.000817
	3.760000	-0.001038
	3.780000	-0.001377
	3.800000	-0.001260
	3.820000	-0.001383
	3.840000	-0.000810
	3.860000	-0.000804
	3.880000	-0.000693
	3.900000	-0.000921
	3.920000	-0.000973
	3.940000	-0.001585
	3.960000	-0.001774
	3.980000	-0.001435
	4.000000	-0.001507
	4.020000	-0.000980
	4.040000	-0.001155
	4.060000	-0.001435
	4.080000	-0.001559
	4.100000	-0.001833
	4.120000	-0.001650
	4.140000	-0.002119
	4.160000	-0.001273
	4.180000	-0.001071
	4.200000	-0.000940
	4.220000	-0.001579
	4.240000	-0.001683
	4.260000	-0.002249
	4.280000	-0.001800
	4.300000	-0.001748
	4.320000	-0.000901
	4.340000	-0.001019
	4.360000	-0.001331
	4.380000	-0.001390
	4.400000	-0.001383
	4.420000	-0.001344
	4.440000	-0.001487
	4.460000	-0.000908
	4.480000	-0.000745
	4.500000	-0.000498
	4.520000	-0.000953
	4.540000	-0.000765
	4.560000	-0.001852
	4.580000	-0.000901
	4.600000	-0.001168
	4.620000	-0.001624
	4.640000	-0.000426
	4.660000	-0.001247
	4.680000	-0.001631
	4.700000	-0.001247
	4.720000	-0.001455
	4.740000	-0.001754
	4.760000	-0.001670
	4.780000	-0.001058
	4.800000	-0.000660
	4.820000	-0.001318
	4.840000	-0.001409
	4.860000	-0.001800
	4.880000	-0.002008
	4.900000	-0.001546
	4.920000	-0.001826
	4.940000	-0.001273
	4.960000	-0.001540
	4.980000	-0.001520
	5.000000	-0.001768
	5.020000	-0.001943
	5.040000	-0.002080
	5.060000	-0.001214
	5.080000	-0.001058
	5.100000	-0.000732
	5.120000	-0.000993
	5.140000	-0.000940
	5.160000	-0.001448
	5.180000	-0.001722
	5.200000	-0.001474
	5.220000	-0.001129
	5.240000	-0.001051
	5.260000	-0.001305
	5.280000	-0.000752
	5.300000	-0.001162
	5.320000	-0.001624
	5.340000	-0.001781
	5.360000	-0.001286
	5.380000	-0.001103
	5.400000	-0.000875
	5.420000	-0.001435
	5.440000	-0.001136
	5.460000	-0.001546
	5.480000	-0.002178
	5.500000	-0.002334
	5.520000	-0.001344
	5.540000	-0.001507
	5.560000	-0.001501
	5.580000	-0.001383
	5.600000	-0.001370
	5.620000	-0.001722
	5.640000	-0.001924
	5.660000	-0.001253
	5.680000	-0.001097
	5.700000	-0.000869
	5.720000	-0.000732
	5.740000	-0.000999
	5.760000	-0.001142
	5.780000	-0.001566
	5.800000	-0.001917
	5.820000	-0.001234
	5.840000	-0.000914
	5.860000	-0.000686
	5.880000	-0.000166
	5.900000	-0.001123
	5.920000	-0.000895
	5.940000	-0.000836
	5.960000	-0.000875
	5.980000	-0.000283
	6.000000	-0.000778
	6.020000	-0.000309
	6.040000	-0.000641
	6.060000	-0.000947
	6.080000	-0.001839
	6.100000	-0.001455
	6.120000	-0.001240
	6.140000	-0.001149
	6.160000	-0.001181
	6.180000	-0.001012
	6.200000	-0.000732
	6.220000	-0.001579
	6.240000	-0.001728
	6.260000	-0.001754
	6.280000	-0.001318
	6.300000	-0.000784
	6.320000	-0.000947
	6.340000	-0.001136
	6.360000	-0.001474
	6.380000	-0.002139
	6.400000	-0.001735
	6.420000	-0.001807
	6.440000	-0.001390
	6.460000	-0.000758
	6.480000	-0.000485
	6.500000	-0.001168
	6.520000	-0.000797
	6.540000	-0.001305
	6.560000	-0.001279
	6.580000	-0.001279
	6.600000	-0.000224
	6.620000	-0.000778
	6.640000	-0.000582
	6.660000	-0.000901
	6.680000	-0.001279
	6.700000	-0.001748
	6.720000	-0.001474
	6.740000	-0.001494
	6.760000	-0.000713
	6.780000	-0.001292
	6.800000	-0.000244
	6.820000	-0.001136
	6.840000	-0.001279
	6.860000	-0.001279
	6.880000	-0.001781
	6.900000	-0.001429
	6.920000	-0.001396
	6.940000	-0.001650
	6.960000	-0.000843
	6.980000	-0.001885
	7.000000	-0.001852
	7.020000	-0.001943
	7.040000	-0.001481
	7.060000	-0.000960
	7.080000	-0.001149
	7.100000	-0.001286
	7.120000	-0.000628
	7.140000	-0.001168
	7.160000	-0.001442
	7.180000	-0.001142
	7.200000	-0.001338
	7.220000	-0.000576
	7.240000	-0.000589
	7.260000	-0.000745
	7.280000	-0.001123
	7.300000	-0.000921
	7.320000	-0.001533
	7.340000	-0.001207
	7.360000	-0.000491
	7.380000	-0.000406
	7.400000	-0.000485
	7.420000	-0.000667
	7.440000	-0.001396
	7.460000	-0.001071
	7.480000	-0.001937
	7.500000	-0.001318
	7.520000	-0.000953
	7.540000	-0.000993
	7.560000	-0.000921
	7.580000	-0.001364
	7.600000	-0.001318
	7.620000	-0.001572
	7.640000	-0.001292
	7.660000	-0.000895
	7.680000	-0.000504
	7.700000	0.000128
	7.720000	0.000154
	7.740000	-0.000328
	7.760000	-0.000419
	7.780000	-0.000537
	7.800000	-0.000556
	7.820000	-0.000250
	7.840000	0.000128
	7.860000	0.000141
	7.880000	0.000362
	7.900000	-0.000185
	7.920000	0.000258
	7.940000	-9.218451E-6
	7.960000	0.000616
	7.980000	0.000629
	8.000000	0.000642
	8.020000	0.000596
	8.040000	0.000609
	8.060000	-0.000315
	8.080000	-0.000126
	8.100000	-0.000322
	8.120000	-0.000361
	8.140000	-0.000393
	8.160000	-0.000276
	8.180000	-6.131612E-5
	8.200000	0.000303
	8.220000	-0.000582
	8.240000	-0.000595
	8.260000	-0.000901
	8.280000	-0.000543
	8.300000	-0.000504
	8.320000	-0.000393
	8.340000	-1.573066E-5
	8.360000	-0.000517
	8.380000	-0.000198
	8.400000	-0.000758
	8.420000	-0.001494
	8.440000	-0.001273
	8.460000	-0.000700
	8.480000	-0.000608
	8.500000	-0.000608
	8.520000	-0.001240
	8.540000	-0.001318
	8.560000	-0.001644
	8.580000	-0.001325
	8.600000	-0.001325
	8.620000	-0.000576
	8.640000	-0.000380
	8.660000	-0.000582
	8.680000	-0.001429
	8.700000	-0.001025
	8.720000	-0.001911
	8.740000	-0.001579
	8.760000	-0.001188
	8.780000	-0.000882
	8.800000	-0.001038
	8.820000	-0.001149
	8.840000	-0.001572
	8.860000	-0.002210
	8.880000	-0.001833
	8.900000	-0.001422
	8.920000	-0.000914
	8.940000	-0.001514
	8.960000	-0.001207
	8.980000	-0.000882
	9.000000	-0.001487
	9.020000	-0.001644
	9.040000	-0.002113
	9.060000	-0.002269
	9.080000	-0.002158
	9.100000	-0.001051
	9.120000	-0.001546
	9.140000	-0.001045
	9.160000	-0.001377
	9.180000	-0.001579
	9.200000	-0.001305
	9.220000	-0.001383
	9.240000	-0.000686
	9.260000	-0.000752
	9.280000	-0.000491
	9.300000	-0.001305
	9.320000	-0.000993
	9.340000	-0.001689
	9.360000	-0.001709
	9.380000	-0.001650
	9.400000	-0.000888
	9.420000	-0.001051
	9.440000	-0.001305
	9.460000	-0.001032
	9.480000	-0.001761
	9.500000	-0.002074
	9.520000	-0.001377
	9.540000	-0.001416
	9.560000	-0.001383
	9.580000	-0.001227
	9.600000	-0.001598
	9.620000	-0.002191
	9.640000	-0.001846
	9.660000	-0.002451
	9.680000	-0.001995
	9.700000	-0.001481
	9.720000	-0.001247
	9.740000	-0.001507
	9.760000	-0.001227
	9.780000	-0.002165
	9.800000	-0.001963
	9.820000	-0.001331
	9.840000	-0.001168
	9.860000	-0.000908
	9.880000	-0.001110
	9.900000	-0.001644
	9.920000	-0.001741
	9.940000	-0.001689
	9.960000	-0.001865
	9.980000	-0.001650
	10.000000	-0.001012
	10.020000	-0.000393
	10.040000	-0.000719
	10.060000	-0.001273
	10.080000	-0.001585
	10.100000	-0.001481
	10.120000	-0.001149
	10.140000	-0.000700
	10.160000	-0.000953
	10.180000	-0.001136
	10.200000	-0.001357
	10.220000	-0.001898
	10.240000	-0.002399
	10.260000	-0.001794
	10.280000	-0.001735
	10.300000	-0.001116
	10.320000	-0.001012
	10.340000	-0.000921
	10.360000	-0.001872
	10.380000	-0.001481
	10.400000	-0.001904
	10.420000	-0.001657
	10.440000	-0.001383
	10.460000	-0.001162
	10.480000	-0.001234
	10.500000	-0.001839
	10.520000	-0.001852
	10.540000	-0.001787
	10.560000	-0.001527
	10.580000	-0.001260
	10.600000	-0.000647
	10.620000	-0.000537
	10.640000	-0.000901
	10.660000	-0.000993
	10.680000	-0.001240
	10.700000	-0.001553
	10.720000	-0.000843
	10.740000	-0.001201
	10.760000	-0.000856
	10.780000	-0.000667
	10.800000	-0.001286
	10.820000	-0.002210
	10.840000	-0.001650
	10.860000	-0.001481
	10.880000	-0.001097
	10.900000	-0.001019
	10.920000	-0.001162
	10.940000	-0.001416
	10.960000	-0.001416
	10.980000	-0.001852
	11.000000	-0.001403
	11.020000	-0.001390
	11.040000	-0.001325
	11.060000	-0.001110
	11.080000	-0.001696
	11.100000	-0.001741
	11.120000	-0.002158
	11.140000	-0.001982
	11.160000	-0.001540
	11.180000	-0.000726
	11.200000	-0.001351
	11.220000	-0.000980
	11.240000	-0.001175
	11.260000	-0.001618
	11.280000	-0.001247
	11.300000	-0.001266
	11.320000	-0.000589
	11.340000	-0.000276
	11.360000	0.000368
	11.380000	-0.000133
	11.400000	-0.001194
	11.420000	-0.000693
	11.440000	0.000225
	11.460000	0.001313
	11.480000	0.002140
	11.500000	0.002850
	11.520000	0.005096
	11.540000	0.007636
	11.560000	0.009857
	11.580000	0.012826
	11.600000	0.015672
	11.620000	0.017704
	11.640000	0.019827
	11.660000	0.020693
	11.680000	0.021572
	11.700000	0.024262
	11.720000	0.025043
	11.740000	0.027121
	11.760000	0.027713
	11.780000	0.028723
	11.800000	0.029205
	11.820000	0.029817
	11.840000	0.031152
	11.860000	0.031301
	11.880000	0.030670
	11.900000	0.030728
	11.920000	0.033079
	11.940000	0.033991
	11.960000	0.033555
	11.980000	0.034662
	12.000000	0.035039
	12.020000	0.033841
	12.040000	0.033496
	12.060000	0.033099
	12.080000	0.032539
	12.100000	0.032552
	12.120000	0.032304
	12.140000	0.031640
	12.160000	0.031438
	12.180000	0.031354
	12.200000	0.029472
	12.220000	0.029882
	12.240000	0.029016
	12.260000	0.027596
	12.280000	0.026925
	12.300000	0.025577
	12.320000	0.023825
	12.340000	0.023233
	12.360000	0.022419
	12.380000	0.021676
	12.400000	0.019228
	12.420000	0.015503
	12.440000	0.014344
	12.460000	0.013041
	12.480000	0.009095
	12.500000	0.003149
	12.520000	7.544026E-5
	12.540000	-0.000413
	12.560000	-0.000752
	12.580000	-0.000647
	12.600000	-0.000205
	12.620000	0.000466
	12.640000	0.000212
	12.660000	-0.000100
	12.680000	-0.000218
	12.700000	0.000199
	12.720000	0.000212
	12.740000	0.000994
	12.760000	0.001143
	12.780000	0.001306
	12.800000	0.000655
	12.820000	0.000492
	12.840000	8.846468E-5
	12.860000	0.000421
	12.880000	0.000447
	12.900000	0.000824
	12.920000	0.000981
	12.940000	0.001169
	12.960000	-0.000205
	12.980000	3.805966E-6
	13.000000	0.000251
	13.020000	0.000798
	13.040000	0.001274
	13.060000	0.001261
	13.080000	0.000902
	13.100000	0.000499
	13.120000	1.031817E-5
	13.140000	0.000141
	13.160000	0.000570
	13.180000	0.000753
	13.200000	0.001573
	13.220000	0.001013
	13.240000	0.000727
	13.260000	0.000134
	13.280000	0.000779
	13.300000	0.001235
	13.320000	0.001300
	13.340000	0.001534
	13.360000	0.001423
	13.380000	0.001215
	13.400000	0.001404
	13.420000	0.000863
	13.440000	0.001345
	13.460000	0.002270
	13.480000	0.003162
	13.500000	0.004894
	13.520000	0.006119
	13.540000	0.008808
	13.560000	0.011400
	13.580000	0.014350
	13.600000	0.017144
	13.620000	0.018609
	13.640000	0.020029
	13.660000	0.022334
	13.680000	0.023363
	13.700000	0.024646
	13.720000	0.027023
	13.740000	0.027003
	13.760000	0.029602
	13.780000	0.030943
	13.800000	0.030214
	13.820000	0.030292
	13.840000	0.030826
	13.860000	0.031288
	13.880000	0.033040
	13.900000	0.033561
	13.920000	0.032526
	13.940000	0.034258
	13.960000	0.035365
	13.980000	0.035873
	14.000000	0.035066
	14.020000	0.035411
	14.040000	0.034597
	14.060000	0.035320
	14.080000	0.032715
	14.100000	0.033789
	14.120000	0.033522
	14.140000	0.032526
	14.160000	0.032500
	14.180000	0.034746
	14.200000	0.032142
	14.220000	0.031562
	14.240000	0.030689
	14.260000	0.028892
	14.280000	0.026020
	14.300000	0.024320
	14.320000	0.024145
	14.340000	0.025629
	14.360000	0.024906
	14.380000	0.022230
	14.400000	0.018551
	14.420000	0.016929
	14.440000	0.014826
	14.460000	0.011902
	14.480000	0.005389
	14.500000	0.002140
	14.520000	0.001176
	14.540000	0.000883
	14.560000	0.001130
	14.580000	0.001046
	14.600000	0.002270
	14.620000	0.003221
	14.640000	0.003794
	14.660000	0.004211
	14.680000	0.004185
	14.700000	0.004354
	14.720000	0.005148
	14.740000	0.005695
	14.760000	0.006594
	14.780000	0.006731
	14.800000	0.006731
	14.820000	0.006620
	14.840000	0.005748
	14.860000	0.006581
	14.880000	0.006516
	14.900000	0.007154
	14.920000	0.006457
	14.940000	0.007096
	14.960000	0.006640
	14.980000	0.006412
	15.000000	0.006809
	15.020000	0.005565
	15.040000	0.006907
	15.060000	0.007011
	15.080000	0.006763
	15.100000	0.007766
	15.120000	0.007044
	15.140000	0.006405
	15.160000	0.005845
	15.180000	0.006457
	15.200000	0.007187
	15.220000	0.007454
	15.240000	0.006321
	15.260000	0.006718
	15.280000	0.006529
	15.300000	0.006666
	15.320000	0.006607
	15.340000	0.008001
	15.360000	0.008235
	15.380000	0.010371
	15.400000	0.010619
	15.420000	0.012546
	15.440000	0.015112
	15.460000	0.019886
	15.480000	0.029699
	15.500000	0.038914
	15.520000	0.048214
	15.540000	0.059512
	15.560000	0.067978
	15.580000	0.078749
	15.600000	0.090087
	15.620000	0.101431
	15.640000	0.108478
	15.660000	0.120128
	15.680000	0.126608
	15.700000	0.135171
	15.720000	0.140107
	15.740000	0.142960
	15.760000	0.143175
	15.780000	0.149029
	15.800000	0.150976
	15.820000	0.154786
	15.840000	0.158296
	15.860000	0.160139
	15.880000	0.161565
	15.900000	0.166423
	15.920000	0.165466
	15.940000	0.172779
	15.960000	0.175137
	15.980000	0.175638
	16.000000	0.173046
	16.020000	0.170402
	16.040000	0.171796
	16.060000	0.165603
	16.080000	0.167810
	16.100000	0.165700
	16.120000	0.168149
	16.140000	0.165818
	16.160000	0.163877
	16.180000	0.159318
	16.200000	0.155268
	16.220000	0.151172
	16.240000	0.147004
	16.260000	0.141833
	16.280000	0.132443
	16.300000	0.124569
	16.320000	0.124107
	16.340000	0.117204
	16.360000	0.108745
	16.380000	0.099426
	16.400000	0.088798
	16.420000	0.082142
	16.440000	0.072146
	16.460000	0.056907
	16.480000	0.057402
	16.500000	0.077167
	16.520000	0.096925
	16.540000	0.115504
	16.560000	0.139573
	16.580000	0.159879
	16.600000	0.184508
	16.620000	0.204194
	16.640000	0.223236
	16.660000	0.242043
	16.680000	0.258949
	16.700000	0.272709
	16.720000	0.285746
	16.740000	0.296654
	16.760000	0.307504
	16.780000	0.309887
	16.800000	0.319766
	16.820000	0.324507
	16.840000	0.329697
	16.860000	0.336529
	16.880000	0.341621
	16.900000	0.347586
	16.920000	0.350510
	16.940000	0.355694
	16.960000	0.359732
	16.980000	0.358455
	17.000000	0.361256
	17.020000	0.358019
	17.040000	0.354405
	17.060000	0.351103
	17.080000	0.347450
	17.100000	0.346818
	17.120000	0.338671
	17.140000	0.336171
	17.160000	0.334367
	17.180000	0.329652
	17.200000	0.331234
	17.220000	0.330537
	17.240000	0.314791
	17.260000	0.295919
	17.280000	0.274663
	17.300000	0.267089
	17.320000	0.270065
	17.340000	0.272631
	17.360000	0.249200
	17.380000	0.228739
	17.400000	0.213142
	17.420000	0.202716
	17.440000	0.198542
	17.460000	0.170298
	17.480000	0.191007
	17.500000	0.252593
	17.520000	0.334295
	17.540000	0.402816
	17.560000	0.480989
	17.580000	0.551640
	17.600000	0.629383
	17.620000	0.699942
	17.640000	0.768939
	17.660000	0.835286
	17.680000	0.890822
	17.700000	0.941324
	17.720000	0.987118
	17.740000	1.022746
	17.760000	1.062607
	17.780000	1.100059
	17.800000	1.132802
	17.820000	1.141815
	17.840000	1.163846
	17.860000	1.189231
	17.880000	1.215924
	17.900000	1.231834
	17.920000	1.250322
	17.940000	1.269207
	17.960000	1.288490
	17.980000	1.293498
	18.000000	1.284498
	18.020000	1.272502
	18.040000	1.267143
	18.060000	1.267989
	18.080000	1.258241
	18.100000	1.243321
	18.120000	1.227145
	18.140000	1.215410
	18.160000	1.186326
	18.180000	1.173686
	18.200000	1.166646
	18.220000	1.149083
	18.240000	1.123151
	18.260000	1.042022
	18.280000	0.969320
	18.300000	0.922413
	18.320000	0.919619
	18.340000	0.909922
	18.360000	0.820080
	18.380000	0.718815
	18.400000	0.637601
	18.420000	0.542901
	18.440000	0.446012
	18.460000	0.226531
	18.480000	0.075995
	18.500000	0.022321
	18.520000	0.008294
	18.540000	0.003931
	18.560000	0.002498
	18.580000	0.002348
	18.600000	0.001515
	18.620000	0.000733
	18.640000	0.000128
	18.660000	0.000642
	18.680000	0.000616
	18.700000	0.000570
	18.720000	0.001658
	18.740000	0.001397
	18.760000	0.001261
	18.780000	0.001345
	18.800000	0.000577
	18.820000	0.001215
	18.840000	0.001918
	18.860000	0.001730
	18.880000	0.002198
	18.900000	0.001847
	18.920000	0.001306
	18.940000	0.001091
	18.960000	0.001938
	18.980000	0.001606
	19.000000	0.002224
	19.020000	0.002192
	19.040000	0.001228
	19.060000	0.000961
	19.080000	0.001065
	19.100000	0.000635
	19.120000	0.001169
	19.140000	0.001918
	19.160000	0.001957
	19.180000	0.000785
	19.200000	0.000649
	19.220000	0.000609
	19.240000	0.000863
	19.260000	0.001423
	19.280000	0.001189
	19.300000	0.001039
	19.320000	0.000583
	19.340000	8.846468E-5
	19.360000	-0.000400
	19.380000	-0.000198
	19.400000	-4.177949E-5
	19.420000	-0.000100
	19.440000	9.497689E-5
	19.460000	-0.000419
	19.480000	-0.000745
	19.500000	-0.000413
	19.520000	-0.000380
	19.540000	0.000863
	19.560000	0.001345
	19.580000	0.000994
	19.600000	0.001261
	19.620000	0.000968
	19.640000	0.001046
	19.660000	0.001319
	19.680000	0.001899
	19.700000	0.002303
	19.720000	0.002387
	19.740000	0.002049
	19.760000	0.001104
	19.780000	0.002146
	19.800000	0.002472
	19.820000	0.003208
	19.840000	0.002667
	19.860000	0.002706
	19.880000	0.002439
	19.900000	0.002244
	19.920000	0.001736
	19.940000	0.002895
	19.960000	0.002635
	19.980000	0.003514
	20.000000	0.002316
	20.020000	0.002036
	20.040000	0.002172
	20.060000	0.002661
	20.080000	0.002752
	20.100000	0.003286
	20.120000	0.003625
	20.140000	0.003012
	20.160000	0.003351
	20.180000	0.002211
	20.200000	0.002622
	20.220000	0.002172
	20.240000	0.002999
	20.260000	0.003065
	20.280000	0.001814
	20.300000	0.001163
	20.320000	0.001397
	20.340000	0.001176
	20.360000	0.001658
	20.380000	0.001573
	20.400000	0.001117
	20.420000	3.805966E-6
	20.440000	-0.000400
	20.460000	-0.001383
	20.480000	-0.001553
	20.500000	-0.001487
	20.520000	-0.001325
	20.540000	-0.000960
	20.560000	-0.001611
	20.580000	-0.001976
	20.600000	-0.002308
	20.620000	-0.001956
	20.640000	-0.001214
	20.660000	-0.001077
	20.680000	-0.000726
	20.700000	-0.001331
	20.720000	-0.001618
	20.740000	-0.001963
	20.760000	-0.002008
	20.780000	-0.001605
	20.800000	-0.001540
	20.820000	-0.001194
	20.840000	-0.000967
	20.860000	-0.000641
	20.880000	-0.001409
	20.900000	-0.001768
	20.920000	-0.001377
	20.940000	-0.000934
	20.960000	-0.000726
	20.980000	-0.000205
	21.000000	-0.000895
	21.020000	-0.001325
	21.040000	-0.001527
	21.060000	-0.001390
	21.080000	-0.001416
	21.100000	-0.000973
	21.120000	-0.001006
	21.140000	-0.001149
	21.160000	-0.001592
	21.180000	-0.001592
	21.200000	-0.001754
	21.220000	-0.001442
	21.240000	-0.000830
	21.260000	-0.000849
	21.280000	-0.001260
	21.300000	-0.001540
	21.320000	-0.001891
	21.340000	-0.001794
	21.360000	-0.001364
	21.380000	-0.001260
	21.400000	-0.001071
	21.420000	-0.001142
	21.440000	-0.001422
	21.460000	-0.001937
	21.480000	-0.000621
	21.500000	-0.000556
	21.520000	0.000453
	21.540000	0.000577
	21.560000	0.000342
	21.580000	0.000681
	21.600000	0.000447
	21.620000	0.000271
	21.640000	0.000121
	21.660000	0.001039
	21.680000	0.001209
	21.700000	0.001293
	21.720000	0.001241
	21.740000	0.000844
	21.760000	-2.706242E-6
	21.780000	0.001150
	21.800000	0.000688
	21.820000	0.000675
	21.840000	0.001632
	21.860000	0.001209
	21.880000	0.001117
	21.900000	0.000590
	21.920000	0.001137
	21.940000	0.001078
	21.960000	0.001358
	21.980000	0.001417
	22.000000	0.001137
	22.020000	0.000727
	22.040000	0.000368
	22.060000	0.000395
	22.080000	0.000733
	22.100000	0.001580
	22.120000	0.001593
	22.140000	0.001059
	22.160000	0.001065
	22.180000	0.000440
	22.200000	0.001183
	22.220000	0.000929
	22.240000	0.000805
	22.260000	0.001664
	22.280000	0.001013
	22.300000	0.000349
	22.320000	0.000212
	22.340000	-0.000393
	22.360000	-6.782833E-5
	22.380000	0.000557
	22.400000	1.683038E-5
	22.420000	-0.000817
	22.440000	-0.001494
	22.460000	-0.001194
	22.480000	-0.001735
	22.500000	-0.001103
	22.520000	-0.001090
	22.540000	-0.001077
	22.560000	-0.001357
	22.580000	-0.001813
	22.600000	-0.002158
	22.620000	-0.001501
	22.640000	-0.001396
	22.660000	-0.001103
	22.680000	-0.001168
	22.700000	-0.001748
	22.720000	-0.001878
	22.740000	-0.001702
	22.760000	-0.001377
	22.780000	-0.001084
	22.800000	-0.000973
	22.820000	-0.001025
	22.840000	-0.001533
	22.860000	-0.001670
	22.880000	-0.001501
	22.900000	-0.001214
	22.920000	-0.000660
	22.940000	-0.000569
	22.960000	-0.000882
	22.980000	-0.001181
	23.000000	-0.001038
	23.020000	-0.001566
	23.040000	-0.000713
	23.060000	-0.000120
	23.080000	-0.000543
	23.100000	-0.000218
	23.120000	-0.001937
	23.140000	-0.001930
	23.160000	-0.000862
	23.180000	-0.001103
	23.200000	-0.001409
	23.220000	-0.001194
	23.240000	-0.001637
	23.260000	-0.001670
	23.280000	-0.001989
	23.300000	-0.001136
	23.320000	-0.001533
	23.340000	-0.001110
	23.360000	-0.000686
	23.380000	-0.001748
	23.400000	-0.002145
	23.420000	-0.001540
	23.440000	-0.001540
	23.460000	-0.001201
	23.480000	-0.000862
	23.500000	-0.001546
	23.520000	-0.002419
	23.540000	-0.001325
	23.560000	-0.001598
	23.580000	-0.000967
	23.600000	-0.000459
	23.620000	-0.000354
	23.640000	-0.000419
	23.660000	-0.000947
	23.680000	-0.001559
	23.700000	0.000167
	23.720000	-0.001383
	23.740000	-0.001364
	23.760000	0.000232
	23.780000	-0.000380
	23.800000	-0.001982
	23.820000	-0.001181
	23.840000	-0.001722
	23.860000	-0.000784
	23.880000	8.846468E-5
	23.900000	-0.000348
	23.920000	-0.001129
	23.940000	-0.001364
	23.960000	-0.000719
	23.980000	-0.002236
	24.000000	-0.002191
	24.020000	-0.001064
	24.040000	-0.000250
	24.060000	-0.000387
	24.080000	-0.001286
	24.100000	-0.002139
	24.120000	-0.001507
	24.140000	-0.001468
	24.160000	-0.001592
	24.180000	-0.000993
	24.200000	-0.000491
	24.220000	-0.000257
	24.240000	-0.000380
	24.260000	-0.000869
	24.280000	-0.001566
	24.300000	-0.001390
	24.320000	-0.000608
	24.340000	-0.000159
	24.360000	-0.000882
	24.380000	-0.001051
	24.400000	-0.000875
	24.420000	-0.001045
	24.440000	-0.001370
	24.460000	-0.000836
	24.480000	-0.000244
	24.500000	-0.000166
	24.520000	-0.000537
	24.540000	-0.001194
	24.560000	-0.001142
	24.580000	-0.001168
	24.600000	-0.000615
	24.620000	-0.000615
	24.640000	-0.000472
	24.660000	-0.000888
	24.680000	-0.001696
	24.700000	-0.001487
	24.720000	-0.000934
	24.740000	-0.000647
	24.760000	-0.000380
	24.780000	-0.000608
	24.800000	-0.000888
	24.820000	-0.001273
	24.840000	-0.000739
	24.860000	-0.000380
	24.880000	-0.000192
	24.900000	-0.000328
	24.920000	-0.000315
	24.940000	0.000473
	24.960000	-0.000439
	24.980000	-0.000511
	25.000000	-0.000641
	25.020000	2.985480E-5
	25.040000	2.334259E-5
	25.060000	-0.000185
	25.080000	0.000531
	25.100000	-0.000139
	25.120000	-0.001038
	25.140000	-0.000485
	25.160000	-0.000556
	25.180000	-0.000250
	25.200000	0.000141
	25.220000	-0.000485
	25.240000	-0.001129
	25.260000	-0.000543
	25.280000	-0.000849
	25.300000	-0.000856
	25.320000	-0.000550
	25.340000	-0.000595
	25.360000	-0.000882
	25.380000	-0.001768
	25.400000	-0.001136
	25.420000	-0.001162
	25.440000	-0.000667
	25.460000	-6.131612E-5
	25.480000	-0.000380
	25.500000	-0.000335
	25.520000	-0.000504
	25.540000	-0.000289
	25.560000	0.000479
	25.580000	0.001078
	25.600000	0.001899
	25.620000	0.001710
	25.640000	0.001821
	25.660000	0.001345
	25.680000	0.002322
	25.700000	0.003091
	25.720000	0.003377
	25.740000	0.003690
	25.760000	0.003345
	25.780000	0.003156
	25.800000	0.003097
	25.820000	0.003312
	25.840000	0.003286
	25.860000	0.003507
	25.880000	0.004074
	25.900000	0.005005
	25.920000	0.003885
	25.940000	0.003488
	25.960000	0.003247
	25.980000	0.003260
	26.000000	0.004510
	26.020000	0.004380
	26.040000	0.004471
	26.060000	0.004022
	26.080000	0.003136
	26.100000	0.003117
	26.120000	0.003325
	26.140000	0.004100
	26.160000	0.004159
	26.180000	0.003709
	26.200000	0.003572
	26.220000	0.002895
	26.240000	0.002348
	26.260000	0.002973
	26.280000	0.003104
	26.300000	0.003377
	26.320000	0.002804
	26.340000	0.002661
	26.360000	0.001254
	26.380000	0.001261
	26.400000	0.000486
	26.420000	0.001078
	26.440000	0.000707
	26.460000	0.000889
	26.480000	0.000675
	26.500000	0.001143
	26.520000	0.002628
	26.540000	0.003416
	26.560000	0.003781
	26.580000	0.004204
	26.600000	0.005279
	26.620000	0.005148
	26.640000	0.005936
	26.660000	0.006034
	26.680000	0.007421
	26.700000	0.008346
	26.720000	0.008587
	26.740000	0.007649
	26.760000	0.007760
	26.780000	0.008958
	26.800000	0.009700
	26.820000	0.010690
	26.840000	0.011693
	26.860000	0.011563
	26.880000	0.010755
	26.900000	0.011146
	26.920000	0.011368
	26.940000	0.011765
	26.960000	0.012553
	26.980000	0.012989
	27.000000	0.012442
	27.020000	0.011433
	27.040000	0.012038
	27.060000	0.013158
	27.080000	0.013881
	27.100000	0.012957
	27.120000	0.013002
	27.140000	0.012572
	27.160000	0.012729
	27.180000	0.012279
	27.200000	0.013621
	27.220000	0.012833
	27.240000	0.012976
	27.260000	0.012878
	27.280000	0.013061
	27.300000	0.013028
	27.320000	0.013751
	27.340000	0.015014
	27.360000	0.017261
	27.380000	0.020244
	27.400000	0.026951
	27.420000	0.036329
	27.440000	0.053046
	27.460000	0.078567
	27.480000	0.101816
	27.500000	0.127324
	27.520000	0.147616
	27.540000	0.168722
	27.560000	0.191639
	27.580000	0.211898
	27.600000	0.232705
	27.620000	0.254560
	27.640000	0.274572
	27.660000	0.292916
	27.680000	0.315312
	27.700000	0.337024
	27.720000	0.355251
	27.740000	0.372359
	27.760000	0.387116
	27.780000	0.406040
	27.800000	0.412468
	27.820000	0.429543
	27.840000	0.443355
	27.860000	0.460625
	27.880000	0.467385
	27.900000	0.475180
	27.920000	0.485118
	27.940000	0.489201
	27.960000	0.489110
	27.980000	0.481451
	28.000000	0.488068
	28.020000	0.484265
	28.040000	0.481933
	28.060000	0.481614
	28.080000	0.472380
	28.100000	0.467535
	28.120000	0.466174
	28.140000	0.464780
	28.160000	0.458053
	28.180000	0.438360
	28.200000	0.409745
	28.220000	0.378897
	28.240000	0.361842
	28.260000	0.359295
	28.280000	0.339225
	28.300000	0.296029
	28.320000	0.250340
	28.340000	0.210316
	28.360000	0.163428
	28.380000	0.131648
	28.400000	0.076405
	28.420000	0.031113
	28.440000	0.013171
	28.460000	0.005161
	28.480000	0.003911
	28.500000	0.002622
	28.520000	0.002010
	28.540000	0.003690
	28.560000	0.003149
	28.580000	0.003227
	28.600000	0.004015
	28.620000	0.005188
	28.640000	0.005878
	28.660000	0.005884
	28.680000	0.006262
	28.700000	0.006106
	28.720000	0.006555
	28.740000	0.007643
	28.760000	0.008873
	28.780000	0.009127
	28.800000	0.009088
	28.820000	0.008411
	28.840000	0.008522
	28.860000	0.009876
	28.880000	0.010775
	28.900000	0.011348
	28.920000	0.010847
	28.940000	0.012045
	28.960000	0.011263
	28.980000	0.010808
	29.000000	0.010957
	29.020000	0.010977
	29.040000	0.012455
	29.060000	0.011374
	29.080000	0.011263
	29.100000	0.011198
	29.120000	0.009401
	29.140000	0.010000
	29.160000	0.009727
	29.180000	0.010104
	29.200000	0.010026
	29.220000	0.008802
	29.240000	0.008652
	29.260000	0.007727
	29.280000	0.006601
	29.300000	0.007291
	29.320000	0.005806
	29.340000	0.003709
	29.360000	0.003117
	29.380000	0.001723
	29.400000	0.000193
	29.420000	0.000167
	29.440000	-0.000393
	29.460000	-0.000185
	29.480000	-0.000335
	29.500000	-0.000595
	29.520000	-0.000328
	29.540000	-0.000485
	29.560000	-0.000100
	29.580000	0.000238
	29.600000	0.000342
	29.620000	0.001163
	29.640000	0.000883
	29.660000	0.000583
	29.680000	0.001065
	29.700000	0.001098
	29.720000	0.000922
	29.740000	0.001749
	29.760000	0.001964
	29.780000	0.002283
	29.800000	0.002036
	29.820000	0.002049
	29.840000	0.001489
	29.860000	0.001450
	29.880000	0.002277
	29.900000	0.002596
	29.920000	0.002583
	29.940000	0.002101
	29.960000	0.001612
	29.980000	0.001482
	30.000000	0.001710
	30.020000	0.001918
	30.040000	0.002928
	30.060000	0.002628
	30.080000	0.001840
	30.100000	0.001730
	30.120000	0.001274
	30.140000	0.002602
	30.160000	0.002687
	30.180000	0.002413
	30.200000	0.001743
	30.220000	0.001078
	30.240000	0.001052
	30.260000	0.000870
	30.280000	0.001489
	30.300000	0.001573
	30.320000	0.001143
	30.340000	0.000479
	30.360000	-0.000341
	30.380000	-0.000270
	30.400000	-0.000393
	30.420000	-0.000361
	30.440000	8.846468E-5
	30.460000	-0.000647
	30.480000	-0.000901
	30.500000	-0.000953
	30.520000	-0.001702
	30.540000	-0.001422
	30.560000	-0.001123
	30.580000	-0.000849
	30.600000	-0.000719
	30.620000	-0.001006
	30.640000	-0.001357
	30.660000	-0.001155
	30.680000	-0.001579
	30.700000	-0.001409
	30.720000	-0.001090
	30.740000	-0.000348
	30.760000	-0.000419
	30.780000	-0.000367
	30.800000	-0.000967
	30.820000	-0.000250
	30.840000	-0.000882
	30.860000	-0.000485
	30.880000	-0.000348
	30.900000	2.334259E-5
	30.920000	2.334259E-5
	30.940000	-0.000205
	30.960000	-0.000276
	30.980000	-0.000302
	31.000000	-0.000244
	31.020000	-0.000244
	31.040000	0.000323
	31.060000	0.000427
	31.080000	0.000603
	31.100000	0.000447
	31.120000	-0.000556
	31.140000	-0.000485
	31.160000	-0.000192
	31.180000	4.939143E-5
	31.200000	0.000473
	31.220000	0.000147
	31.240000	-0.000263
	31.260000	-0.000120
	31.280000	-0.000139
	31.300000	0.000649
	31.320000	0.001489
	31.340000	0.002101
	31.360000	0.002791
	31.380000	0.003559
	31.400000	0.004751
	31.420000	0.007441
	31.440000	0.012670
	31.460000	0.017470
	31.480000	0.024490
	31.500000	0.030527
	31.520000	0.035085
	31.540000	0.040562
	31.560000	0.045322
	31.580000	0.050278
	31.600000	0.055221
	31.620000	0.060020
	31.640000	0.063667
	31.660000	0.069971
	31.680000	0.074015
	31.700000	0.079088
	31.720000	0.082325
	31.740000	0.086128
	31.760000	0.090589
	31.780000	0.093441
	31.800000	0.097882
	31.820000	0.101125
	31.840000	0.105176
	31.860000	0.108028
	31.880000	0.113336
	31.900000	0.117959
	31.920000	0.116416
	31.940000	0.118480
	31.960000	0.116677
	31.980000	0.118226
	32.000000	0.115016
	32.020000	0.116240
	32.040000	0.118500
	32.060000	0.117145
	32.080000	0.115596
	32.100000	0.114593
	32.120000	0.114443
	32.140000	0.113179
	32.160000	0.108595
	32.180000	0.102539
	32.200000	0.094229
	32.220000	0.087945
	32.240000	0.087560
	32.260000	0.089573
	32.280000	0.076867
	32.300000	0.059421
	32.320000	0.049301
	32.340000	0.038517
	32.360000	0.034421
	32.380000	0.022647
	32.400000	0.010449
	32.420000	0.003527
	32.440000	0.000199
	32.460000	-0.001110
	32.480000	-0.000843
	32.500000	-0.000706
	32.520000	-0.000576
	32.540000	-0.000836
	32.560000	-0.001084
	32.580000	-0.001859
	32.600000	-0.001781
	32.620000	-0.001149
	32.640000	-0.000843
	32.660000	-0.001175
	32.680000	-0.001650
	32.700000	-0.001768
	32.720000	-0.001741
	32.740000	-0.001611
	32.760000	-0.000719
	32.780000	-0.000680
	32.800000	-0.001129
	32.820000	-0.001305
	32.840000	-0.001481
	32.860000	-0.001194
	32.880000	-0.000289
	32.900000	-0.000159
	32.920000	-0.000211
	32.940000	-0.000791
	32.960000	-0.001006
	32.980000	-0.001162
	33.000000	-0.000856
	33.020000	1.031817E-5
	33.040000	4.939143E-5
	33.060000	-0.000374
	33.080000	-0.001012
	33.100000	-0.001116
	33.120000	-0.000817
	33.140000	-0.000406
	33.160000	8.195247E-5
	33.180000	-0.000315
	33.200000	-0.001142
	33.220000	-0.001331
	33.240000	-0.001722
	33.260000	-0.001461
	33.280000	-0.001006
	33.300000	-0.000973
	33.320000	-0.001019
	33.340000	-0.001807
	33.360000	-0.001943
	33.380000	-0.001429
	33.400000	-0.000856
	33.420000	-0.000667
	33.440000	-0.000810
	33.460000	-0.000517
	33.480000	-0.000960
	33.500000	-0.001501
	33.520000	-0.001227
	33.540000	-0.000830
	33.560000	-0.000374
	33.580000	-0.000400
	33.600000	-0.000771
	33.620000	-0.000758
	33.640000	-0.000849
	33.660000	-0.000205
	33.680000	-0.000172
	33.700000	0.000421
	33.720000	0.000101
	33.740000	-0.000296
	33.760000	-0.000250
	33.780000	-0.000524
	33.800000	-0.000133
	33.820000	-6.782833E-5
	33.840000	9.497689E-5
	33.860000	-0.000517
	33.880000	-0.000960
	33.900000	-0.000882
	33.920000	-0.000341
	33.940000	0.000101
	33.960000	0.000375
	33.980000	-0.000459
	34.000000	-0.000244
	34.020000	-0.001071
	34.040000	-0.000589
	34.060000	-8.085274E-5
	34.080000	-0.000406
	34.100000	-0.000185
	34.120000	-0.000817
	34.140000	-0.001045
	34.160000	-0.000888
	34.180000	-0.000374
	34.200000	0.000199
	34.220000	8.846468E-5
	34.240000	-0.000589
	34.260000	-0.000967
	34.280000	-0.001207
	34.300000	-0.000283
	34.320000	-0.000179
	34.340000	-2.224287E-5
	34.360000	-0.000641
	34.380000	-0.001266
	34.400000	-0.001370
	34.420000	-0.001220
	34.440000	-0.000914
	34.460000	-0.000367
	34.480000	-0.000967
	34.500000	-0.001487
	34.520000	-0.001553
	34.540000	-0.001331
	34.560000	-0.001025
	34.580000	-0.000771
	34.600000	-0.000198
	34.620000	-0.000511
	34.640000	-0.001572
	34.660000	-0.001917
	34.680000	-0.000999
	34.700000	-0.001058
	34.720000	-0.000726
	34.740000	-0.001207
	34.760000	-0.001924
	34.780000	-0.002028
	34.800000	-0.001364
	34.820000	-0.000693
	34.840000	-0.000419
	34.860000	-0.000875
	34.880000	-0.001097
	34.900000	-0.001266
	34.920000	-0.001142
	34.940000	-0.000706
	34.960000	-0.000250
	34.980000	-0.000328
	35.000000	-0.000224
	35.020000	-0.000498
	35.040000	-0.000706
	35.060000	-0.001338
	35.080000	-0.000791
	35.100000	-0.000817
	35.120000	0.000186
	35.140000	8.195247E-5
	35.160000	-0.000218
	35.180000	-0.000517
	35.200000	-0.001448
	35.220000	-0.001579
	35.240000	-0.000921
	35.260000	-0.000980
	35.280000	-0.000713
	35.300000	-0.000849
	35.320000	-0.001058
	35.340000	-0.001442
	35.360000	-0.001741
	35.380000	-0.001807
	35.400000	-0.001611
	35.420000	-0.001325
	35.440000	-0.000973
	35.460000	-0.000947
	35.480000	-0.000947
	35.500000	-0.001351
	35.520000	-0.001136
	35.540000	-0.000172
	35.560000	0.000134
	35.580000	9.497689E-5
	35.600000	-0.000354
	35.620000	-0.000511
	35.640000	-0.000739
	35.660000	-0.000289
	35.680000	-9.218451E-6
	35.700000	0.000284
	35.720000	0.000186
	35.740000	-0.000152
	35.760000	-0.000270
	35.780000	2.334259E-5
	35.800000	0.000303
	35.820000	0.000714
	35.840000	0.000668
	35.860000	0.000271
	35.880000	0.000173
	35.900000	-0.000179
	35.920000	-0.000797
	35.940000	0.000186
	35.960000	0.000525
	35.980000	0.000440
	36.000000	-0.000107
	36.020000	-0.000433
	36.040000	-0.000244
	36.060000	8.195247E-5
	36.080000	0.000206
	36.100000	0.000792
	36.120000	0.000596
	36.140000	0.000108
	36.160000	-0.000550
	36.180000	-0.000315
	36.200000	0.000375
	36.220000	0.000251
	36.240000	0.000258
	36.260000	-0.000341
	36.280000	-0.000888
	36.300000	-0.000667
	36.320000	-0.000582
	36.340000	-0.000875
	36.360000	-0.000224
	36.380000	-8.085274E-5
	36.400000	-0.000100
	36.420000	-0.000654
	36.440000	-0.001292
	36.460000	-0.001383
	36.480000	-0.000797
	36.500000	-0.001181
	36.520000	-0.000804
	36.540000	-0.001364
	36.560000	-0.001468
	36.580000	-0.001878
	36.600000	-0.001149
	36.620000	-0.001266
	36.640000	-0.000641
	36.660000	-0.000804
	36.680000	-0.001188
	36.700000	-0.001663
	36.720000	-0.001292
	36.740000	-0.001123
	36.760000	-0.000908
	36.780000	-0.001045
	36.800000	-0.001273
	36.820000	-0.001533
	36.840000	-0.001305
	36.860000	-0.001084
	36.880000	-0.000485
	36.900000	0.000199
	36.920000	-0.000686
	36.940000	-0.000823
	36.960000	-0.000869
	36.980000	-0.000400
	37.000000	-3.526728E-5
	37.020000	-0.000107
	37.040000	-0.000433
	37.060000	-0.001019
	37.080000	-0.001260
	37.100000	-0.000921
	37.120000	-0.001383
	37.140000	-0.000791
	37.160000	-0.000315
	37.180000	-0.000146
	37.200000	-0.001006
	37.220000	-0.001325
	37.240000	-0.001540
	37.260000	-0.000882
	37.280000	-0.001416
	37.300000	-0.000980
	37.320000	-0.000967
	37.340000	-0.000654
	37.360000	-0.001631
	37.380000	-0.002165
	37.400000	-0.001768
	37.420000	-0.001012
	37.440000	-0.002008
	37.460000	-0.001227
	37.480000	-0.000797
	37.500000	-0.000537
	37.520000	-0.000765
	37.540000	-0.001442
	37.560000	-0.000986
	37.580000	-0.000237
	37.600000	-0.000582
	37.620000	2.334259E-5
	37.640000	-9.218451E-6
	37.660000	-0.000465
	37.680000	-0.000439
	37.700000	-0.000693
	37.720000	-0.000517
	37.740000	-0.000563
	37.760000	-0.000765
	37.780000	-1.573066E-5
	37.800000	-0.000133
	37.820000	-0.000771
	37.840000	-0.000608
	37.860000	-0.000869
	37.880000	-0.000387
	37.900000	-0.000713
	37.920000	-2.706242E-6
	37.940000	0.000154
	37.960000	-2.875508E-5
	37.980000	-0.000700
	38.000000	-0.001338
	38.020000	-0.001207
	38.040000	-2.224287E-5
	38.060000	-0.000185
	38.080000	-0.000126
	38.100000	0.001000
	38.120000	0.000186
	38.140000	-0.000472
	38.160000	-0.000166
	38.180000	-0.000276
	38.200000	0.000492
	38.220000	0.000779
	38.240000	-0.000341
	38.260000	-0.000257
	38.280000	-0.000634
	38.300000	-0.001064
	38.320000	-0.000778
	38.340000	-0.000211
	38.360000	-0.000999
	38.380000	-0.001409
	38.400000	-0.001872
	38.420000	-0.001540
	38.440000	-0.000804
	38.460000	-0.000380
	38.480000	-0.000563
	38.500000	-0.001006
	38.520000	-0.001390
	38.540000	-0.001611
	38.560000	-0.000817
	38.580000	-0.000309
	38.600000	-0.000367
	38.620000	-0.000485
	38.640000	-0.000830
	38.660000	-0.000927
	38.680000	-0.000120
	38.700000	0.000355
	38.720000	0.000850
	38.740000	0.000805
	38.760000	0.000414
	38.780000	0.000596
	38.800000	0.000701
	38.820000	0.001912
	38.840000	0.001808
	38.860000	0.001065
	38.880000	0.001391
	38.900000	0.001163
	38.920000	0.001261
	38.940000	0.001222
	38.960000	0.001599
	38.980000	0.001866
	39.000000	0.002114
	39.020000	0.001521
	39.040000	0.000629
	39.060000	0.000935
	39.080000	0.001619
	39.100000	0.001599
	39.120000	0.001899
	39.140000	0.001658
	39.160000	0.000968
	39.180000	0.000779
	39.200000	0.000922
	39.220000	0.000694
	39.240000	0.001410
	39.260000	0.000538
	39.280000	0.000388
	39.300000	1.683038E-5
	39.320000	-0.000166
	39.340000	0.000154
	39.360000	0.000388
	39.380000	-0.000159
	39.400000	-0.000836
	39.420000	-0.001045
	39.440000	-0.000980
	39.460000	-5.480391E-5
	39.480000	-9.387716E-5
	39.500000	0.000199
	39.520000	0.000310
	39.540000	0.000460
	39.560000	0.000395
	39.580000	0.001013
	39.600000	0.001345
	39.620000	0.001541
	39.640000	0.001222
	39.660000	0.001163
	39.680000	0.001528
	39.700000	0.002205
	39.720000	0.002472
	39.740000	0.002824
	39.760000	0.001619
	39.780000	0.001430
	39.800000	0.001808
	39.820000	0.002518
	39.840000	0.003006
	39.860000	0.003638
	39.880000	0.003221
	39.900000	0.002765
	39.920000	0.002439
	39.940000	0.003162
	39.960000	0.003963
	39.980000	0.003768
	40.000000	0.004048
	40.020000	0.003826
	40.040000	0.003501
	40.060000	0.003253
	40.080000	0.003599
	40.100000	0.003872
	40.120000	0.004133
	40.140000	0.003038
	40.160000	0.002277
	40.180000	0.002693
	40.200000	0.003572
	40.220000	0.003631
	40.240000	0.002928
	40.260000	0.001684
	40.280000	0.001183
	40.300000	0.000889
	40.320000	0.000916
	40.340000	0.001267
	40.360000	0.000564
	40.380000	-0.000980
	40.400000	-0.001188
	40.420000	-0.001501
	40.440000	-0.000758
	40.460000	-0.000700
	40.480000	-0.000706
	40.500000	-0.001214
	40.520000	-0.001234
	40.540000	-0.000882
	40.560000	-5.480391E-5
	40.580000	0.000219
	40.600000	0.000173
	40.620000	-0.000100
	40.640000	0.000147
	40.660000	-0.000107
	40.680000	0.000649
	40.700000	0.001482
	40.720000	0.000994
	40.740000	0.001046
	40.760000	0.000525
	40.780000	0.001378
	40.800000	0.002016
	40.820000	0.002915
	40.840000	0.002908
	40.860000	0.002283
	40.880000	0.002309
	40.900000	0.003286
	40.920000	0.003807
	40.940000	0.003677
	40.960000	0.003599
	40.980000	0.003260
	41.000000	0.003221
	41.020000	0.003169
	41.040000	0.003188
	41.060000	0.003879
	41.080000	0.003898
	41.100000	0.004204
	41.120000	0.003130
	41.140000	0.003384
	41.160000	0.003384
	41.180000	0.004054
	41.200000	0.003983
	41.220000	0.002687
	41.240000	0.002081
	41.260000	0.001684
	41.280000	0.001990
	41.300000	0.003084
	41.320000	0.002192
	41.340000	0.000981
	41.360000	3.805966E-6
	41.380000	-0.000348
	41.400000	-0.000413
	41.420000	-5.480391E-5
	41.440000	0.000258
	41.460000	-0.000524
	41.480000	-0.001103
	41.500000	-0.001045
	41.520000	-0.000726
	41.540000	-0.000817
	41.560000	-0.000192
	41.580000	-0.000823
	41.600000	-0.000615
	41.620000	-0.000654
	41.640000	-0.000322
	41.660000	0.000264
	41.680000	0.000870
	41.700000	0.000349
	41.720000	0.000297
	41.740000	-9.218451E-6
	41.760000	0.000382
	41.780000	0.000844
	41.800000	0.000981
	41.820000	0.000596
	41.840000	0.000199
	41.860000	-6.782833E-5
	41.880000	-8.736495E-5
	41.900000	0.000154
	41.920000	0.000844
	41.940000	0.001085
	41.960000	0.001397
	41.980000	0.001059
	42.000000	0.000219
	42.020000	0.000622
	42.040000	0.000818
	42.060000	0.001489
	42.080000	0.001580
	42.100000	0.001879
	42.120000	0.001358
	42.140000	0.000473
	42.160000	0.000883
	42.180000	0.001156
	42.200000	0.002446
	42.220000	0.001638
	42.240000	0.001189
	42.260000	0.000766
	42.280000	0.000642
	42.300000	0.001625
	42.320000	0.001508
	42.340000	0.000427
	42.360000	-0.000348
	42.380000	-0.000641
	42.400000	-0.000804
	42.420000	-0.000595
	42.440000	-0.000322
	42.460000	-0.000413
	42.480000	-0.001103
	42.500000	-0.001351
	42.520000	-0.001624
	42.540000	-0.000791
	42.560000	-0.000289
	42.580000	0.000577
	42.600000	-0.000315
	42.620000	-0.000569
	42.640000	-0.000172
	42.660000	0.000525
	42.680000	0.001339
	42.700000	0.001502
	42.720000	0.001222
	42.740000	0.000942
	42.760000	0.000831
	42.780000	0.001606
	42.800000	0.002114
	42.820000	0.002719
	42.840000	0.002557
	42.860000	0.001619
	42.880000	0.002205
	42.900000	0.003390
	42.920000	0.003143
	42.940000	0.003813
	42.960000	0.003104
	42.980000	0.002309
	43.000000	0.003136
	43.020000	0.003214
	43.040000	0.004439
	43.060000	0.003807
	43.080000	0.003462
	43.100000	0.003312
	43.120000	0.003540
	43.140000	0.003996
	43.160000	0.003989
	43.180000	0.004328
	43.200000	0.003664
	43.220000	0.002446
	43.240000	0.003025
	43.260000	0.003279
	43.280000	0.003488
	43.300000	0.002863
	43.320000	0.002218
	43.340000	0.001847
	43.360000	0.001267
	43.380000	0.001521
	43.400000	0.001814
	43.420000	0.002140
	43.440000	0.001690
	43.460000	0.002778
	43.480000	0.004419
	43.500000	0.008105
	43.520000	0.011283
	43.540000	0.015933
	43.560000	0.018948
	43.580000	0.024066
	43.600000	0.025486
	43.620000	0.029791
	43.640000	0.033047
	43.660000	0.035814
	43.680000	0.036453
	43.700000	0.040510
	43.720000	0.043453
	43.740000	0.046872
	43.760000	0.048455
	43.780000	0.051945
	43.800000	0.053886
	43.820000	0.058132
	43.840000	0.064514
	43.860000	0.067008
	43.880000	0.072113
	43.900000	0.073533
	43.920000	0.076353
	43.940000	0.079316
	43.960000	0.082299
	43.980000	0.086603
	44.000000	0.089325
	44.020000	0.088160
	44.040000	0.092529
	44.060000	0.092874
	44.080000	0.093233
	44.100000	0.093708
	44.120000	0.091500
	44.140000	0.090439
	44.160000	0.087443
	44.180000	0.085216
	44.200000	0.077134
	44.220000	0.074282
	44.240000	0.072367
	44.260000	0.067744
	44.280000	0.054550
	44.300000	0.041050
	44.320000	0.031614
	44.340000	0.023643
	44.360000	0.019495
	44.380000	0.014513
	44.400000	0.007330
	44.420000	0.002198
	44.440000	0.000707
	44.460000	0.000206
	44.480000	-0.000120
	44.500000	-0.000485
	44.520000	-0.001006
	44.540000	-0.001709
	44.560000	-0.001409
	44.580000	-0.001611
	44.600000	-0.000927
	44.620000	-0.000322
	44.640000	-7.434054E-5
	44.660000	-0.000302
	44.680000	-0.001149
	44.700000	-0.000791
	44.720000	-0.000927
	44.740000	-0.000634
	44.760000	-0.000120
	44.780000	0.000408
	44.800000	0.000557
	44.820000	0.000375
	44.840000	-2.224287E-5
	44.860000	-0.000556
	44.880000	0.000421
	44.900000	0.000831
	44.920000	0.000837
	44.940000	0.001098
	44.960000	0.001085
	44.980000	0.000590
	45.000000	0.000401
	45.020000	0.000271
	45.040000	0.001072
	45.060000	0.001443
	45.080000	0.000994
	45.100000	0.000355
	45.120000	0.000440
	45.140000	-0.000263
	45.160000	-9.387716E-5
	45.180000	0.000186
	45.200000	0.000453
	45.220000	0.000740
	45.240000	-8.085274E-5
	45.260000	-0.000673
	45.280000	-0.000296
	45.300000	-0.001247
	45.320000	-0.000641
	45.340000	-0.000166
	45.360000	-0.000452
	45.380000	-0.000660
	45.400000	-0.001194
	45.420000	-0.001455
	45.440000	-0.001448
	45.460000	-0.000888
	45.480000	-0.000498
	45.500000	-0.000309
	45.520000	-0.000367
	45.540000	-0.000439
	45.560000	-0.000901
	45.580000	-0.001520
	45.600000	-0.000732
	45.620000	-0.000511
	45.640000	-9.218451E-6
	45.660000	-0.000341
	45.680000	-0.000328
	45.700000	-0.001279
	45.720000	-0.001435
	45.740000	-0.001162
	45.760000	-0.000973
	45.780000	-0.000589
	45.800000	-0.000739
	45.820000	-0.000986
	45.840000	-0.001611
	45.860000	-0.001181
	45.880000	-0.000419
	45.900000	-0.000465
	45.920000	-0.000517
	45.940000	-0.000543
	45.960000	-0.001025
	45.980000	-0.000862
	46.000000	-0.000283
	46.020000	-4.177949E-5
	46.040000	-0.000472
	46.060000	-0.000973
	46.080000	-0.000869
	46.100000	-0.000491
	46.120000	0.000499
	46.140000	0.000557
	46.160000	-0.000322
	46.180000	-0.000641
	46.200000	-0.000159
	46.220000	0.000212
	46.240000	8.846468E-5
	46.260000	4.939143E-5
	46.280000	-0.000836
	46.300000	-0.001025
	46.320000	-0.001201
	46.340000	-0.000550
	46.360000	-0.000550
	46.380000	-0.000960
	46.400000	-0.001572
	46.420000	-0.001618
	46.440000	-0.001461
	46.460000	-0.000947
	46.480000	-0.000797
	46.500000	-0.000934
	46.520000	-0.001663
	46.540000	-0.001598
	46.560000	-0.001286
	46.580000	-0.001214
	46.600000	-0.001247
	46.620000	-0.000660
	46.640000	-0.000875
	46.660000	-0.001598
	46.680000	-0.001650
	46.700000	-0.001579
	46.720000	-0.000550
	46.740000	-0.000660
	46.760000	-0.000133
	46.780000	-0.000595
	46.800000	-0.001058
	46.820000	-0.001240
	46.840000	-0.000621
	46.860000	-0.000459
	46.880000	-0.000309
	46.900000	-0.000419
	46.920000	-0.000784
	46.940000	-0.001709
	46.960000	-0.001266
	46.980000	-0.001683
	47.000000	-0.000888
	47.020000	-0.000752
	47.040000	-0.001403
	47.060000	-0.001904
	47.080000	-0.001611
	47.100000	-0.000999
	47.120000	-0.000556
	47.140000	-0.000524
	47.160000	-0.001325
	47.180000	-0.001637
	47.200000	-0.001487
	47.220000	-0.001077
	47.240000	-0.000680
	47.260000	-0.000804
	47.280000	-0.001670
	47.300000	-0.002015
	47.320000	-0.001566
	47.340000	-0.000602
	47.360000	-0.000237
	47.380000	-0.000582
	47.400000	-0.001396
	47.420000	-0.001071
	47.440000	-0.000804
	47.460000	-0.000406
	47.480000	-0.000472
	47.500000	-0.000810
	47.520000	-0.001338
	47.540000	-0.001253
	47.560000	-0.000869
	47.580000	-0.000524
	47.600000	-0.000641
	47.620000	-0.000980
	47.640000	-0.001429
	47.660000	-0.001670
	47.680000	-0.000283
	47.700000	0.000219
	47.720000	-0.000713
	47.740000	-0.001071
	47.760000	-0.001038
	47.780000	-0.001162
	47.800000	-0.001351
	47.820000	-0.001201
	47.840000	-0.000914
	47.860000	-0.000726
	47.880000	-0.000348
	47.900000	-0.001116
	47.920000	-0.001566
	47.940000	-0.001051
	47.960000	-0.000276
	47.980000	2.334259E-5
	48.000000	-0.000328
	48.020000	-0.000869
	48.040000	-0.000973
	48.060000	-0.000765
	48.080000	8.195247E-5
	48.100000	0.000219
	48.120000	-0.000107
	48.140000	-0.000836
	48.160000	-0.001032
	48.180000	-0.001214
	48.200000	0.000128
	48.220000	6.241584E-5
	48.240000	-0.000582
	48.260000	-0.001878
	48.280000	-0.001598
	48.300000	-0.001129
	48.320000	-3.526728E-5
	48.340000	-0.000765
	48.360000	-0.001689
	48.380000	-0.001833
	48.400000	-0.001247
	48.420000	-0.001123
	48.440000	-0.001201
	48.460000	-0.001253
	48.480000	-0.001318
	48.500000	-0.001989
	48.520000	-0.002074
	48.540000	-0.001461
	48.560000	-0.000882
	48.580000	-0.000797
	48.600000	-0.000752
	48.620000	-0.001650
	48.640000	-0.001546
	48.660000	-0.000791
	48.680000	-0.000296
	48.700000	-0.000231
	48.720000	-0.000862
	48.740000	-0.000980
	48.760000	-0.001670
	48.780000	-0.000446
	48.800000	-0.000459
	48.820000	-3.526728E-5
	48.840000	-0.000791
	48.860000	-0.001442
	48.880000	-0.001416
	48.900000	-0.000680
	48.920000	-0.000211
	48.940000	-0.000387
	48.960000	-0.001605
	48.980000	-0.001507
	49.000000	-0.001416
	49.020000	-0.000667
	49.040000	-0.000791
	49.060000	-0.001533
	49.080000	-0.001800
	49.100000	-0.001741
	49.120000	-0.000980
	49.140000	-0.000686
	49.160000	-0.001058
	49.180000	-0.001435
	49.200000	-0.001722
	49.220000	-0.001461
	49.240000	-0.000602
	49.260000	-0.000478
	49.280000	-0.000634
	49.300000	-0.001207
	49.320000	-0.001644
	49.340000	-0.001077
	49.360000	-0.000498
	49.380000	-0.000224
	49.400000	-0.000752
	49.420000	-0.001416
	49.440000	-0.000901
	49.460000	-0.000934
	49.480000	0.000134
	49.500000	-0.000511
	49.520000	-0.000797
	49.540000	-0.001546
	49.560000	-0.000993
	49.580000	-0.000380
	49.600000	-0.000849
	49.620000	-0.000908
	49.640000	-0.000524
	49.660000	-0.001657
	49.680000	-0.001735
	49.700000	-0.000914
	49.720000	-0.000556
	49.740000	-0.000752
	49.760000	-0.001090
	49.780000	-0.001696
	49.800000	-0.001312
	49.820000	-0.000973
	49.840000	-0.000393
	49.860000	-0.000895
	49.880000	-0.001149
	49.900000	-0.001474
	49.920000	-0.001377
	49.940000	-0.000341
	49.960000	-0.000166
	49.980000	-0.000921
	50.000000	-0.001507
