	0.000000	1.751358
	0.020000	1.786719
	0.040000	1.724932
	0.060000	1.788588
	0.080000	1.785560
	0.100000	1.851425
	0.120000	1.835587
	0.140000	1.842028
	0.160000	1.837710
	0.180000	1.855260
	0.200000	1.854459
	0.220000	1.806451
	0.240000	1.771683
	0.260000	1.799229
	0.280000	1.743224
	0.300000	1.778703
	0.320000	1.699052
	0.340000	1.757115
	0.360000	1.700335
	0.380000	1.744299
	0.400000	1.711256
	0.420000	1.668282
	0.440000	1.656827
	0.460000	1.823937
	0.480000	1.824191
	0.500000	1.795335
	0.520000	1.841878
	0.540000	1.805208
	0.560000	1.860092
	0.580000	1.794508
	0.600000	1.788849
	0.620000	1.772549
	0.640000	1.790125
	0.660000	1.737839
	0.680000	1.751202
	0.700000	1.682824
	0.720000	1.709133
	0.740000	1.676409
	0.760000	1.713646
	0.780000	1.643666
	0.800000	1.691967
	0.820000	1.657830
	0.840000	1.985667
	0.860000	2.366579
	0.880000	2.958643
	0.900000	3.906378
	0.920000	5.591015
	0.940000	9.119108
	0.960000	9.980888
	0.980000	9.980901
	1.000000	9.980882
	1.020000	9.980973
	1.040000	9.980855
	1.060000	9.980947
	1.080000	9.981031
	1.100000	9.980901
	1.120000	9.981031
	1.140000	9.980940
	1.160000	9.980842
	1.180000	9.980888
	1.200000	9.980947
	1.220000	9.980882
	1.240000	9.980888
	1.260000	9.980882
	1.280000	9.980908
	1.300000	9.980908
	1.320000	9.980803
	1.340000	9.980745
	1.360000	9.980862
	1.380000	9.980979
	1.400000	9.980875
	1.420000	9.980745
	1.440000	9.980823
	1.460000	9.980875
	1.480000	9.980882
	1.500000	9.980842
	1.520000	9.980836
	1.540000	9.980842
	1.560000	9.980842
	1.580000	9.980927
	1.600000	9.980947
	1.620000	9.581716
	1.640000	7.514174
	1.660000	6.405731
	1.680000	6.055114
	1.700000	5.978439
	1.720000	5.953634
	1.740000	5.903581
	1.760000	5.908094
	1.780000	5.971158
	1.800000	5.966815
	1.820000	5.969504
	1.840000	5.972213
	1.860000	6.041477
	1.880000	6.130734
	1.900000	6.364346
	1.920000	6.351791
	1.940000	6.385719
	1.960000	6.458200
	1.980000	6.600316
	2.000000	6.633828
	2.020000	6.661440
	2.040000	6.720616
	2.060000	6.815955
	2.080000	6.949650
	2.100000	7.021415
	2.120000	6.967220
	2.140000	7.068622
	2.160000	7.060983
	2.180000	7.057486
	2.200000	6.933546
	2.220000	6.906930
	2.240000	6.938554
	2.260000	6.944623
	2.280000	6.639493
	2.300000	6.455322
	2.320000	6.340238
	2.340000	6.213061
	2.360000	5.901830
	2.380000	5.729953
	2.400000	5.618828
	2.420000	5.418435
	2.440000	5.256229
	2.460000	4.993696
	2.480000	4.728147
	2.500000	4.348368
	2.520000	4.051464
	2.540000	3.767310
	2.560000	3.463398
	2.580000	2.754694
	2.600000	1.756750
	2.620000	0.619119
	2.640000	0.252495
	2.660000	0.071163
	2.680000	0.045824
	2.700000	0.059284
	2.720000	0.081231
	2.740000	0.088251
	2.760000	0.069040
	2.780000	0.092646
	2.800000	0.084330
	2.820000	0.108178
	2.840000	0.069242
	2.860000	0.089924
	2.880000	0.043134
	2.900000	0.067366
	2.920000	0.033164
	2.940000	0.050174
	2.960000	-0.005746
	2.980000	0.025011
	3.000000	0.010886
	3.020000	0.023324
	3.040000	0.046970
	3.060000	0.049790
	3.080000	0.076991
	3.100000	0.085783
	3.120000	0.108380
	3.140000	0.082442
	3.160000	0.084734
	3.180000	0.082260
	3.200000	0.098573
	3.220000	0.061994
	3.240000	0.048162
	3.260000	0.014194
	3.280000	0.041024
	3.300000	0.002478
	3.320000	0.017190
	3.340000	-0.034680
	3.360000	-0.018035
	3.380000	-0.061771
	3.400000	-0.024078
	3.420000	-0.078481
	3.440000	-0.062715
	3.460000	-0.114364
	3.480000	-0.073187
	3.500000	-0.107610
	3.520000	-0.081158
	3.540000	-0.120772
	3.560000	-0.086687
	3.580000	-0.080259
	3.600000	-0.050687
	3.620000	-0.063197
	3.640000	-0.038164
	3.660000	-0.030851
	3.680000	0.016812
	3.700000	0.007213
	3.720000	0.039331
	3.740000	0.032005
	3.760000	0.048305
	3.780000	0.060118
	3.800000	0.075331
	3.820000	0.071176
	3.840000	0.073917
	3.860000	0.083562
	3.880000	0.087997
	3.900000	0.085366
	3.920000	0.059610
	3.940000	0.055586
	3.960000	0.049431
	3.980000	0.050734
	4.000000	0.014012
	4.020000	0.014721
	4.040000	-0.025999
	4.060000	-0.009582
	4.080000	-0.049717
	4.100000	-0.034504
	4.120000	-0.081575
	4.140000	-0.065294
	4.160000	-0.086609
	4.180000	-0.054673
	4.200000	-0.089103
	4.220000	-0.074776
	4.240000	-0.088178
	4.260000	-0.041993
	4.280000	-0.062885
	4.300000	-0.030988
	4.320000	-0.044989
	4.340000	-0.003565
	4.360000	-0.003578
	4.380000	0.018987
	4.400000	0.026508
	4.420000	0.037469
	4.440000	0.049900
	4.460000	0.060665
	4.480000	0.097876
	4.500000	0.090419
	4.520000	0.093148
	4.540000	0.056093
	4.560000	0.080859
	4.580000	0.074959
	4.600000	0.083132
	4.620000	0.042776
	4.640000	0.058373
	4.660000	0.011159
	4.680000	0.027518
	4.700000	-0.024730
	4.720000	-0.012643
	4.740000	-0.075818
	4.760000	-0.049867
	4.780000	-0.087103
	4.800000	-0.059472
	4.820000	-0.111055
	4.840000	-0.082858
	4.860000	-0.107897
	4.880000	-0.067847
	4.900000	-0.097132
	4.920000	-0.064806
	4.940000	-0.088315
	4.960000	-0.034745
	4.980000	-0.054399
	5.000000	-0.024248
	5.020000	-0.044540
	5.040000	-0.013652
	5.060000	-0.011933
	5.080000	0.028605
	5.100000	0.031783
	5.120000	0.043701
	5.140000	0.052303
	5.160000	0.078144
	5.180000	0.095518
	5.200000	0.090283
	5.220000	0.087554
	5.240000	0.082090
	5.260000	0.095303
	5.280000	0.068056
	5.300000	0.066871
	5.320000	0.019638
	5.340000	0.031992
	5.360000	-0.014356
	5.380000	0.013263
	5.400000	-0.033124
	5.420000	-0.026800
	5.440000	-0.062012
	5.460000	-0.024664
	5.480000	-0.064871
	5.500000	-0.050323
	5.520000	-0.089806
	5.540000	-0.053123
	5.560000	-0.083952
	5.580000	-0.062891
	5.600000	-0.091799
	5.620000	-0.069514
	5.640000	-0.076007
	5.660000	-0.044227
	5.680000	-0.043133
	5.700000	-0.016902
	5.720000	-0.002979
	5.740000	0.017912
	5.760000	0.048591
	5.780000	0.061941
	5.800000	0.068727
	5.820000	0.061193
	5.840000	0.099015
	5.860000	0.088856
	5.880000	0.099497
	5.900000	0.075943
	5.920000	0.098325
	5.940000	0.069782
	5.960000	0.094548
	5.980000	0.059239
	6.000000	0.080794
	6.020000	0.015861
	6.040000	0.037560
	6.060000	-0.011217
	6.080000	0.026144
	6.100000	-0.049867
	6.120000	-0.025700
	6.140000	-0.086498
	6.160000	-0.047972
	6.180000	-0.099535
	6.200000	-0.081190
	6.220000	-0.112260
	6.240000	-0.094788
	6.260000	-0.086114
	6.280000	-0.069579
	6.300000	-0.067554
	6.320000	-0.062136
	6.340000	-0.036803
	6.360000	-0.020418
	6.380000	0.011504
	6.400000	-0.010155
	6.420000	0.007838
	6.440000	0.015855
	6.460000	0.057109
	6.480000	0.036453
	6.500000	0.054446
	6.520000	0.045889
	6.540000	0.089742
	6.560000	0.071703
	6.580000	0.102936
	6.600000	0.071599
	6.620000	0.095929
	6.640000	0.056080
	6.660000	0.083855
	6.680000	0.038413
	6.700000	0.043720
	6.720000	-0.008657
	6.740000	0.017346
	6.760000	-0.038640
	6.780000	-0.022411
	6.800000	-0.081549
	6.820000	-0.049365
	6.840000	-0.083593
	6.860000	-0.055995
	6.880000	-0.101053
	6.900000	-0.057512
	6.920000	-0.102147
	6.940000	-0.056998
	6.960000	-0.083496
	6.980000	-0.025856
	7.000000	-0.052856
	7.020000	-0.023720
	7.040000	-0.029894
	7.060000	0.009225
	7.080000	0.017359
	7.100000	0.024639
	7.120000	0.044026
	7.140000	0.058425
	7.160000	0.076985
	7.180000	0.077551
	7.200000	0.101744
	7.220000	0.094060
	7.240000	0.088453
	7.260000	0.074178
	7.280000	0.118962
	7.300000	0.099836
	7.320000	0.072817
	7.340000	0.028032
	7.360000	0.063016
	7.380000	0.032356
	7.400000	0.036094
	7.420000	-0.023349
	7.440000	-0.014401
	7.460000	-0.060123
	7.480000	-0.018243
	7.500000	-0.066479
	7.520000	-0.049899
	7.540000	-0.099757
	7.560000	-0.056203
	7.580000	-0.080409
	7.600000	-0.056157
	7.620000	-0.100310
	7.640000	-0.061289
	7.660000	-0.052966
	7.680000	-0.048493
	7.700000	-0.042892
	7.720000	-0.041160
	7.740000	-0.009836
	7.760000	0.007128
	7.780000	0.030969
	7.800000	0.023116
	7.820000	0.056693
	7.840000	0.065484
	7.860000	0.092848
	7.880000	0.086551
	7.900000	0.098442
	7.920000	0.077883
	7.940000	0.118767
	7.960000	0.084317
	7.980000	0.104421
	8.000000	0.053925
	8.020000	0.072563
	8.040000	0.038458
	8.060000	0.061375
	8.080000	0.004504
	8.100000	0.016721
	8.120000	-0.021096
	8.140000	0.011661
	8.160000	-0.043446
	8.180000	-0.025400
	8.200000	-0.075909
	8.220000	-0.048206
	8.240000	-0.093127
	8.260000	-0.058417
	8.280000	-0.107369
	8.300000	-0.076111
	8.320000	-0.101176
	8.340000	-0.055532
	8.360000	-0.075036
	8.380000	-0.046148
	8.400000	-0.050759
	8.420000	-0.003096
	8.440000	0.003774
	8.460000	0.019104
	8.480000	0.059304
	8.500000	0.049575
	8.520000	0.064462
	8.540000	0.063394
	8.560000	0.093526
	8.580000	0.070544
	8.600000	0.088062
	8.620000	0.064253
	8.640000	0.074028
	8.660000	0.056497
	8.680000	0.081035
	8.700000	0.034362
	8.720000	0.050753
	8.740000	0.001749
	8.760000	0.027375
	8.780000	-0.031235
	8.800000	-0.030193
	8.820000	-0.090672
	8.840000	-0.073591
	8.860000	-0.114663
	8.880000	-0.065275
	8.900000	-0.100694
	8.920000	-0.078012
	8.940000	-0.096481
	8.960000	-0.053865
	8.980000	-0.058476
	9.000000	-0.031821
	9.020000	-0.028188
	9.040000	-0.021109
	9.060000	-0.008039
	9.080000	0.009642
	9.100000	0.025219
	9.120000	0.022002
	9.140000	0.030891
	9.160000	0.048963
	9.180000	0.080084
	9.200000	0.062514
	9.220000	0.086427
	9.240000	0.069339
	9.260000	0.113909
	9.280000	0.070785
	9.300000	0.093578
	9.320000	0.050779
	9.340000	0.072120
	9.360000	0.012494
	9.380000	0.038458
	9.400000	-0.023401
	9.420000	0.005669
	9.440000	-0.059589
	9.460000	-0.031431
	9.480000	-0.072490
	9.500000	-0.039577
	9.520000	-0.100239
	9.540000	-0.065502
	9.560000	-0.086915
	9.580000	-0.055037
	9.600000	-0.115497
	9.620000	-0.080214
	9.640000	-0.084160
	9.660000	-0.053162
	9.680000	-0.072972
	9.700000	-0.046213
	9.720000	-0.050498
	9.740000	-0.027667
	9.760000	-0.007563
	9.780000	0.022523
	9.800000	0.024633
	9.820000	0.028097
	9.840000	0.064761
	9.860000	0.069033
	9.880000	0.097550
	9.900000	0.065510
	9.920000	0.101920
	9.940000	0.086336
	9.960000	0.107025
	9.980000	0.073898
	10.000000	0.087847
	10.020000	0.049861
	10.040000	0.069776
	10.060000	0.020615
	10.080000	0.052342
	10.100000	-0.030949
	10.120000	-0.019051
	10.140000	-0.079647
	10.160000	-0.028943
	10.180000	-0.069273
	10.200000	-0.044383
	10.220000	-0.105325
	10.240000	-0.058202
	10.260000	-0.082330
	10.280000	-0.054471
	10.300000	-0.085000
	10.320000	-0.063197
	10.340000	-0.070068
	10.360000	-0.053468
	10.380000	-0.031952
	10.400000	-0.033235
	10.420000	-0.015762
	10.440000	-0.004744
	10.460000	0.036042
	10.480000	0.037723
	10.500000	0.066253
	10.520000	0.074152
	10.540000	0.103086
	10.560000	0.078600
	10.580000	0.106400
	10.600000	0.079257
	10.620000	0.090699
	10.640000	0.032409
	10.660000	0.059363
	10.680000	-0.024938
	10.700000	0.022464
	10.720000	-0.041980
	10.740000	-0.009647
	10.760000	-0.071565
	10.780000	-0.020855
	10.800000	-0.076892
	10.820000	-0.044422
	10.840000	-0.101378
	10.860000	-0.063920
	10.880000	-0.110958
	10.900000	-0.076984
	10.920000	-0.096865
	10.940000	-0.064363
	10.960000	-0.087175
	10.980000	-0.054523
	11.000000	-0.044546
	11.020000	-0.011406
	11.040000	-4.829170E-5
	11.060000	0.022315
	11.080000	0.042216
	11.100000	0.052596
	11.120000	0.082904
	11.140000	0.073462
	11.160000	0.091422
	11.180000	0.064260
	11.200000	0.097400
	11.220000	0.076372
	11.240000	0.099432
	11.260000	0.051313
	11.280000	0.077414
	11.300000	0.047335
	11.320000	0.077675
	11.340000	0.022523
	11.360000	0.048611
	11.380000	-0.006365
	11.400000	0.031275
	11.420000	-0.026104
	11.440000	-0.003825
	11.460000	-0.060358
	11.480000	-0.030721
	11.500000	-0.060749
	11.520000	-0.008625
	11.540000	-0.026104
	11.560000	0.019241
	11.580000	0.026183
	11.600000	0.085841
	11.620000	0.099680
	11.640000	0.133732
	11.660000	0.170161
	11.680000	0.206232
	11.700000	0.247774
	11.720000	0.261560
	11.740000	0.303662
	11.760000	0.293066
	11.780000	0.321010
	11.800000	0.317396
	11.820000	0.367852
	11.840000	0.356892
	11.860000	0.373225
	11.880000	0.344545
	11.900000	0.379757
	11.920000	0.360305
	11.940000	0.390430
	11.960000	0.344493
	11.980000	0.373407
	12.000000	0.329189
	12.020000	0.345008
	12.040000	0.279573
	12.060000	0.297273
	12.080000	0.224232
	12.100000	0.249096
	12.120000	0.208434
	12.140000	0.232425
	12.160000	0.173645
	12.180000	0.195572
	12.200000	0.162373
	12.220000	0.202677
	12.240000	0.150768
	12.260000	0.167061
	12.280000	0.151048
	12.300000	0.172799
	12.320000	0.162470
	12.340000	0.171340
	12.360000	0.173072
	12.380000	0.179571
	12.400000	0.170285
	12.420000	0.168794
	12.440000	0.160465
	12.460000	0.141488
	12.480000	0.117152
	12.500000	0.086121
	12.520000	0.105860
	12.540000	0.076581
	12.560000	0.109656
	12.580000	0.086349
	12.600000	0.121085
	12.620000	0.087528
	12.640000	0.110164
	12.660000	0.052525
	12.680000	0.076066
	12.700000	0.013699
	12.720000	0.021969
	12.740000	-0.032460
	12.760000	0.002342
	12.780000	-0.065086
	12.800000	-0.021929
	12.820000	-0.059388
	12.840000	-0.014466
	12.860000	-0.029978
	12.880000	0.004471
	12.900000	-0.014590
	12.920000	0.011622
	12.940000	0.010241
	12.960000	0.042255
	12.980000	0.043173
	13.000000	0.037696
	13.020000	0.056823
	13.040000	0.086694
	13.060000	0.106674
	13.080000	0.103164
	13.100000	0.123306
	13.120000	0.124856
	13.140000	0.162796
	13.160000	0.132775
	13.180000	0.167726
	13.200000	0.123690
	13.220000	0.156167
	13.240000	0.112528
	13.260000	0.131342
	13.280000	0.066454
	13.300000	0.074673
	13.320000	0.026235
	13.340000	0.069229
	13.360000	-0.001598
	13.380000	0.025890
	13.400000	-0.034843
	13.420000	0.009342
	13.440000	-0.031196
	13.460000	-0.002139
	13.480000	-0.056828
	13.500000	-0.010312
	13.520000	-0.026586
	13.540000	0.042906
	13.560000	0.032786
	13.580000	0.089123
	13.600000	0.086779
	13.620000	0.138662
	13.640000	0.161552
	13.660000	0.196803
	13.680000	0.214601
	13.700000	0.281168
	13.720000	0.312694
	13.740000	0.334757
	13.760000	0.370327
	13.780000	0.362115
	13.800000	0.394188
	13.820000	0.380792
	13.840000	0.416961
	13.860000	0.381163
	13.880000	0.415437
	13.900000	0.357902
	13.920000	0.382896
	13.940000	0.336307
	13.960000	0.382739
	13.980000	0.308487
	14.000000	0.337232
	14.020000	0.259431
	14.040000	0.314583
	14.060000	0.255048
	14.080000	0.285623
	14.100000	0.247813
	14.120000	0.269844
	14.140000	0.221334
	14.160000	0.273751
	14.180000	0.225274
	14.200000	0.247012
	14.220000	0.215551
	14.240000	0.249825
	14.260000	0.233082
	14.280000	0.240903
	14.300000	0.229006
	14.320000	0.233707
	14.340000	0.266418
	14.360000	0.279280
	14.380000	0.274754
	14.400000	0.251896
	14.420000	0.258675
	14.440000	0.237563
	14.460000	0.228068
	14.480000	0.140466
	14.500000	0.146789
	14.520000	0.107520
	14.540000	0.163792
	14.560000	0.141644
	14.580000	0.170917
	14.600000	0.135679
	14.620000	0.187581
	14.640000	0.166671
	14.660000	0.205210
	14.680000	0.136962
	14.700000	0.184964
	14.720000	0.122948
	14.740000	0.183322
	14.760000	0.132716
	14.780000	0.155802
	14.800000	0.091774
	14.820000	0.150280
	14.840000	0.114156
	14.860000	0.152943
	14.880000	0.119529
	14.900000	0.164606
	14.920000	0.155769
	14.940000	0.209332
	14.960000	0.192609
	14.980000	0.215480
	15.000000	0.242024
	15.020000	0.256129
	15.040000	0.254846
	15.060000	0.260909
	15.080000	0.288403
	15.100000	0.273289
	15.120000	0.303128
	15.140000	0.301806
	15.160000	0.321739
	15.180000	0.286736
	15.200000	0.326975
	15.220000	0.305856
	15.240000	0.328473
	15.260000	0.275744
	15.280000	0.293809
	15.300000	0.244589
	15.320000	0.271407
	15.340000	0.207079
	15.360000	0.229188
	15.380000	0.179858
	15.400000	0.205855
	15.420000	0.139528
	15.440000	0.206174
	15.460000	0.205444
	15.480000	0.275972
	15.500000	0.358012
	15.520000	0.562059
	15.540000	0.690063
	15.560000	0.832792
	15.580000	0.986271
	15.600000	1.119830
	15.620000	1.261347
	15.640000	1.405892
	15.660000	1.529487
	15.680000	1.607334
	15.700000	1.689316
	15.720000	1.770126
	15.740000	1.863336
	15.760000	1.927318
	15.780000	1.981402
	15.800000	1.989041
	15.820000	2.040624
	15.840000	2.091041
	15.860000	2.138047
	15.880000	2.123661
	15.900000	2.164493
	15.920000	2.151064
	15.940000	2.210768
	15.960000	2.163574
	15.980000	2.202185
	16.000000	2.092044
	16.020000	2.123264
	16.040000	2.045554
	16.060000	2.028648
	16.080000	1.991945
	16.100000	1.977495
	16.120000	1.922264
	16.140000	1.962087
	16.160000	1.877617
	16.180000	1.890114
	16.200000	1.857090
	16.220000	1.875709
	16.240000	1.719722
	16.260000	1.646935
	16.280000	1.594499
	16.300000	1.622547
	16.320000	1.648107
	16.340000	1.633507
	16.360000	1.517850
	16.380000	1.466651
	16.400000	1.509182
	16.420000	1.538734
	16.440000	1.449504
	16.460000	1.574239
	16.480000	2.197132
	16.500000	3.128000
	16.520000	4.099973
	16.540000	5.056421
	16.560000	5.946757
	16.580000	6.800905
	16.600000	7.659149
	16.620000	8.318569
	16.640000	9.085498
	16.660000	9.771110
	16.680000	9.980823
	16.700000	9.980823
	16.720000	9.980647
	16.740000	9.980660
	16.760000	9.980693
	16.780000	9.980667
	16.800000	9.980823
	16.820000	9.980875
	16.840000	9.980712
	16.860000	9.980751
	16.880000	9.980927
	16.900000	9.980784
	16.920000	9.980829
	16.940000	9.980914
	16.960000	9.980895
	16.980000	9.980725
	17.000000	9.980927
	17.020000	9.980869
	17.040000	9.981025
	17.060000	9.980829
	17.080000	9.980732
	17.100000	9.980934
	17.120000	9.980745
	17.140000	9.980895
	17.160000	9.980810
	17.180000	9.980797
	17.200000	9.980803
	17.220000	9.980673
	17.240000	9.980595
	17.260000	9.980693
	17.280000	9.980862
	17.300000	9.980673
	17.320000	9.980771
	17.340000	9.904096
	17.360000	9.351307
	17.380000	8.813086
	17.400000	8.320587
	17.420000	8.047088
	17.440000	6.128669
	17.460000	5.704444
	17.480000	7.352255
	17.500000	9.978856
	17.520000	9.980751
	17.540000	9.980693
	17.560000	9.980745
	17.580000	9.980810
	17.600000	9.980810
	17.620000	9.980667
	17.640000	9.980797
	17.660000	9.980829
	17.680000	9.980888
	17.700000	9.980660
	17.720000	9.980751
	17.740000	9.980758
	17.760000	9.980725
	17.780000	9.980771
	17.800000	9.980725
	17.820000	9.980680
	17.840000	9.980699
	17.860000	9.980673
	17.880000	9.980654
	17.900000	9.980927
	17.920000	9.980699
	17.940000	9.980803
	17.960000	9.980654
	17.980000	9.980641
	18.000000	9.980875
	18.020000	9.980901
	18.040000	9.980829
	18.060000	9.980855
	18.080000	9.980751
	18.100000	9.980771
	18.120000	9.980862
	18.140000	9.980836
	18.160000	9.980615
	18.180000	9.980751
	18.200000	9.980725
	18.220000	9.980855
	18.240000	9.980771
	18.260000	9.980842
	18.280000	9.980758
	18.300000	9.980660
	18.320000	9.980751
	18.340000	9.980777
	18.360000	9.980588
	18.380000	9.980771
	18.400000	9.980764
	18.420000	9.980712
	18.440000	9.703331
	18.460000	4.365124
	18.480000	1.363758
	18.500000	0.596659
	18.520000	0.312889
	18.540000	0.260701
	18.560000	0.218834
	18.580000	0.176771
	18.600000	0.112027
	18.620000	0.131720
	18.640000	0.084226
	18.660000	0.106726
	18.680000	0.068708
	18.700000	0.070739
	18.720000	0.030833
	18.740000	0.065751
	18.760000	0.023252
	18.780000	0.051444
	18.800000	0.002778
	18.820000	0.014337
	18.840000	-0.021643
	18.860000	0.013712
	18.880000	-0.016928
	18.900000	-0.010318
	18.920000	-0.026944
	18.940000	0.022061
	18.960000	0.002153
	18.980000	0.028423
	19.000000	0.036485
	19.020000	0.049900
	19.040000	0.080560
	19.060000	0.106517
	19.080000	0.115954
	19.100000	0.109761
	19.120000	0.132488
	19.140000	0.134422
	19.160000	0.161233
	19.180000	0.136676
	19.200000	0.151810
	19.220000	0.131355
	19.240000	0.172284
	19.260000	0.135373
	19.280000	0.138558
	19.300000	0.113661
	19.320000	0.141338
	19.340000	0.089371
	19.360000	0.105918
	19.380000	0.059649
	19.400000	0.065816
	19.420000	-0.005330
	19.440000	0.007037
	19.460000	-0.045022
	19.480000	-0.021096
	19.500000	-0.067573
	19.520000	-0.026533
	19.540000	-0.045002
	19.560000	-0.010552
	19.580000	-0.053637
	19.600000	-0.001800
	19.620000	0.006177
	19.640000	0.030064
	19.660000	0.036856
	19.680000	0.075773
	19.700000	0.083021
	19.720000	0.093278
	19.740000	0.114716
	19.760000	0.155997
	19.780000	0.184110
	19.800000	0.177006
	19.820000	0.192316
	19.840000	0.188448
	19.860000	0.211885
	19.880000	0.195084
	19.900000	0.212295
	19.920000	0.179181
	19.940000	0.201570
	19.960000	0.157391
	19.980000	0.199082
	20.000000	0.134800
	20.020000	0.153477
	20.040000	0.100083
	20.060000	0.130222
	20.080000	0.080814
	20.100000	0.095010
	20.120000	0.024900
	20.140000	0.057813
	20.160000	0.028097
	20.180000	0.051066
	20.200000	0.006842
	20.220000	0.037026
	20.240000	0.022451
	20.260000	0.053528
	20.280000	0.026684
	20.300000	0.057767
	20.320000	0.048442
	20.340000	0.060437
	20.360000	0.070531
	20.380000	0.067620
	20.400000	0.068936
	20.420000	0.054518
	20.440000	0.073924
	20.460000	0.065810
	20.480000	0.077375
	20.500000	0.060072
	20.520000	0.106628
	20.540000	0.090986
	20.560000	0.122004
	20.580000	0.080241
	20.600000	0.116084
	20.620000	0.072556
	20.640000	0.099680
	20.660000	0.036817
	20.680000	0.053274
	20.700000	-0.009843
	20.720000	0.026678
	20.740000	-0.040756
	20.760000	0.003696
	20.780000	-0.072992
	20.800000	-0.031548
	20.820000	-0.077303
	20.840000	-0.029379
	20.860000	-0.092841
	20.880000	-0.054139
	20.900000	-0.086302
	20.920000	-0.055024
	20.940000	-0.087631
	20.960000	-0.061081
	20.980000	-0.083854
	21.000000	-0.059016
	21.020000	-0.054126
	21.040000	-0.026716
	21.060000	-0.026065
	21.080000	-0.013418
	21.100000	0.018010
	21.120000	0.044189
	21.140000	0.066533
	21.160000	0.061212
	21.180000	0.080488
	21.200000	0.079160
	21.220000	0.102278
	21.240000	0.070525
	21.260000	0.091578
	21.280000	0.054661
	21.300000	0.080247
	21.320000	0.037084
	21.340000	0.062860
	21.360000	0.010677
	21.380000	0.036609
	21.400000	-0.004236
	21.420000	0.035320
	21.440000	-0.027894
	21.460000	-0.004047
	21.480000	-0.060117
	21.500000	-0.015704
	21.520000	-0.078520
	21.540000	-0.062149
	21.560000	-0.116643
	21.580000	-0.062878
	21.600000	-0.095530
	21.620000	-0.064246
	21.640000	-0.084512
	21.660000	-0.044383
	21.680000	-0.047763
	21.700000	-0.010331
	21.720000	-0.004776
	21.740000	0.014311
	21.760000	0.026385
	21.780000	0.042717
	21.800000	0.061792
	21.820000	0.055540
	21.840000	0.072009
	21.860000	0.067633
	21.880000	0.110197
	21.900000	0.100422
	21.920000	0.113883
	21.940000	0.092230
	21.960000	0.138069
	21.980000	0.108321
	22.000000	0.131251
	22.020000	0.085281
	22.040000	0.112808
	22.060000	0.022666
	22.080000	0.050858
	22.100000	-0.003050
	22.120000	0.015796
	22.140000	-0.055057
	22.160000	-0.026169
	22.180000	-0.067469
	22.200000	-0.025947
	22.220000	-0.072073
	22.240000	-0.052686
	22.260000	-0.072926
	22.280000	-0.032909
	22.300000	-0.059264
	22.320000	-0.049808
	22.340000	-0.049502
	22.360000	-0.033208
	22.380000	-0.035605
	22.400000	-0.018751
	22.420000	-0.012005
	22.440000	-0.008970
	22.460000	0.020433
	22.480000	0.037560
	22.500000	0.067588
	22.520000	0.053534
	22.540000	0.077082
	22.560000	0.084207
	22.580000	0.101633
	22.600000	0.073181
	22.620000	0.094405
	22.640000	0.070414
	22.660000	0.096905
	22.680000	0.046918
	22.700000	0.071794
	22.720000	0.011999
	22.740000	0.037312
	22.760000	-0.010663
	22.780000	0.019130
	22.800000	-0.043420
	22.820000	-0.024417
	22.840000	-0.068902
	22.860000	-0.033091
	22.880000	-0.082044
	22.900000	-0.071924
	22.920000	-0.100675
	22.940000	-0.070172
	22.960000	-0.087286
	22.980000	-0.077159
	23.000000	-0.086882
	23.020000	-0.065756
	23.040000	-0.062025
	23.060000	-0.050088
	23.080000	-0.035221
	23.100000	-0.026716
	23.120000	-0.003187
	23.140000	0.006256
	23.160000	0.044612
	23.180000	0.037547
	23.200000	0.057161
	23.220000	0.058451
	23.240000	0.100865
	23.260000	0.086681
	23.280000	0.099289
	23.300000	0.077792
	23.320000	0.111486
	23.340000	0.083933
	23.360000	0.089963
	23.380000	0.039898
	23.400000	0.060255
	23.420000	0.031021
	23.440000	0.050903
	23.460000	-0.004242
	23.480000	0.011101
	23.500000	-0.038399
	23.520000	-0.000634
	23.540000	-0.048890
	23.560000	-0.036295
	23.580000	-0.088465
	23.600000	-0.041329
	23.620000	-0.081041
	23.640000	-0.046975
	23.660000	-0.084017
	23.680000	-0.053318
	23.700000	-0.060801
	23.720000	-0.036341
	23.740000	-0.025420
	23.760000	-0.008403
	23.780000	0.047081
	23.800000	0.044170
	23.820000	0.073234
	23.840000	0.079414
	23.860000	0.112685
	23.880000	0.079336
	23.900000	0.099276
	23.920000	0.078639
	23.940000	0.102044
	23.960000	0.062964
	23.980000	0.080071
	24.000000	0.037377
	24.020000	0.063902
	24.040000	0.020797
	24.060000	0.046188
	24.080000	-0.000914
	24.100000	-0.003389
	24.120000	-0.061680
	24.140000	-0.037161
	24.160000	-0.078468
	24.180000	-0.056138
	24.200000	-0.092170
	24.220000	-0.080585
	24.240000	-0.100173
	24.260000	-0.078507
	24.280000	-0.070530
	24.300000	-0.043771
	24.320000	-0.048317
	24.340000	-0.031939
	24.360000	-0.020562
	24.380000	0.008151
	24.400000	0.027485
	24.420000	0.026808
	24.440000	0.055266
	24.460000	0.060405
	24.480000	0.084500
	24.500000	0.064058
	24.520000	0.099276
	24.540000	0.087600
	24.560000	0.119679
	24.580000	0.093526
	24.600000	0.130769
	24.620000	0.084975
	24.640000	0.128027
	24.660000	0.086271
	24.680000	0.109962
	24.700000	0.042379
	24.720000	0.070440
	24.740000	0.017750
	24.760000	0.046403
	24.780000	-0.029028
	24.800000	0.001671
	24.820000	-0.049007
	24.840000	0.000909
	24.860000	-0.062526
	24.880000	-0.031554
	24.900000	-0.060846
	24.920000	-0.031320
	24.940000	-0.046656
	24.960000	-0.002881
	24.980000	-0.013079
	25.000000	0.006483
	25.020000	0.012025
	25.040000	0.037013
	25.060000	0.057656
	25.080000	0.096358
	25.100000	0.097785
	25.120000	0.080202
	25.140000	0.109285
	25.160000	0.108530
	25.180000	0.130495
	25.200000	0.102584
	25.220000	0.111441
	25.240000	0.094105
	25.260000	0.125286
	25.280000	0.090947
	25.300000	0.090497
	25.320000	0.045811
	25.340000	0.075037
	25.360000	0.026919
	25.380000	0.025623
	25.400000	-0.041329
	25.420000	-0.009966
	25.440000	-0.047229
	25.460000	-0.020282
	25.480000	-0.067730
	25.500000	-0.019500
	25.520000	-0.047451
	25.540000	0.001091
	25.560000	-0.006984
	25.580000	0.023917
	25.600000	0.001743
	25.620000	0.050115
	25.640000	0.061863
	25.660000	0.089801
	25.680000	0.090836
	25.700000	0.109617
	25.720000	0.131928
	25.740000	0.159826
	25.760000	0.179350
	25.780000	0.178178
	25.800000	0.225593
	25.820000	0.245560
	25.840000	0.274168
	25.860000	0.269499
	25.880000	0.291770
	25.900000	0.272709
	25.920000	0.302711
	25.940000	0.254638
	25.960000	0.269811
	25.980000	0.227156
	26.000000	0.232685
	26.020000	0.176367
	26.040000	0.197825
	26.060000	0.151712
	26.080000	0.177045
	26.100000	0.134377
	26.120000	0.153900
	26.140000	0.099771
	26.160000	0.151953
	26.180000	0.093643
	26.200000	0.092458
	26.220000	0.094144
	26.240000	0.114059
	26.260000	0.125019
	26.280000	0.110301
	26.300000	0.114462
	26.320000	0.122524
	26.340000	0.115153
	26.360000	0.100044
	26.380000	0.156512
	26.400000	0.151712
	26.420000	0.145115
	26.440000	0.091813
	26.460000	0.158771
	26.480000	0.191150
	26.500000	0.234847
	26.520000	0.167185
	26.540000	0.217531
	26.560000	0.219029
	26.580000	0.281461
	26.600000	0.234235
	26.620000	0.240877
	26.640000	0.205210
	26.660000	0.273009
	26.680000	0.227006
	26.700000	0.267076
	26.720000	0.216476
	26.740000	0.261586
	26.760000	0.236625
	26.780000	0.299748
	26.800000	0.251251
	26.820000	0.289992
	26.840000	0.276629
	26.860000	0.346955
	26.880000	0.317611
	26.900000	0.325829
	26.920000	0.342253
	26.940000	0.406307
	26.960000	0.393419
	26.980000	0.389512
	27.000000	0.393706
	27.020000	0.419950
	27.040000	0.452602
	27.060000	0.464611
	27.080000	0.462227
	27.100000	0.459095
	27.120000	0.498110
	27.140000	0.500643
	27.160000	0.511551
	27.180000	0.445966
	27.200000	0.438979
	27.220000	0.424359
	27.240000	0.448356
	27.260000	0.379340
	27.280000	0.361470
	27.300000	0.298087
	27.320000	0.318132
	27.340000	0.247728
	27.360000	0.271355
	27.380000	0.223854
	27.400000	0.256142
	27.420000	0.274663
	27.440000	0.455500
	27.460000	0.595317
	27.480000	0.807062
	27.500000	0.932559
	27.520000	1.140513
	27.540000	1.279470
	27.560000	1.441195
	27.580000	1.547298
	27.600000	1.747601
	27.620000	1.962432
	27.640000	2.148714
	27.660000	2.323417
	27.680000	2.455530
	27.700000	2.573075
	27.720000	2.730254
	27.740000	2.920527
	27.760000	2.983787
	27.780000	3.135977
	27.800000	3.255743
	27.820000	3.427620
	27.840000	3.417389
	27.860000	3.573780
	27.880000	3.561850
	27.900000	3.662633
	27.920000	3.677852
	27.940000	3.653047
	27.960000	3.634396
	27.980000	3.669484
	28.000000	3.588074
	28.020000	3.665960
	28.040000	3.542567
	28.060000	3.570856
	28.080000	3.392754
	28.100000	3.460598
	28.120000	3.378987
	28.140000	3.327866
	28.160000	3.265844
	28.180000	3.123357
	28.200000	2.889705
	28.220000	2.747837
	28.240000	2.715543
	28.260000	2.613516
	28.280000	2.308823
	28.300000	2.064413
	28.320000	1.924537
	28.340000	1.677249
	28.360000	1.296832
	28.380000	0.699871
	28.400000	0.395067
	28.420000	0.183016
	28.440000	0.124172
	28.460000	0.073312
	28.480000	0.110308
	28.500000	0.069111
	28.520000	0.110340
	28.540000	0.084558
	28.560000	0.131433
	28.580000	0.103711
	28.600000	0.157684
	28.620000	0.127246
	28.640000	0.202273
	28.660000	0.152663
	28.680000	0.192186
	28.700000	0.177976
	28.720000	0.244107
	28.740000	0.226935
	28.760000	0.256422
	28.780000	0.272852
	28.800000	0.310434
	28.820000	0.352790
	28.840000	0.378773
	28.860000	0.413900
	28.880000	0.434746
	28.900000	0.467470
	28.920000	0.461934
	28.940000	0.493812
	28.960000	0.461413
	28.980000	0.491070
	29.000000	0.503352
	29.020000	0.551796
	29.040000	0.469755
	29.060000	0.475330
	29.080000	0.465145
	29.100000	0.502036
	29.120000	0.454094
	29.140000	0.450837
	29.160000	0.402693
	29.180000	0.424144
	29.200000	0.357185
	29.220000	0.317826
	29.240000	0.249278
	29.260000	0.279293
	29.280000	0.219244
	29.300000	0.189034
	29.320000	0.118213
	29.340000	0.120682
	29.360000	0.071625
	29.380000	0.059154
	29.400000	-0.000367
	29.420000	-0.027172
	29.440000	-0.055760
	29.460000	-0.021070
	29.480000	-0.018022
	29.500000	0.004549
	29.520000	0.003892
	29.540000	0.021201
	29.560000	0.052225
	29.580000	0.060183
	29.600000	0.059369
	29.620000	0.087052
	29.640000	0.121717
	29.660000	0.119197
	29.680000	0.157632
	29.700000	0.129812
	29.720000	0.170767
	29.740000	0.131394
	29.760000	0.165192
	29.780000	0.128946
	29.800000	0.141130
	29.820000	0.076073
	29.840000	0.105762
	29.860000	0.062873
	29.880000	0.081699
	29.900000	0.015796
	29.920000	0.044124
	29.940000	0.012839
	29.960000	0.043108
	29.980000	0.003566
	30.000000	0.032825
	30.020000	0.002999
	30.040000	0.031842
	30.060000	0.026222
	30.080000	0.061023
	30.100000	0.017899
	30.120000	0.026756
	30.140000	0.057591
	30.160000	0.103164
	30.180000	0.086362
	30.200000	0.068304
	30.220000	0.101431
	30.240000	0.128913
	30.260000	0.150696
	30.280000	0.124550
	30.300000	0.141722
	30.320000	0.128835
	30.340000	0.147329
	30.360000	0.127005
	30.380000	0.124485
	30.400000	0.084096
	30.420000	0.099198
	30.440000	0.064585
	30.460000	0.080801
	30.480000	0.023226
	30.500000	0.044000
	30.520000	0.003397
	30.540000	0.036895
	30.560000	-0.026573
	30.580000	-0.004887
	30.600000	-0.053168
	30.620000	-0.014675
	30.640000	-0.060234
	30.660000	-0.040255
	30.680000	-0.074834
	30.700000	-0.042247
	30.720000	-0.068889
	30.740000	-0.032245
	30.760000	-0.058626
	30.780000	-0.031652
	30.800000	-0.031059
	30.820000	-0.002464
	30.840000	-0.001090
	30.860000	0.018121
	30.880000	0.032858
	30.900000	0.059317
	30.920000	0.075982
	30.940000	0.078040
	30.960000	0.098149
	30.980000	0.109643
	31.000000	0.132169
	31.020000	0.114749
	31.040000	0.129323
	31.060000	0.110887
	31.080000	0.132859
	31.100000	0.110750
	31.120000	0.121079
	31.140000	0.073221
	31.160000	0.096254
	31.180000	0.060007
	31.200000	0.073514
	31.220000	0.011602
	31.240000	0.037299
	31.260000	-0.003311
	31.280000	0.021644
	31.300000	-0.039297
	31.320000	-0.014890
	31.340000	-0.053422
	31.360000	-0.011021
	31.380000	-0.049561
	31.400000	-0.008228
	31.420000	-0.009055
	31.440000	0.070642
	31.460000	0.101204
	31.480000	0.173111
	31.500000	0.189183
	31.520000	0.236508
	31.540000	0.278205
	31.560000	0.347795
	31.580000	0.390528
	31.600000	0.467320
	31.620000	0.507214
	31.640000	0.537476
	31.660000	0.619347
	31.680000	0.613285
	31.700000	0.660335
	31.720000	0.665786
	31.740000	0.736912
	31.760000	0.737518
	31.780000	0.792514
	31.800000	0.770717
	31.820000	0.834517
	31.840000	0.797769
	31.860000	0.843940
	31.880000	0.812239
	31.900000	0.826117
	31.920000	0.750868
	31.940000	0.762427
	31.960000	0.721993
	31.980000	0.782231
	32.000000	0.757992
	32.020000	0.772684
	32.040000	0.736697
	32.060000	0.753577
	32.080000	0.750080
	32.100000	0.770242
	32.120000	0.790325
	32.140000	0.753785
	32.160000	0.742011
	32.180000	0.693971
	32.200000	0.678433
	32.220000	0.654767
	32.240000	0.664164
	32.260000	0.589958
	32.280000	0.534982
	32.300000	0.457532
	32.320000	0.426202
	32.340000	0.343295
	32.360000	0.241229
	32.380000	0.139066
	32.400000	0.130912
	32.420000	0.049952
	32.440000	0.068082
	32.460000	0.029524
	32.480000	0.054895
	32.500000	-0.028018
	32.520000	-0.004210
	32.540000	-0.053930
	32.560000	-0.016576
	32.580000	-0.064343
	32.600000	-0.050518
	32.620000	-0.083203
	32.640000	-0.041700
	32.660000	-0.074945
	32.680000	-0.043426
	32.700000	-0.077277
	32.720000	-0.047555
	32.740000	-0.056945
	32.760000	-0.026677
	32.780000	-0.040007
	32.800000	-0.025791
	32.820000	-0.009895
	32.840000	0.016753
	32.860000	0.022002
	32.880000	0.036537
	32.900000	0.060470
	32.920000	0.081387
	32.940000	0.104284
	32.960000	0.097479
	32.980000	0.118454
	33.000000	0.114860
	33.020000	0.132534
	33.040000	0.105827
	33.060000	0.120721
	33.080000	0.093643
	33.100000	0.108263
	33.120000	0.075357
	33.140000	0.085450
	33.160000	0.028840
	33.180000	0.052160
	33.200000	0.008619
	33.220000	0.034864
	33.240000	-0.027758
	33.260000	-0.004796
	33.280000	-0.041082
	33.300000	-0.018074
	33.320000	-0.085130
	33.340000	-0.044338
	33.360000	-0.086960
	33.380000	-0.053794
	33.400000	-0.089747
	33.420000	-0.061367
	33.440000	-0.069521
	33.460000	-0.037051
	33.480000	-0.030004
	33.500000	-0.011946
	33.520000	-0.011047
	33.540000	0.007011
	33.560000	0.042568
	33.580000	0.051828
	33.600000	0.071892
	33.620000	0.054837
	33.640000	0.113889
	33.660000	0.104421
	33.680000	0.132710
	33.700000	0.105313
	33.720000	0.124680
	33.740000	0.079642
	33.760000	0.116970
	33.780000	0.067112
	33.800000	0.087893
	33.820000	0.029159
	33.840000	0.061499
	33.860000	0.019137
	33.880000	0.049640
	33.900000	-0.013861
	33.920000	0.005428
	33.940000	-0.041902
	33.960000	0.001039
	33.980000	-0.053982
	34.000000	-0.042130
	34.020000	-0.076860
	34.040000	-0.039076
	34.060000	-0.055943
	34.080000	-0.039434
	34.100000	-0.057473
	34.120000	-0.024528
	34.140000	-0.023453
	34.160000	0.003488
	34.180000	0.010261
	34.200000	0.027967
	34.220000	0.046612
	34.240000	0.060333
	34.260000	0.070433
	34.280000	0.081752
	34.300000	0.098501
	34.320000	0.076718
	34.340000	0.114352
	34.360000	0.084526
	34.380000	0.101177
	34.400000	0.066350
	34.420000	0.111936
	34.440000	0.064605
	34.460000	0.098273
	34.480000	0.043089
	34.500000	0.064038
	34.520000	0.013321
	34.540000	0.043616
	34.560000	-0.019741
	34.580000	-0.010559
	34.600000	-0.070419
	34.620000	-0.022574
	34.640000	-0.074978
	34.660000	-0.046832
	34.680000	-0.101040
	34.700000	-0.038561
	34.720000	-0.061849
	34.740000	-0.038868
	34.760000	-0.053813
	34.780000	-0.022112
	34.800000	-0.017540
	34.820000	-0.006788
	34.840000	-0.001435
	34.860000	-0.002341
	34.880000	0.012130
	34.900000	0.023604
	34.920000	0.051815
	34.940000	0.041363
	34.960000	0.075422
	34.980000	0.078066
	35.000000	0.122668
	35.020000	0.100311
	35.040000	0.121626
	35.060000	0.093500
	35.080000	0.137639
	35.100000	0.089156
	35.120000	0.103711
	35.140000	0.040523
	35.160000	0.068434
	35.180000	0.007128
	35.200000	0.032135
	35.220000	-0.034276
	35.240000	-0.004138
	35.260000	-0.053090
	35.280000	-0.008332
	35.300000	-0.067665
	35.320000	-0.041362
	35.340000	-0.087957
	35.360000	-0.049469
	35.380000	-0.083242
	35.400000	-0.074007
	35.420000	-0.110482
	35.440000	-0.071624
	35.460000	-0.077081
	35.480000	-0.056516
	35.500000	-0.066538
	35.520000	-0.029894
	35.540000	-0.016804
	35.560000	0.010528
	35.580000	0.025694
	35.600000	0.046592
	35.620000	0.066402
	35.640000	0.084246
	35.660000	0.109083
	35.680000	0.094822
	35.700000	0.105489
	35.720000	0.095063
	35.740000	0.133647
	35.760000	0.106348
	35.780000	0.119542
	35.800000	0.089403
	35.820000	0.132215
	35.840000	0.095942
	35.860000	0.113531
	35.880000	0.064677
	35.900000	0.094203
	35.920000	0.054615
	35.940000	0.068030
	35.960000	0.004393
	35.980000	0.031002
	36.000000	-0.030154
	36.020000	0.009785
	36.040000	-0.045829
	36.060000	-0.026651
	36.080000	-0.047301
	36.100000	-0.003930
	36.120000	-0.017547
	36.140000	0.011902
	36.160000	-0.009608
	36.180000	0.020081
	36.200000	0.028703
	36.220000	0.048917
	36.240000	0.053059
	36.260000	0.053371
	36.280000	0.070153
	36.300000	0.072048
	36.320000	0.096866
	36.340000	0.082527
	36.360000	0.093968
	36.380000	0.088166
	36.400000	0.124009
	36.420000	0.100604
	36.440000	0.118051
	36.460000	0.073833
	36.480000	0.112001
	36.500000	0.072250
	36.520000	0.082780
	36.540000	0.026951
	36.560000	0.060138
	36.580000	0.007910
	36.600000	0.026157
	36.620000	-0.045777
	36.640000	-0.001520
	36.660000	-0.056691
	36.680000	-0.024469
	36.700000	-0.078931
	36.720000	-0.041694
	36.740000	-0.079712
	36.760000	-0.045256
	36.780000	-0.073402
	36.800000	-0.041225
	36.820000	-0.070055
	36.840000	-0.035533
	36.860000	-0.029119
	36.880000	-0.011458
	36.900000	-0.023414
	36.920000	-0.001650
	36.940000	0.027069
	36.960000	0.045179
	36.980000	0.051652
	37.000000	0.054843
	37.020000	0.098670
	37.040000	0.089091
	37.060000	0.117061
	37.080000	0.087163
	37.100000	0.130821
	37.120000	0.106081
	37.140000	0.138369
	37.160000	0.088765
	37.180000	0.105202
	37.200000	0.066988
	37.220000	0.095798
	37.240000	0.038947
	37.260000	0.047960
	37.280000	-0.014942
	37.300000	0.023207
	37.320000	-0.021565
	37.340000	-0.011887
	37.360000	-0.050375
	37.380000	-0.037389
	37.400000	-0.070133
	37.420000	-0.049359
	37.440000	-0.084427
	37.460000	-0.050700
	37.480000	-0.072301
	37.500000	-0.044227
	37.520000	-0.056939
	37.540000	-0.035455
	37.560000	-0.030089
	37.580000	-0.013574
	37.600000	0.012397
	37.620000	0.019137
	37.640000	0.035254
	37.660000	0.064468
	37.680000	0.121509
	37.700000	0.125768
	37.720000	0.141195
	37.740000	0.108575
	37.760000	0.156251
	37.780000	0.134963
	37.800000	0.150442
	37.820000	0.095036
	37.840000	0.114547
	37.860000	0.060847
	37.880000	0.090087
	37.900000	0.042815
	37.920000	0.080221
	37.940000	0.023806
	37.960000	0.050701
	37.980000	-0.027224
	38.000000	0.019827
	38.020000	-0.031079
	38.040000	-0.014929
	38.060000	-0.051032
	38.080000	-0.025439
	38.100000	-0.051794
	38.120000	-0.024339
	38.140000	-0.008280
	38.160000	0.004159
	38.180000	0.002856
	38.200000	0.018896
	38.220000	0.060978
	38.240000	0.070271
	38.260000	0.081055
	38.280000	0.076594
	38.300000	0.109253
	38.320000	0.101138
	38.340000	0.110119
	38.360000	0.081673
	38.380000	0.114768
	38.400000	0.081869
	38.420000	0.111727
	38.440000	0.063205
	38.460000	0.092112
	38.480000	0.055117
	38.500000	0.092653
	38.520000	0.048937
	38.540000	0.078756
	38.560000	0.023142
	38.580000	0.062267
	38.600000	0.002667
	38.620000	0.037449
	38.640000	-0.027152
	38.660000	0.016558
	38.680000	-0.013496
	38.700000	0.005559
	38.720000	-0.030858
	38.740000	0.019046
	38.760000	0.003572
	38.780000	0.042698
	38.800000	0.016792
	38.820000	0.054667
	38.840000	0.068493
	38.860000	0.098612
	38.880000	0.104688
	38.900000	0.117360
	38.920000	0.140557
	38.940000	0.156570
	38.960000	0.175352
	38.980000	0.187568
	39.000000	0.211195
	39.020000	0.205653
	39.040000	0.238513
	39.060000	0.220696
	39.080000	0.232268
	39.100000	0.210166
	39.120000	0.246745
	39.140000	0.215467
	39.160000	0.221367
	39.180000	0.175065
	39.200000	0.195995
	39.220000	0.138160
	39.240000	0.148274
	39.260000	0.078196
	39.280000	0.101646
	39.300000	0.025525
	39.320000	0.046423
	39.340000	-0.018960
	39.360000	0.010449
	39.380000	-0.060879
	39.400000	-0.025166
	39.420000	-0.076078
	39.440000	-0.042247
	39.460000	-0.086556
	39.480000	-0.039323
	39.500000	-0.044136
	39.520000	-0.019924
	39.540000	-0.036588
	39.560000	-0.002399
	39.580000	0.016493
	39.600000	0.039155
	39.620000	0.033802
	39.640000	0.052935
	39.660000	0.080768
	39.680000	0.104277
	39.700000	0.123690
	39.720000	0.121053
	39.740000	0.141944
	39.760000	0.128900
	39.780000	0.156948
	39.800000	0.135979
	39.820000	0.139287
	39.840000	0.090647
	39.860000	0.092106
	39.880000	0.037045
	39.900000	0.071000
	39.920000	0.008242
	39.940000	0.029374
	39.960000	-0.021721
	39.980000	0.027016
	40.000000	-0.015599
	40.020000	0.015412
	40.040000	-0.025700
	40.060000	0.021247
	40.080000	-0.005727
	40.100000	0.020706
	40.120000	-0.007238
	40.140000	0.013907
	40.160000	0.001007
	40.180000	0.031269
	40.200000	0.031048
	40.220000	0.030572
	40.240000	0.042001
	40.260000	0.073273
	40.280000	0.083686
	40.300000	0.091396
	40.320000	0.111376
	40.340000	0.110822
	40.360000	0.151960
	40.380000	0.108543
	40.400000	0.126477
	40.420000	0.095505
	40.440000	0.130469
	40.460000	0.081205
	40.480000	0.098188
	40.500000	0.055221
	40.520000	0.094392
	40.540000	0.057337
	40.560000	0.105209
	40.580000	0.044671
	40.600000	0.075799
	40.620000	0.027941
	40.640000	0.077095
	40.660000	0.010541
	40.680000	0.039175
	40.700000	-0.019083
	40.720000	0.033314
	40.740000	0.006490
	40.760000	0.038856
	40.780000	0.011537
	40.800000	0.064305
	40.820000	0.060763
	40.840000	0.096065
	40.860000	0.105690
	40.880000	0.149062
	40.900000	0.164502
	40.920000	0.191866
	40.940000	0.210107
	40.960000	0.201811
	40.980000	0.227019
	41.000000	0.233408
	41.020000	0.254703
	41.040000	0.237289
	41.060000	0.252964
	41.080000	0.247898
	41.100000	0.280543
	41.120000	0.248282
	41.140000	0.254403
	41.160000	0.227352
	41.180000	0.258532
	41.200000	0.193612
	41.220000	0.194803
	41.240000	0.130919
	41.260000	0.145643
	41.280000	0.087671
	41.300000	0.092555
	41.320000	0.010723
	41.340000	0.012136
	41.360000	-0.031151
	41.380000	0.009460
	41.400000	-0.056542
	41.420000	-0.058320
	41.440000	-0.081282
	41.460000	-0.039844
	41.480000	-0.048831
	41.500000	-0.043153
	41.520000	-0.040873
	41.540000	-0.009393
	41.560000	0.011817
	41.580000	0.045068
	41.600000	0.063114
	41.620000	0.061922
	41.640000	0.100096
	41.660000	0.100924
	41.680000	0.141788
	41.700000	0.117992
	41.720000	0.161070
	41.740000	0.135321
	41.760000	0.176459
	41.780000	0.138323
	41.800000	0.162269
	41.820000	0.118389
	41.840000	0.161194
	41.860000	0.112854
	41.880000	0.119177
	41.900000	0.059141
	41.920000	0.100845
	41.940000	0.051157
	41.960000	0.075578
	41.980000	0.013132
	42.000000	0.056367
	42.020000	0.018127
	42.040000	0.050949
	42.060000	-0.011868
	42.080000	0.041526
	42.100000	0.004048
	42.120000	0.043356
	42.140000	0.013751
	42.160000	0.039422
	42.180000	0.032623
	42.200000	0.058073
	42.220000	0.053964
	42.240000	0.066285
	42.260000	0.065979
	42.280000	0.082494
	42.300000	0.111512
	42.320000	0.100513
	42.340000	0.106049
	42.360000	0.103646
	42.380000	0.136096
	42.400000	0.120721
	42.420000	0.118285
	42.440000	0.091220
	42.460000	0.115081
	42.480000	0.099335
	42.500000	0.104870
	42.520000	0.062905
	42.540000	0.086278
	42.560000	0.056367
	42.580000	0.076542
	42.600000	0.025460
	42.620000	0.050682
	42.640000	0.011361
	42.660000	0.047914
	42.680000	0.005285
	42.700000	0.040373
	42.720000	-0.009439
	42.740000	0.031549
	42.760000	0.002205
	42.780000	0.032474
	42.800000	0.003182
	42.820000	0.039930
	42.840000	0.044749
	42.860000	0.074653
	42.880000	0.054400
	42.900000	0.098481
	42.920000	0.114306
	42.940000	0.149374
	42.960000	0.155099
	42.980000	0.181968
	43.000000	0.199701
	43.020000	0.219211
	43.040000	0.226316
	43.060000	0.231643
	43.080000	0.247487
	43.100000	0.235993
	43.120000	0.266601
	43.140000	0.257405
	43.160000	0.259854
	43.180000	0.195611
	43.200000	0.226661
	43.220000	0.190870
	43.240000	0.203536
	43.260000	0.140863
	43.280000	0.151178
	43.300000	0.060528
	43.320000	0.070570
	43.340000	0.022595
	43.360000	0.044645
	43.380000	-0.026455
	43.400000	-0.005799
	43.420000	-0.035436
	43.440000	0.011452
	43.460000	0.008287
	43.480000	0.051340
	43.500000	0.086564
	43.520000	0.177917
	43.540000	0.220917
	43.560000	0.265383
	43.580000	0.295085
	43.600000	0.335350
	43.620000	0.399398
	43.640000	0.415971
	43.660000	0.478208
	43.680000	0.495967
	43.700000	0.533419
	43.720000	0.558354
	43.740000	0.613005
	43.760000	0.613115
	43.780000	0.660609
	43.800000	0.667290
	43.820000	0.748543
	43.840000	0.724656
	43.860000	0.790084
	43.880000	0.753466
	43.900000	0.811197
	43.920000	0.801031
	43.940000	0.833847
	43.960000	0.798218
	43.980000	0.833078
	44.000000	0.831476
	44.020000	0.862767
	44.040000	0.831222
	44.060000	0.872418
	44.080000	0.867384
	44.100000	0.865698
	44.120000	0.844696
	44.140000	0.853787
	44.160000	0.817501
	44.180000	0.786796
	44.200000	0.770138
	44.220000	0.760740
	44.240000	0.681337
	44.260000	0.576145
	44.280000	0.517711
	44.300000	0.429523
	44.320000	0.388874
	44.340000	0.331417
	44.360000	0.251961
	44.380000	0.179904
	44.400000	0.150566
	44.420000	0.109878
	44.440000	0.103821
	44.460000	0.062528
	44.480000	0.088941
	44.500000	0.043414
	44.520000	0.048344
	44.540000	-0.007472
	44.560000	0.022985
	44.580000	-0.022359
	44.600000	-0.009426
	44.620000	-0.072223
	44.640000	-0.045888
	44.660000	-0.073780
	44.680000	-0.036185
	44.700000	-0.064858
	44.720000	-0.035240
	44.740000	-0.052966
	44.760000	-0.006547
	44.780000	0.003175
	44.800000	0.035430
	44.820000	0.034160
	44.840000	0.047660
	44.860000	0.054609
	44.880000	0.075539
	44.900000	0.100813
	44.920000	0.105586
	44.940000	0.123996
	44.960000	0.107885
	44.980000	0.140785
	45.000000	0.125455
	45.020000	0.147076
	45.040000	0.111669
	45.060000	0.139398
	45.080000	0.093975
	45.100000	0.124628
	45.120000	0.054596
	45.140000	0.070746
	45.160000	0.006952
	45.180000	0.037586
	45.200000	-0.026846
	45.220000	-0.014063
	45.240000	-0.057779
	45.260000	-0.012487
	45.280000	-0.061204
	45.300000	-0.033124
	45.320000	-0.077654
	45.340000	-0.032785
	45.360000	-0.057961
	45.380000	-0.029907
	45.400000	-0.067573
	45.420000	-0.034504
	45.440000	-0.036510
	45.460000	-0.021552
	45.480000	-0.035384
	45.500000	-0.006639
	45.520000	0.015620
	45.540000	0.044762
	45.560000	0.084943
	45.580000	0.085594
	45.600000	0.103014
	45.620000	0.099009
	45.640000	0.132202
	45.660000	0.109819
	45.680000	0.116872
	45.700000	0.076066
	45.720000	0.106355
	45.740000	0.062612
	45.760000	0.072569
	45.780000	0.012397
	45.800000	0.048012
	45.820000	0.002283
	45.840000	0.026730
	45.860000	-0.028878
	45.880000	0.011094
	45.900000	-0.065502
	45.920000	-0.025465
	45.940000	-0.055584
	45.960000	-0.022945
	45.980000	-0.076143
	46.000000	-0.041036
	46.020000	-0.046728
	46.040000	-0.019526
	46.060000	-0.041420
	46.080000	-0.019474
	46.100000	0.001085
	46.120000	0.024203
	46.140000	0.030286
	46.160000	0.048051
	46.180000	0.074653
	46.200000	0.082279
	46.220000	0.104662
	46.240000	0.094594
	46.260000	0.109695
	46.280000	0.096612
	46.300000	0.122284
	46.320000	0.103053
	46.340000	0.121255
	46.360000	0.085405
	46.380000	0.106211
	46.400000	0.072921
	46.420000	0.079049
	46.440000	0.022334
	46.460000	0.054120
	46.480000	0.013764
	46.500000	0.025493
	46.520000	-0.040124
	46.540000	-0.001084
	46.560000	-0.045660
	46.580000	-0.027588
	46.600000	-0.088621
	46.620000	-0.048076
	46.640000	-0.085834
	46.660000	-0.045836
	46.680000	-0.087703
	46.700000	-0.066466
	46.720000	-0.070960
	46.740000	-0.034810
	46.760000	-0.047776
	46.780000	-0.021408
	46.800000	0.006119
	46.820000	0.013790
	46.840000	0.046045
	46.860000	0.070394
	46.880000	0.074132
	46.900000	0.060867
	46.920000	0.096261
	46.940000	0.093461
	46.960000	0.112776
	46.980000	0.081530
	47.000000	0.090217
	47.020000	0.057552
	47.040000	0.081888
	47.060000	0.044612
	47.080000	0.065132
	47.100000	0.015379
	47.120000	0.010586
	47.140000	-0.036536
	47.160000	0.006978
	47.180000	-0.046024
	47.200000	-0.039102
	47.220000	-0.086947
	47.240000	-0.056789
	47.260000	-0.082701
	47.280000	-0.057818
	47.300000	-0.071409
	47.320000	-0.053885
	47.340000	-0.038229
	47.360000	0.000225
	47.380000	0.031386
	47.400000	0.041662
	47.420000	0.061635
	47.440000	0.051652
	47.460000	0.088759
	47.480000	0.094118
	47.500000	0.102070
	47.520000	0.078372
	47.540000	0.115882
	47.560000	0.101125
	47.580000	0.120623
	47.600000	0.085210
	47.620000	0.112984
	47.640000	0.070694
	47.660000	0.111310
	47.680000	0.056510
	47.700000	0.078124
	47.720000	0.027095
	47.740000	0.058041
	47.760000	-0.006202
	47.780000	0.008678
	47.800000	-0.048239
	47.820000	-0.022463
	47.840000	-0.055558
	47.860000	-0.030506
	47.880000	-0.082578
	47.900000	-0.050101
	47.920000	-0.059863
	47.940000	-0.034915
	47.960000	-0.064213
	47.980000	-0.034257
	48.000000	-0.026892
	48.020000	-0.001624
	48.040000	-0.005102
	48.060000	0.005044
	48.080000	0.019996
	48.100000	0.039136
	48.120000	0.053931
	48.140000	0.046208
	48.160000	0.073859
	48.180000	0.075995
	48.200000	0.116559
	48.220000	0.098267
	48.240000	0.114703
	48.260000	0.087860
	48.280000	0.124068
	48.300000	0.088733
	48.320000	0.098371
	48.340000	0.051144
	48.360000	0.084786
	48.380000	0.036316
	48.400000	0.044547
	48.420000	-0.019155
	48.440000	0.018538
	48.460000	-0.030519
	48.480000	-0.010064
	48.500000	-0.070335
	48.520000	-0.038067
	48.540000	-0.074372
	48.560000	-0.041798
	48.580000	-0.092391
	48.600000	-0.058235
	48.620000	-0.084837
	48.640000	-0.043947
	48.660000	-0.066531
	48.680000	-0.050713
	48.700000	-0.056236
	48.720000	-0.028611
	48.740000	-0.012890
	48.760000	-0.008364
	48.780000	0.004575
	48.800000	0.025545
	48.820000	0.065158
	48.840000	0.060405
	48.860000	0.075044
	48.880000	0.068245
	48.900000	0.116976
	48.920000	0.107345
	48.940000	0.136930
	48.960000	0.093265
	48.980000	0.113049
	49.000000	0.079003
	49.020000	0.099673
	49.040000	0.043746
	49.060000	0.057051
	49.080000	0.006796
	49.100000	0.044684
	49.120000	-0.006717
	49.140000	0.007675
	49.160000	-0.046337
	49.180000	-0.011887
	49.200000	-0.046233
	49.220000	-0.028474
	49.240000	-0.076677
	49.260000	-0.053364
	49.280000	-0.067228
	49.300000	-0.043120
	49.320000	-0.072568
	49.340000	-0.058463
	49.360000	-0.052914
	49.380000	-0.025335
	49.400000	-0.026175
	49.420000	-0.009693
	49.440000	0.010248
	49.460000	0.029713
	49.480000	0.055846
	49.500000	0.052466
	49.520000	0.075324
	49.540000	0.073494
	49.560000	0.113980
	49.580000	0.090178
	49.600000	0.108836
	49.620000	0.076301
	49.640000	0.122694
	49.660000	0.087144
	49.680000	0.096482
	49.700000	0.047569
	49.720000	0.087026
	49.740000	0.062287
	49.760000	0.079518
	49.780000	0.011446
	49.800000	0.033197
	49.820000	-0.030213
	49.840000	0.010423
	49.860000	-0.053507
	49.880000	-0.035872
	49.900000	-0.080305
	49.920000	-0.040046
	49.940000	-0.077518
	49.960000	-0.053709
	49.980000	-0.060104
	50.000000	-0.037910
