	0.000000	0.623886
	0.020000	0.628718
	0.040000	0.633863
	0.060000	0.637165
	0.080000	0.643267
	0.100000	0.629585
	0.120000	0.620858
	0.140000	0.621835
	0.160000	0.614196
	0.180000	0.625827
	0.200000	0.622128
	0.220000	0.629747
	0.240000	0.618839
	0.260000	0.629559
	0.280000	0.639503
	0.300000	0.640597
	0.320000	0.626081
	0.340000	0.621802
	0.360000	0.627175
	0.380000	0.634299
	0.400000	0.631011
	0.420000	0.625417
	0.440000	0.625358
	0.460000	0.625234
	0.480000	0.611604
	0.500000	0.628171
	0.520000	0.626836
	0.540000	0.616743
	0.560000	0.616033
	0.580000	0.609175
	0.600000	0.620533
	0.620000	0.634352
	0.640000	0.641085
	0.660000	0.625606
	0.680000	0.618905
	0.700000	0.631994
	0.720000	0.625554
	0.740000	0.631271
	0.760000	0.620962
	0.780000	0.622206
	0.800000	0.620572
	0.820000	0.631154
	0.840000	0.661234
	0.860000	0.786496
	0.880000	0.928573
	0.900000	1.167350
	0.920000	1.673843
	0.940000	2.235658
	0.960000	3.295885
	0.980000	5.060426
	1.000000	8.971183
	1.020000	9.980803
	1.040000	9.981018
	1.060000	9.980895
	1.080000	9.980986
	1.100000	9.981044
	1.120000	9.980882
	1.140000	9.980862
	1.160000	9.980960
	1.180000	9.980895
	1.200000	9.975529
	1.220000	9.722562
	1.240000	9.325311
	1.260000	8.903332
	1.280000	8.549563
	1.300000	8.145377
	1.320000	7.861073
	1.340000	7.777600
	1.360000	7.513569
	1.380000	7.349168
	1.400000	7.134363
	1.420000	6.981716
	1.440000	6.787933
	1.460000	6.675219
	1.480000	6.541146
	1.500000	6.377970
	1.520000	6.198617
	1.540000	5.970012
	1.560000	5.712910
	1.580000	5.516750
	1.600000	5.226019
	1.620000	4.693867
	1.640000	4.070369
	1.660000	3.676712
	1.680000	3.533789
	1.700000	3.507772
	1.720000	3.446486
	1.740000	3.443816
	1.760000	3.448440
	1.780000	3.399598
	1.800000	3.397996
	1.820000	3.411919
	1.840000	3.426480
	1.860000	3.441459
	1.880000	3.497294
	1.900000	3.578339
	1.920000	3.626288
	1.940000	3.638466
	1.960000	3.680652
	1.980000	3.713089
	2.000000	3.723170
	2.020000	3.750964
	2.040000	3.786951
	2.060000	3.802554
	2.080000	3.876793
	2.100000	3.923395
	2.120000	3.883931
	2.140000	3.858123
	2.160000	3.901364
	2.180000	3.904542
	2.200000	3.869812
	2.220000	3.843516
	2.240000	3.835916
	2.260000	3.787328
	2.280000	3.637131
	2.300000	3.528338
	2.320000	3.440137
	2.340000	3.344283
	2.360000	3.230906
	2.380000	3.045588
	2.400000	3.022854
	2.420000	2.956742
	2.440000	2.812392
	2.460000	2.673252
	2.480000	2.564277
	2.500000	2.397838
	2.520000	2.183515
	2.540000	2.038423
	2.560000	1.883966
	2.580000	1.573405
	2.600000	1.134502
	2.620000	0.439747
	2.640000	0.154740
	2.660000	0.065282
	2.680000	0.030357
	2.700000	0.012703
	2.720000	0.005585
	2.740000	0.003546
	2.760000	0.005832
	2.780000	0.003227
	2.800000	0.007408
	2.820000	0.002036
	2.840000	-0.001357
	2.860000	-0.007492
	2.880000	-0.001403
	2.900000	0.002016
	2.920000	0.000460
	2.940000	0.005370
	2.960000	0.006653
	2.980000	0.006099
	3.000000	-0.001181
	3.020000	-0.004887
	3.040000	-0.004164
	3.060000	-0.001930
	3.080000	0.002641
	3.100000	0.003514
	3.120000	0.000486
	3.140000	0.002524
	3.160000	-0.003168
	3.180000	-0.008202
	3.200000	-0.008110
	3.220000	-0.002569
	3.240000	-0.000393
	3.260000	0.001482
	3.280000	-0.000328
	3.300000	-0.002484
	3.320000	-0.006828
	3.340000	-0.005551
	3.360000	-0.003715
	3.380000	0.003527
	3.400000	0.007825
	3.420000	0.005298
	3.440000	0.002296
	3.460000	-0.002458
	3.480000	-4.829170E-5
	3.500000	-0.003982
	3.520000	0.000987
	3.540000	-0.000791
	3.560000	0.002609
	3.580000	0.003423
	3.600000	0.006991
	3.620000	0.001261
	3.640000	0.001847
	3.660000	-0.003532
	3.680000	-0.003129
	3.700000	-0.000270
	3.720000	-0.007759
	3.740000	-0.002393
	3.760000	0.011504
	3.780000	-0.003760
	3.800000	-0.000797
	3.820000	-0.001468
	3.840000	-0.003910
	3.860000	-0.011047
	3.880000	-0.005453
	3.900000	-0.001650
	3.920000	0.001703
	3.940000	0.001853
	3.960000	0.002843
	3.980000	-0.004561
	4.000000	-0.003441
	4.020000	-0.002074
	4.040000	-0.000504
	4.060000	0.002791
	4.080000	0.006236
	4.100000	0.000440
	4.120000	8.846468E-5
	4.140000	-0.001077
	4.160000	-0.004379
	4.180000	-0.000621
	4.200000	0.003078
	4.220000	0.004914
	4.240000	0.006119
	4.260000	0.005669
	4.280000	-0.001689
	4.300000	-0.002432
	4.320000	0.001352
	4.340000	0.000499
	4.360000	0.001664
	4.380000	0.003325
	4.400000	-0.002210
	4.420000	-0.005056
	4.440000	-0.007681
	4.460000	-0.006267
	4.480000	-0.006658
	4.500000	-0.001168
	4.520000	0.003136
	4.540000	0.005272
	4.560000	-0.002249
	4.580000	-0.006040
	4.600000	-0.006209
	4.620000	0.001397
	4.640000	0.000499
	4.660000	-0.000823
	4.680000	-0.000465
	4.700000	0.000336
	4.720000	-0.003461
	4.740000	-0.009511
	4.760000	-0.005356
	4.780000	-0.002555
	4.800000	0.006158
	4.820000	0.006353
	4.840000	0.006041
	4.860000	0.000948
	4.880000	-0.000647
	4.900000	0.000212
	4.920000	0.001801
	4.940000	0.004185
	4.960000	0.004035
	4.980000	0.001573
	5.000000	0.002518
	5.020000	-0.003767
	5.040000	-0.007615
	5.060000	-0.000908
	5.080000	0.003260
	5.100000	0.004185
	5.120000	0.006855
	5.140000	-0.000537
	5.160000	-0.001820
	5.180000	-0.003643
	5.200000	-0.002842
	5.220000	-0.002998
	5.240000	0.001124
	5.260000	-0.000459
	5.280000	0.000349
	5.300000	-0.005421
	5.320000	-0.006541
	5.340000	-0.009003
	5.360000	-0.005883
	5.380000	0.001489
	5.400000	0.002785
	5.420000	0.004015
	5.440000	0.001638
	5.460000	-0.001155
	5.480000	0.000440
	5.500000	-0.000595
	5.520000	0.001052
	5.540000	0.007584
	5.560000	0.001834
	5.580000	0.006777
	5.600000	0.000818
	5.620000	-0.000556
	5.640000	1.683038E-5
	5.660000	0.004588
	5.680000	0.003559
	5.700000	0.014220
	5.720000	0.005402
	5.740000	0.006340
	5.760000	-0.000758
	5.780000	0.001156
	5.800000	-0.000276
	5.820000	0.001013
	5.840000	0.006750
	5.860000	0.004510
	5.880000	-0.001214
	5.900000	-0.005506
	5.920000	-0.003864
	5.940000	-0.003604
	5.960000	-0.001116
	5.980000	0.003410
	6.000000	0.004328
	6.020000	0.004419
	6.040000	-0.000146
	6.060000	-0.004086
	6.080000	-0.002373
	6.100000	0.001436
	6.120000	0.004067
	6.140000	0.003970
	6.160000	0.007415
	6.180000	0.000525
	6.200000	0.002400
	6.220000	-0.001312
	6.240000	-0.001474
	6.260000	0.002732
	6.280000	0.009551
	6.300000	0.011270
	6.320000	0.009121
	6.340000	0.003599
	6.360000	0.003866
	6.380000	-0.001807
	6.400000	0.001925
	6.420000	0.005767
	6.440000	0.006060
	6.460000	0.003657
	6.480000	0.000948
	6.500000	-0.003838
	6.520000	-0.004171
	6.540000	-0.004776
	6.560000	-0.001370
	6.580000	0.001580
	6.600000	0.004667
	6.620000	-0.000322
	6.640000	-0.004678
	6.660000	-0.006450
	6.680000	-0.000908
	6.700000	-0.002035
	6.720000	-0.003747
	6.740000	-0.000576
	6.760000	0.005051
	6.780000	0.003332
	6.800000	0.004087
	6.820000	-0.002048
	6.840000	-0.000556
	6.860000	-0.002471
	6.880000	0.003937
	6.900000	0.007858
	6.920000	0.010475
	6.940000	0.008724
	6.960000	0.007499
	6.980000	0.003384
	7.000000	1.683038E-5
	7.020000	0.004295
	7.040000	0.005930
	7.060000	0.007721
	7.080000	0.008346
	7.100000	0.000785
	7.120000	-0.005466
	7.140000	-0.004750
	7.160000	-0.000524
	7.180000	0.006588
	7.200000	0.004100
	7.220000	0.006145
	7.240000	-0.000752
	7.260000	-0.001852
	7.280000	-0.005512
	7.300000	-0.007121
	7.320000	-6.782833E-5
	7.340000	0.002882
	7.360000	0.002003
	7.380000	0.000141
	7.400000	-0.004099
	7.420000	-0.005759
	7.440000	-0.003024
	7.460000	-0.001006
	7.480000	0.003963
	7.500000	0.008860
	7.520000	0.006392
	7.540000	0.003273
	7.560000	0.001280
	7.580000	0.001957
	7.600000	0.005494
	7.620000	0.007845
	7.640000	0.013979
	7.660000	0.014728
	7.680000	0.012058
	7.700000	0.008424
	7.720000	0.009095
	7.740000	0.008020
	7.760000	0.010834
	7.780000	0.019925
	7.800000	0.020797
	7.820000	0.016792
	7.840000	0.017150
	7.860000	0.012833
	7.880000	0.009251
	7.900000	0.009850
	7.920000	0.009928
	7.940000	0.012937
	7.960000	0.013178
	7.980000	0.007356
	8.000000	0.006724
	8.020000	0.006926
	8.040000	0.007317
	8.060000	0.012123
	8.080000	0.016688
	8.100000	0.019957
	8.120000	0.013894
	8.140000	0.007812
	8.160000	0.007486
	8.180000	0.005142
	8.200000	0.009772
	8.220000	0.012292
	8.240000	0.009225
	8.260000	0.011667
	8.280000	0.011244
	8.300000	0.006737
	8.320000	0.008978
	8.340000	0.010710
	8.360000	0.015822
	8.380000	0.017333
	8.400000	0.018648
	8.420000	0.014832
	8.440000	0.006314
	8.460000	0.001664
	8.480000	0.000590
	8.500000	0.007389
	8.520000	0.005871
	8.540000	0.003592
	8.560000	-0.001390
	8.580000	-0.005701
	8.600000	-0.008071
	8.620000	-0.003057
	8.640000	-0.002640
	8.660000	0.000544
	8.680000	0.003475
	8.700000	0.001358
	8.720000	-0.002438
	8.740000	-0.008351
	8.760000	-0.007954
	8.780000	-0.005916
	8.800000	-0.003285
	8.820000	0.002114
	8.840000	-0.000940
	8.860000	-0.002731
	8.880000	-0.003669
	8.900000	-0.004542
	8.920000	-0.001637
	8.940000	0.003436
	8.960000	0.007532
	8.980000	0.009655
	9.000000	0.004627
	9.020000	0.000225
	9.040000	1.031817E-5
	9.060000	0.002198
	9.080000	-0.000686
	9.100000	0.003853
	9.120000	0.003182
	9.140000	0.003358
	9.160000	0.000655
	9.180000	-0.006417
	9.200000	-0.005349
	9.220000	-0.001312
	9.240000	0.005116
	9.260000	0.006601
	9.280000	0.002986
	9.300000	0.001567
	9.320000	-0.004978
	9.340000	-0.007681
	9.360000	-0.005675
	9.380000	-0.003565
	9.400000	0.001717
	9.420000	-0.000361
	9.440000	-0.002575
	9.460000	-0.005942
	9.480000	-0.007694
	9.500000	-0.003825
	9.520000	0.002713
	9.540000	0.002570
	9.560000	0.007330
	9.580000	0.001970
	9.600000	-0.000739
	9.620000	-0.002673
	9.640000	-0.004197
	9.660000	-0.000465
	9.680000	0.003839
	9.700000	0.008079
	9.720000	0.003266
	9.740000	0.003696
	9.760000	-0.002614
	9.780000	-0.001631
	9.800000	-0.001142
	9.820000	0.004940
	9.840000	0.007148
	9.860000	0.009199
	9.880000	-1.573066E-5
	9.900000	-0.004731
	9.920000	-0.004574
	9.940000	-0.003689
	9.960000	-0.003220
	9.980000	0.002667
	10.000000	0.000219
	10.020000	5.590363E-5
	10.040000	-0.005375
	10.060000	-0.004919
	10.080000	-0.006111
	10.100000	0.000173
	10.120000	0.000622
	10.140000	0.002355
	10.160000	0.002921
	10.180000	-0.000882
	10.200000	-0.008234
	10.220000	-0.004867
	10.240000	-0.005929
	10.260000	-0.001820
	10.280000	0.003527
	10.300000	0.006438
	10.320000	-0.000354
	10.340000	-0.002275
	10.360000	-0.004705
	10.380000	-0.002516
	10.400000	0.002635
	10.420000	0.005702
	10.440000	0.005669
	10.460000	0.005819
	10.480000	0.004712
	10.500000	-0.003396
	10.520000	-0.002477
	10.540000	-0.003780
	10.560000	0.002850
	10.580000	0.008157
	10.600000	-0.001592
	10.620000	-0.001989
	10.640000	-0.000569
	10.660000	-0.009856
	10.680000	-0.007244
	10.700000	0.003208
	10.720000	0.001677
	10.740000	0.001645
	10.760000	6.892805E-5
	10.780000	-0.006749
	10.800000	-0.008644
	10.820000	-0.007909
	10.840000	-0.005343
	10.860000	-0.002354
	10.880000	0.003572
	10.900000	-0.001188
	10.920000	-0.002920
	10.940000	-0.004490
	10.960000	-0.004665
	10.980000	-0.001286
	11.000000	0.005240
	11.020000	0.007975
	11.040000	0.007460
	11.060000	0.003944
	11.080000	0.000922
	11.100000	-0.001103
	11.120000	0.000486
	11.140000	0.006763
	11.160000	0.004159
	11.180000	0.006978
	11.200000	0.003677
	11.220000	0.004719
	11.240000	0.004159
	11.260000	1.031817E-5
	11.280000	-0.003584
	11.300000	-0.001351
	11.320000	0.003234
	11.340000	0.006731
	11.360000	0.010085
	11.380000	0.005533
	11.400000	0.005676
	11.420000	0.001625
	11.440000	0.008678
	11.460000	0.013243
	11.480000	0.023461
	11.500000	0.036961
	11.520000	0.056360
	11.540000	0.083796
	11.560000	0.106244
	11.580000	0.133511
	11.600000	0.157371
	11.620000	0.184781
	11.640000	0.217199
	11.660000	0.229820
	11.680000	0.252371
	11.700000	0.252671
	11.720000	0.266366
	11.740000	0.272930
	11.760000	0.290566
	11.780000	0.307308
	11.800000	0.309718
	11.820000	0.311151
	11.840000	0.322547
	11.860000	0.312075
	11.880000	0.315826
	11.900000	0.329815
	11.920000	0.332081
	11.940000	0.344128
	11.960000	0.344832
	11.980000	0.332595
	12.000000	0.332179
	12.020000	0.341667
	12.040000	0.344741
	12.060000	0.335311
	12.080000	0.335402
	12.100000	0.328102
	12.120000	0.318978
	12.140000	0.319519
	12.160000	0.310792
	12.180000	0.315605
	12.200000	0.311164
	12.220000	0.302366
	12.240000	0.298341
	12.260000	0.305088
	12.280000	0.268424
	12.300000	0.248985
	12.320000	0.235316
	12.340000	0.231689
	12.360000	0.227052
	12.380000	0.220690
	12.400000	0.199707
	12.420000	0.179793
	12.440000	0.148508
	12.460000	0.137704
	12.480000	0.114352
	12.500000	0.055384
	12.520000	0.025675
	12.540000	0.014852
	12.560000	0.007193
	12.580000	0.006731
	12.600000	0.004608
	12.620000	0.008730
	12.640000	0.014676
	12.660000	0.013855
	12.680000	0.015288
	12.700000	0.012260
	12.720000	0.006418
	12.740000	0.012644
	12.760000	0.011088
	12.780000	0.020563
	12.800000	0.025812
	12.820000	0.023304
	12.840000	0.018258
	12.860000	0.015568
	12.880000	0.012670
	12.900000	0.011348
	12.920000	0.018238
	12.940000	0.019319
	12.960000	0.023988
	12.980000	0.017880
	13.000000	0.012292
	13.020000	0.017951
	13.040000	0.020439
	13.060000	0.023852
	13.080000	0.029517
	13.100000	0.026456
	13.120000	0.028671
	13.140000	0.020791
	13.160000	0.018472
	13.180000	0.017118
	13.200000	0.020283
	13.220000	0.022048
	13.240000	0.023057
	13.260000	0.023741
	13.280000	0.021729
	13.300000	0.018218
	13.320000	0.019052
	13.340000	0.022406
	13.360000	0.028794
	13.380000	0.029589
	13.400000	0.028267
	13.420000	0.021481
	13.440000	0.025343
	13.460000	0.023591
	13.480000	0.033555
	13.500000	0.053977
	13.520000	0.084422
	13.540000	0.103203
	13.560000	0.120603
	13.580000	0.142328
	13.600000	0.166371
	13.620000	0.190649
	13.640000	0.219856
	13.660000	0.240949
	13.680000	0.244980
	13.700000	0.272214
	13.720000	0.286977
	13.740000	0.296498
	13.760000	0.298602
	13.780000	0.320391
	13.800000	0.324735
	13.820000	0.310903
	13.840000	0.323381
	13.860000	0.333403
	13.880000	0.336301
	13.900000	0.342872
	13.920000	0.342168
	13.940000	0.353337
	13.960000	0.345874
	13.980000	0.366915
	14.000000	0.356847
	14.020000	0.353897
	14.040000	0.348954
	14.060000	0.352301
	14.080000	0.356371
	14.100000	0.342566
	14.120000	0.327079
	14.140000	0.335819
	14.160000	0.326845
	14.180000	0.338489
	14.200000	0.332927
	14.220000	0.325282
	14.240000	0.315976
	14.260000	0.308845
	14.280000	0.282751
	14.300000	0.268281
	14.320000	0.253075
	14.340000	0.250040
	14.360000	0.261996
	14.380000	0.242811
	14.400000	0.197923
	14.420000	0.182704
	14.440000	0.165140
	14.460000	0.134709
	14.480000	0.080377
	14.500000	0.040594
	14.520000	0.034102
	14.540000	0.035404
	14.560000	0.030956
	14.580000	0.033464
	14.600000	0.032526
	14.620000	0.044072
	14.640000	0.042639
	14.660000	0.048657
	14.680000	0.056009
	14.700000	0.060183
	14.720000	0.057891
	14.740000	0.054732
	14.760000	0.057533
	14.780000	0.067731
	14.800000	0.081608
	14.820000	0.071521
	14.840000	0.068519
	14.860000	0.071234
	14.880000	0.065224
	14.900000	0.074725
	14.920000	0.075435
	14.940000	0.069873
	14.960000	0.074022
	14.980000	0.088570
	15.000000	0.078118
	15.020000	0.082644
	15.040000	0.078196
	15.060000	0.076561
	15.080000	0.076620
	15.100000	0.083145
	15.120000	0.080208
	15.140000	0.077440
	15.160000	0.083868
	15.180000	0.084558
	15.200000	0.084409
	15.220000	0.080807
	15.240000	0.078274
	15.260000	0.093408
	15.280000	0.082813
	15.300000	0.083835
	15.320000	0.075168
	15.340000	0.079661
	15.360000	0.085516
	15.380000	0.095388
	15.400000	0.116247
	15.420000	0.141885
	15.440000	0.163643
	15.460000	0.208238
	15.480000	0.278101
	15.500000	0.364603
	15.520000	0.468857
	15.540000	0.580945
	15.560000	0.691822
	15.580000	0.820822
	15.600000	0.903566
	15.620000	0.971404
	15.640000	1.071764
	15.660000	1.154280
	15.680000	1.220242
	15.700000	1.279028
	15.720000	1.371260
	15.740000	1.410464
	15.760000	1.432332
	15.780000	1.471379
	15.800000	1.495910
	15.820000	1.517225
	15.840000	1.547116
	15.860000	1.567597
	15.880000	1.581904
	15.900000	1.607217
	15.920000	1.654274
	15.940000	1.655785
	15.960000	1.703116
	15.980000	1.712050
	16.000000	1.691556
	16.020000	1.691224
	16.040000	1.657927
	16.060000	1.643451
	16.080000	1.623947
	16.100000	1.634744
	16.120000	1.660376
	16.140000	1.649266
	16.160000	1.579169
	16.180000	1.585590
	16.200000	1.499837
	16.220000	1.452200
	16.240000	1.412339
	16.260000	1.350831
	16.280000	1.306822
	16.300000	1.234719
	16.320000	1.216256
	16.340000	1.157666
	16.360000	1.067303
	16.380000	0.974426
	16.400000	0.893466
	16.420000	0.817605
	16.440000	0.779743
	16.460000	0.611656
	16.480000	0.574237
	16.500000	0.714497
	16.520000	0.926489
	16.540000	1.112849
	16.560000	1.338927
	16.580000	1.529396
	16.600000	1.768016
	16.620000	1.930340
	16.640000	2.122684
	16.660000	2.319216
	16.680000	2.416841
	16.700000	2.560865
	16.720000	2.734070
	16.740000	2.804591
	16.760000	2.887478
	16.780000	2.961287
	16.800000	3.014642
	16.820000	3.067710
	16.840000	3.126710
	16.860000	3.201705
	16.880000	3.286318
	16.900000	3.316209
	16.920000	3.350945
	16.940000	3.391940
	16.960000	3.386222
	16.980000	3.387199
	17.000000	3.393796
	17.020000	3.440006
	17.040000	3.399207
	17.060000	3.333447
	17.080000	3.308408
	17.100000	3.297975
	17.120000	3.286527
	17.140000	3.231635
	17.160000	3.189117
	17.180000	3.165868
	17.200000	3.136492
	17.220000	3.106471
	17.240000	3.010761
	17.260000	2.800937
	17.280000	2.644019
	17.300000	2.534972
	17.320000	2.586126
	17.340000	2.583775
	17.360000	2.423522
	17.380000	2.189493
	17.400000	2.042356
	17.420000	1.931877
	17.440000	1.904134
	17.460000	1.650217
	17.480000	1.797823
	17.500000	2.427540
	17.520000	3.183738
	17.540000	3.874664
	17.560000	4.582437
	17.580000	5.285143
	17.600000	5.950111
	17.620000	6.669450
	17.640000	7.269667
	17.660000	7.854639
	17.680000	8.447061
	17.700000	8.890979
	17.720000	9.403685
	17.740000	9.737429
	17.760000	9.978830
	17.780000	9.981181
	17.800000	9.981031
	17.820000	9.980953
	17.840000	9.980940
	17.860000	9.980979
	17.880000	9.981083
	17.900000	9.981175
	17.920000	9.981162
	17.940000	9.980966
	17.960000	9.980979
	17.980000	9.981057
	18.000000	9.981018
	18.020000	9.980999
	18.040000	9.981025
	18.060000	9.980836
	18.080000	9.980947
	18.100000	9.980966
	18.120000	9.980855
	18.140000	9.980947
	18.160000	9.980934
	18.180000	9.980960
	18.200000	9.981018
	18.220000	9.980986
	18.240000	9.980751
	18.260000	9.936273
	18.280000	9.350780
	18.300000	8.703616
	18.320000	8.691940
	18.340000	8.624161
	18.360000	8.038876
	18.380000	6.994617
	18.400000	6.161282
	18.420000	5.173654
	18.440000	4.457591
	18.460000	2.375104
	18.480000	0.819064
	18.500000	0.250795
	18.520000	0.096417
	18.540000	0.057832
	18.560000	0.044411
	18.580000	0.034590
	18.600000	0.030097
	18.620000	0.021475
	18.640000	0.018329
	18.660000	0.023982
	18.680000	0.022451
	18.700000	0.023057
	18.720000	0.027147
	18.740000	0.026202
	18.760000	0.021520
	18.780000	0.022236
	18.800000	0.021592
	18.820000	0.020120
	18.840000	0.025173
	18.860000	0.027915
	18.880000	0.027935
	18.900000	0.020634
	18.920000	0.021917
	18.940000	0.019996
	18.960000	0.026964
	18.980000	0.032708
	19.000000	0.032623
	19.020000	0.032259
	19.040000	0.028592
	19.060000	0.022197
	19.080000	0.018961
	19.100000	0.021273
	19.120000	0.026691
	19.140000	0.030605
	19.160000	0.032031
	19.180000	0.023878
	19.200000	0.024679
	19.220000	0.025284
	19.240000	0.026548
	19.260000	0.028358
	19.280000	0.030754
	19.300000	0.027759
	19.320000	0.021996
	19.340000	0.013986
	19.360000	0.010365
	19.380000	0.012403
	19.400000	0.015275
	19.420000	0.016669
	19.440000	0.015731
	19.460000	0.007434
	19.480000	0.004256
	19.500000	0.007148
	19.520000	0.008307
	19.540000	0.016382
	19.560000	0.019169
	19.580000	0.016883
	19.600000	0.015366
	19.620000	0.019527
	19.640000	0.017997
	19.660000	0.019345
	19.680000	0.026873
	19.700000	0.032376
	19.720000	0.030487
	19.740000	0.030943
	19.760000	0.029048
	19.780000	0.029100
	19.800000	0.036628
	19.820000	0.037508
	19.840000	0.047041
	19.860000	0.034903
	19.880000	0.036414
	19.900000	0.036355
	19.920000	0.037267
	19.940000	0.038634
	19.960000	0.047224
	19.980000	0.046273
	20.000000	0.049151
	20.020000	0.045029
	20.040000	0.038563
	20.060000	0.034942
	20.080000	0.042906
	20.100000	0.046566
	20.120000	0.048194
	20.140000	0.041415
	20.160000	0.034825
	20.180000	0.030468
	20.200000	0.030579
	20.220000	0.028716
	20.240000	0.032272
	20.260000	0.033470
	20.280000	0.029882
	20.300000	0.021702
	20.320000	0.023545
	20.340000	0.020804
	20.360000	0.022263
	20.380000	0.020634
	20.400000	0.023083
	20.420000	0.014161
	20.440000	0.007376
	20.460000	-0.000205
	20.480000	-0.004171
	20.500000	-0.000980
	20.520000	0.001632
	20.540000	0.003781
	20.560000	0.001703
	20.580000	0.000876
	20.600000	-0.003285
	20.620000	0.001560
	20.640000	0.002472
	20.660000	0.008294
	20.680000	0.004686
	20.700000	0.004373
	20.720000	0.000850
	20.740000	0.001358
	20.760000	-0.001194
	20.780000	0.000427
	20.800000	0.001586
	20.820000	0.003813
	20.840000	-0.001422
	20.860000	-0.001872
	20.880000	-0.007694
	20.900000	-0.004867
	20.920000	-0.002432
	20.940000	0.003130
	20.960000	0.003625
	20.980000	0.001091
	21.000000	-0.002412
	21.020000	-0.004223
	21.040000	-0.006352
	21.060000	-0.000862
	21.080000	0.002192
	21.100000	-0.001103
	21.120000	-0.001168
	21.140000	-0.006639
	21.160000	-0.008482
	21.180000	-0.006092
	21.200000	0.000889
	21.220000	0.004562
	21.240000	0.006803
	21.260000	0.001638
	21.280000	0.000818
	21.300000	-0.000270
	21.320000	0.003488
	21.340000	0.003572
	21.360000	0.007467
	21.380000	0.006216
	21.400000	0.004445
	21.420000	-0.000621
	21.440000	-0.000205
	21.460000	0.003006
	21.480000	0.008509
	21.500000	0.010195
	21.520000	0.011042
	21.540000	0.007818
	21.560000	0.009101
	21.580000	0.006490
	21.600000	0.010918
	21.620000	0.017339
	21.640000	0.020602
	21.660000	0.017444
	21.680000	0.022282
	21.700000	0.017743
	21.720000	0.013595
	21.740000	0.014357
	21.760000	0.012377
	21.780000	0.017645
	21.800000	0.023005
	21.820000	0.024920
	21.840000	0.027804
	21.860000	0.030924
	21.880000	0.025584
	21.900000	0.025134
	21.920000	0.023122
	21.940000	0.025317
	21.960000	0.030448
	21.980000	0.032285
	22.000000	0.028267
	22.020000	0.029172
	22.040000	0.023428
	22.060000	0.023689
	22.080000	0.020394
	22.100000	0.025974
	22.120000	0.032721
	22.140000	0.026111
	22.160000	0.022464
	22.180000	0.018505
	22.200000	0.015946
	22.220000	0.018831
	22.240000	0.019619
	22.260000	0.022894
	22.280000	0.015047
	22.300000	0.010716
	22.320000	0.007701
	22.340000	0.005298
	22.360000	0.008580
	22.380000	0.012260
	22.400000	0.011270
	22.420000	0.003273
	22.440000	-0.001370
	22.460000	-0.001344
	22.480000	-0.004398
	22.500000	0.001417
	22.520000	0.006457
	22.540000	0.005266
	22.560000	0.002583
	22.580000	-0.002308
	22.600000	-0.002139
	22.620000	-0.001025
	22.640000	0.003540
	22.660000	0.003533
	22.680000	0.006425
	22.700000	0.001397
	22.720000	0.000505
	22.740000	-0.002191
	22.760000	0.002283
	22.780000	0.006946
	22.800000	0.010410
	22.820000	0.002921
	22.840000	0.000342
	22.860000	-0.003975
	22.880000	-0.006118
	22.900000	-0.004672
	22.920000	-3.526728E-5
	22.940000	-0.001194
	22.960000	-0.000862
	22.980000	-0.004236
	23.000000	-0.006385
	23.020000	-0.004952
	23.040000	2.334259E-5
	23.060000	0.001573
	23.080000	0.004543
	23.100000	0.002570
	23.120000	-0.002295
	23.140000	-0.006300
	23.160000	-0.006899
	23.180000	-0.003480
	23.200000	0.002335
	23.220000	0.005585
	23.240000	-0.001032
	23.260000	0.002036
	23.280000	-0.002751
	23.300000	-0.001077
	23.320000	0.002752
	23.340000	0.009219
	23.360000	0.006809
	23.380000	0.003703
	23.400000	0.001801
	23.420000	-0.002862
	23.440000	-0.000739
	23.460000	0.002329
	23.480000	0.001743
	23.500000	0.006698
	23.520000	0.003123
	23.540000	-0.002139
	23.560000	-0.003708
	23.580000	-0.003747
	23.600000	0.001853
	23.620000	0.008274
	23.640000	0.004543
	23.660000	0.000850
	23.680000	-0.001540
	23.700000	-0.003272
	23.720000	-0.004998
	23.740000	0.001762
	23.760000	-0.000348
	23.780000	0.004960
	23.800000	-0.002210
	23.820000	-0.006886
	23.840000	-0.001995
	23.860000	-0.000778
	23.880000	0.004022
	23.900000	0.008789
	23.920000	0.004087
	23.940000	0.002244
	23.960000	0.001222
	23.980000	0.001391
	24.000000	0.006197
	24.020000	0.008040
	24.040000	0.014565
	24.060000	0.008248
	24.080000	0.004608
	24.100000	-0.001754
	24.120000	0.000635
	24.140000	0.005005
	24.160000	0.009720
	24.180000	0.010879
	24.200000	0.007382
	24.220000	-0.000244
	24.240000	-0.000231
	24.260000	-0.001396
	24.280000	0.001886
	24.300000	0.005103
	24.320000	0.002244
	24.340000	-0.002516
	24.360000	-0.005766
	24.380000	-0.009836
	24.400000	-0.002315
	24.420000	-0.000621
	24.440000	0.003052
	24.460000	0.002680
	24.480000	-0.005545
	24.500000	-0.001383
	24.520000	-0.002686
	24.540000	0.000141
	24.560000	0.007962
	24.580000	0.005572
	24.600000	0.007044
	24.620000	0.003696
	24.640000	-0.002627
	24.660000	0.003833
	24.680000	0.005754
	24.700000	0.011986
	24.720000	0.010586
	24.740000	0.013660
	24.760000	0.005767
	24.780000	0.008958
	24.800000	0.007877
	24.820000	0.012540
	24.840000	0.016317
	24.860000	0.012859
	24.880000	0.011270
	24.900000	0.011498
	24.920000	0.005468
	24.940000	0.002491
	24.960000	0.003038
	24.980000	-0.001071
	25.000000	0.006457
	25.020000	0.002752
	25.040000	0.012006
	25.060000	0.008971
	25.080000	0.002667
	25.100000	0.005337
	25.120000	0.002596
	25.140000	0.004979
	25.160000	0.012664
	25.180000	0.012286
	25.200000	0.009407
	25.220000	0.003377
	25.240000	0.005070
	25.260000	0.003416
	25.280000	0.007695
	25.300000	0.008346
	25.320000	0.013510
	25.340000	0.010528
	25.360000	0.003885
	25.380000	-0.000569
	25.400000	0.006705
	25.420000	0.008737
	25.440000	0.013653
	25.460000	0.012156
	25.480000	0.012416
	25.500000	0.008014
	25.520000	0.014142
	25.540000	0.013927
	25.560000	0.020915
	25.580000	0.023812
	25.600000	0.017978
	25.620000	0.018557
	25.640000	0.018355
	25.660000	0.027368
	25.680000	0.032851
	25.700000	0.039077
	25.720000	0.040223
	25.740000	0.039533
	25.760000	0.037280
	25.780000	0.035300
	25.800000	0.036707
	25.820000	0.042450
	25.840000	0.048793
	25.860000	0.049992
	25.880000	0.045531
	25.900000	0.043824
	25.920000	0.049653
	25.940000	0.054029
	25.960000	0.057148
	25.980000	0.062254
	26.000000	0.058653
	26.020000	0.050154
	26.040000	0.050141
	26.060000	0.045199
	26.080000	0.050519
	26.100000	0.054062
	26.120000	0.054602
	26.140000	0.052622
	26.160000	0.042040
	26.180000	0.046039
	26.200000	0.042411
	26.220000	0.045895
	26.240000	0.050597
	26.260000	0.043818
	26.280000	0.031249
	26.300000	0.035756
	26.320000	0.030338
	26.340000	0.027381
	26.360000	0.027739
	26.380000	0.026762
	26.400000	0.017711
	26.420000	0.010300
	26.440000	0.006640
	26.460000	0.009994
	26.480000	0.023917
	26.500000	0.029113
	26.520000	0.034818
	26.540000	0.036160
	26.560000	0.035821
	26.580000	0.050578
	26.600000	0.059877
	26.620000	0.066331
	26.640000	0.072302
	26.660000	0.072296
	26.680000	0.074158
	26.700000	0.079472
	26.720000	0.091364
	26.740000	0.101933
	26.760000	0.108901
	26.780000	0.111297
	26.800000	0.104629
	26.820000	0.111831
	26.840000	0.121769
	26.860000	0.121163
	26.880000	0.132078
	26.900000	0.132599
	26.920000	0.128399
	26.940000	0.133693
	26.960000	0.117022
	26.980000	0.120734
	27.000000	0.128118
	27.020000	0.132254
	27.040000	0.136252
	27.060000	0.125494
	27.080000	0.121417
	27.100000	0.115693
	27.120000	0.120480
	27.140000	0.135054
	27.160000	0.137841
	27.180000	0.136988
	27.200000	0.135334
	27.220000	0.116774
	27.240000	0.126705
	27.260000	0.129069
	27.280000	0.139801
	27.300000	0.156661
	27.320000	0.151895
	27.340000	0.160172
	27.360000	0.183257
	27.380000	0.209573
	27.400000	0.277658
	27.420000	0.363046
	27.440000	0.540406
	27.460000	0.769832
	27.480000	1.007722
	27.500000	1.230342
	27.520000	1.474146
	27.540000	1.665612
	27.560000	1.888492
	27.580000	2.115436
	27.600000	2.358133
	27.620000	2.554379
	27.640000	2.705051
	27.660000	2.939641
	27.680000	3.122028
	27.700000	3.310270
	27.720000	3.460031
	27.740000	3.643936
	27.760000	3.763969
	27.780000	3.943394
	27.800000	4.052616
	27.820000	4.169660
	27.840000	4.336763
	27.860000	4.482754
	27.880000	4.601335
	27.900000	4.701245
	27.920000	4.783058
	27.940000	4.800758
	27.960000	4.799690
	27.980000	4.758286
	28.000000	4.804763
	28.020000	4.782973
	28.040000	4.712811
	28.060000	4.720860
	28.080000	4.715507
	28.100000	4.586741
	28.120000	4.612855
	28.140000	4.576856
	28.160000	4.490849
	28.180000	4.356762
	28.200000	4.068994
	28.220000	3.775496
	28.240000	3.568850
	28.260000	3.558756
	28.280000	3.452497
	28.300000	2.955081
	28.320000	2.489589
	28.340000	2.086919
	28.360000	1.661340
	28.380000	1.360228
	28.400000	0.819494
	28.420000	0.339238
	28.440000	0.138792
	28.460000	0.061733
	28.480000	0.051366
	28.500000	0.029882
	28.520000	0.029713
	28.540000	0.034193
	28.560000	0.040028
	28.580000	0.048500
	28.600000	0.057982
	28.620000	0.061766
	28.640000	0.060333
	28.660000	0.061525
	28.680000	0.068486
	28.700000	0.068024
	28.720000	0.088309
	28.740000	0.090126
	28.760000	0.085724
	28.780000	0.088257
	28.800000	0.100526
	28.820000	0.105964
	28.840000	0.112339
	28.860000	0.119815
	28.880000	0.111910
	28.900000	0.115133
	28.920000	0.110679
	28.940000	0.121307
	28.960000	0.123039
	28.980000	0.121678
	29.000000	0.119750
	29.020000	0.119275
	29.040000	0.109005
	29.060000	0.107533
	29.080000	0.106257
	29.100000	0.109357
	29.120000	0.113694
	29.140000	0.115921
	29.160000	0.113140
	29.180000	0.108562
	29.200000	0.093513
	29.220000	0.094782
	29.240000	0.091175
	29.260000	0.083347
	29.280000	0.081940
	29.300000	0.068082
	29.320000	0.063381
	29.340000	0.048246
	29.360000	0.044118
	29.380000	0.037827
	29.400000	0.030325
	29.420000	0.014949
	29.440000	0.003221
	29.460000	0.006425
	29.480000	0.013009
	29.500000	0.019013
	29.520000	0.015047
	29.540000	0.016636
	29.560000	0.014220
	29.580000	0.013673
	29.600000	0.021605
	29.620000	0.023532
	29.640000	0.026274
	29.660000	0.020888
	29.680000	0.019814
	29.700000	0.014871
	29.720000	0.018427
	29.740000	0.027016
	29.760000	0.033783
	29.780000	0.028866
	29.800000	0.029550
	29.820000	0.022640
	29.840000	0.025336
	29.860000	0.030279
	29.880000	0.031126
	29.900000	0.036094
	29.920000	0.027029
	29.940000	0.020830
	29.960000	0.020022
	29.980000	0.027537
	30.000000	0.035665
	30.020000	0.034252
	30.040000	0.031627
	30.060000	0.029055
	30.080000	0.027870
	30.100000	0.038074
	30.120000	0.037553
	30.140000	0.034558
	30.160000	0.034961
	30.180000	0.034616
	30.200000	0.035287
	30.220000	0.025558
	30.240000	0.019501
	30.260000	0.024333
	30.280000	0.021761
	30.300000	0.024399
	30.320000	0.022692
	30.340000	0.017899
	30.360000	0.008717
	30.380000	0.008593
	30.400000	0.007923
	30.420000	0.008730
	30.440000	0.005884
	30.460000	0.001502
	30.480000	-0.005597
	30.500000	-0.005851
	30.520000	-0.004991
	30.540000	-0.001982
	30.560000	0.003716
	30.580000	0.005168
	30.600000	-0.003239
	30.620000	-0.002562
	30.640000	0.000447
	30.660000	0.006796
	30.680000	0.008847
	30.700000	0.009525
	30.720000	0.003690
	30.740000	0.002960
	30.760000	0.002973
	30.780000	0.006731
	30.800000	0.008704
	30.820000	0.011576
	30.840000	0.009922
	30.860000	0.006711
	30.880000	0.002863
	30.900000	0.007428
	30.920000	0.015288
	30.940000	0.016219
	30.960000	0.015080
	30.980000	0.013341
	31.000000	0.007792
	31.020000	0.009876
	31.040000	0.002648
	31.060000	0.008248
	31.080000	0.011863
	31.100000	0.014630
	31.120000	0.009101
	31.140000	0.006516
	31.160000	0.004732
	31.180000	0.004764
	31.200000	0.005272
	31.220000	0.009486
	31.240000	0.015360
	31.260000	0.019286
	31.280000	0.018512
	31.300000	0.019814
	31.320000	0.022503
	31.340000	0.023624
	31.360000	0.027329
	31.380000	0.043616
	31.400000	0.068760
	31.420000	0.094659
	31.440000	0.123156
	31.460000	0.193612
	31.480000	0.240721
	31.500000	0.313404
	31.520000	0.365287
	31.540000	0.424150
	31.560000	0.466030
	31.580000	0.517763
	31.600000	0.553157
	31.620000	0.616502
	31.640000	0.659437
	31.660000	0.711801
	31.680000	0.735258
	31.700000	0.799638
	31.720000	0.812682
	31.740000	0.869540
	31.760000	0.903540
	31.780000	0.958725
	31.800000	1.001757
	31.820000	1.018311
	31.840000	1.076778
	31.860000	1.081350
	31.880000	1.137537
	31.900000	1.158708
	31.920000	1.186639
	31.940000	1.195378
	31.960000	1.199722
	31.980000	1.174175
	32.000000	1.180426
	32.020000	1.192207
	32.040000	1.170384
	32.060000	1.171993
	32.080000	1.135687
	32.100000	1.137341
	32.120000	1.160714
	32.140000	1.114679
	32.160000	1.119837
	32.180000	1.072871
	32.200000	0.958451
	32.220000	0.909108
	32.240000	0.884225
	32.260000	0.889278
	32.280000	0.770945
	32.300000	0.614698
	32.320000	0.527375
	32.340000	0.395282
	32.360000	0.345112
	32.380000	0.240728
	32.400000	0.112626
	32.420000	0.049861
	32.440000	0.021722
	32.460000	0.010573
	32.480000	0.000466
	32.500000	-0.003103
	32.520000	0.000948
	32.540000	0.002485
	32.560000	0.003924
	32.580000	0.002042
	32.600000	-0.002692
	32.620000	-0.007837
	32.640000	-0.006267
	32.660000	-0.007257
	32.680000	-0.003435
	32.700000	0.004100
	32.720000	0.009271
	32.740000	0.007395
	32.760000	0.002081
	32.780000	0.000128
	32.800000	0.003025
	32.820000	0.010983
	32.840000	0.018362
	32.860000	0.000681
	32.880000	0.001183
	32.900000	0.007161
	32.920000	-0.005506
	32.940000	0.006829
	32.960000	0.013842
	32.980000	0.007109
	33.000000	0.005298
	33.020000	0.002055
	33.040000	-0.000309
	33.060000	0.002628
	33.080000	0.004855
	33.100000	0.009700
	33.120000	0.005643
	33.140000	0.000277
	33.160000	-0.007466
	33.180000	-0.001181
	33.200000	-0.000517
	33.220000	0.004120
	33.240000	-0.000810
	33.260000	0.002908
	33.280000	-0.004066
	33.300000	-0.004099
	33.320000	0.005044
	33.340000	0.005109
	33.360000	0.001241
	33.380000	-0.001123
	33.400000	-0.005577
	33.420000	-0.002796
	33.440000	0.002583
	33.460000	0.002739
	33.480000	0.005370
	33.500000	0.001345
	33.520000	0.002257
	33.540000	-0.000185
	33.560000	0.005005
	33.580000	0.012273
	33.600000	0.012540
	33.620000	0.005930
	33.640000	0.008098
	33.660000	-0.000621
	33.680000	0.006099
	33.700000	0.010371
	33.720000	0.009362
	33.740000	0.007812
	33.760000	0.003918
	33.780000	0.000349
	33.800000	-0.002406
	33.820000	0.000929
	33.840000	0.007024
	33.860000	0.010664
	33.880000	0.013797
	33.900000	0.009844
	33.920000	0.004582
	33.940000	0.004849
	33.960000	0.000727
	33.980000	0.009870
	34.000000	0.019593
	34.020000	0.003807
	34.040000	0.007004
	34.060000	0.001710
	34.080000	0.005813
	34.100000	0.012227
	34.120000	0.012527
	34.140000	0.011563
	34.160000	0.011641
	34.180000	0.006744
	34.200000	0.011009
	34.220000	0.009753
	34.240000	0.014200
	34.260000	0.012924
	34.280000	0.009655
	34.300000	0.001541
	34.320000	0.001404
	34.340000	0.007408
	34.360000	0.004627
	34.380000	0.008717
	34.400000	-0.000530
	34.420000	-0.002666
	34.440000	0.000206
	34.460000	-0.007016
	34.480000	-0.007993
	34.500000	0.001905
	34.520000	0.003214
	34.540000	0.003527
	34.560000	-0.002634
	34.580000	-0.006085
	34.600000	-0.005369
	34.620000	-0.005330
	34.640000	-0.003148
	34.660000	0.000141
	34.680000	0.002465
	34.700000	0.004347
	34.720000	0.001026
	34.740000	-0.000947
	34.760000	-0.003780
	34.780000	-0.002907
	34.800000	0.004549
	34.820000	0.015307
	34.840000	0.009258
	34.860000	0.005415
	34.880000	0.007239
	34.900000	0.001410
	34.920000	0.001984
	34.940000	0.006099
	34.960000	0.006464
	34.980000	0.005962
	35.000000	-0.000524
	35.020000	-0.002171
	35.040000	-0.000869
	35.060000	0.002882
	35.080000	0.007773
	35.100000	0.003866
	35.120000	0.001143
	35.140000	-0.000250
	35.160000	0.000583
	35.180000	0.003527
	35.200000	0.003351
	35.220000	0.001267
	35.240000	-0.002862
	35.260000	-0.006443
	35.280000	-0.003630
	35.300000	-0.001299
	35.320000	0.000238
	35.340000	0.000798
	35.360000	0.000622
	35.380000	-2.875508E-5
	35.400000	0.004413
	35.420000	0.005064
	35.440000	0.004302
	35.460000	0.010007
	35.480000	0.005923
	35.500000	0.003208
	35.520000	0.002811
	35.540000	0.007050
	35.560000	0.008365
	35.580000	0.012390
	35.600000	0.008997
	35.620000	0.003384
	35.640000	0.003175
	35.660000	0.008587
	35.680000	0.014200
	35.700000	0.018134
	35.720000	0.013471
	35.740000	0.005806
	35.760000	0.002954
	35.780000	0.008437
	35.800000	0.012077
	35.820000	0.014858
	35.840000	0.010469
	35.860000	0.007962
	35.880000	0.004432
	35.900000	0.008112
	35.920000	0.011543
	35.940000	0.016297
	35.960000	0.016161
	35.980000	0.013269
	36.000000	0.007942
	36.020000	0.011022
	36.040000	0.013217
	36.060000	0.018922
	36.080000	0.016428
	36.100000	0.013276
	36.120000	0.007630
	36.140000	0.010599
	36.160000	0.011726
	36.180000	0.015594
	36.200000	0.018850
	36.220000	0.014767
	36.240000	0.012338
	36.260000	0.009733
	36.280000	0.010495
	36.300000	0.013517
	36.320000	0.013432
	36.340000	0.010410
	36.360000	0.007363
	36.380000	-0.002458
	36.400000	-0.003259
	36.420000	-0.003689
	36.440000	3.805966E-6
	36.460000	0.004035
	36.480000	0.003110
	36.500000	0.000857
	36.520000	-0.002836
	36.540000	-0.004828
	36.560000	0.002719
	36.580000	0.006190
	36.600000	0.004152
	36.620000	-0.001559
	36.640000	-0.007863
	36.660000	-0.002523
	36.680000	-0.006886
	36.700000	-0.000257
	36.720000	0.004960
	36.740000	0.006724
	36.760000	0.001743
	36.780000	0.005448
	36.800000	0.000883
	36.820000	0.003625
	36.840000	0.008125
	36.860000	0.013224
	36.880000	0.006627
	36.900000	0.005526
	36.920000	0.006067
	36.940000	0.006190
	36.960000	0.012195
	36.980000	0.009616
	37.000000	0.008326
	37.020000	0.008418
	37.040000	-0.007589
	37.060000	0.001052
	37.080000	0.007330
	37.100000	0.009727
	37.120000	0.012097
	37.140000	0.002016
	37.160000	-0.003213
	37.180000	0.001599
	37.200000	0.003892
	37.220000	0.008847
	37.240000	0.001456
	37.260000	-0.002868
	37.280000	-0.005460
	37.300000	-0.004333
	37.320000	0.001997
	37.340000	0.003253
	37.360000	0.003872
	37.380000	-0.002048
	37.400000	-0.002080
	37.420000	-0.001976
	37.440000	0.006777
	37.460000	0.008007
	37.480000	0.007395
	37.500000	0.000408
	37.520000	-0.001833
	37.540000	0.001189
	37.560000	0.010612
	37.580000	0.006438
	37.600000	0.009635
	37.620000	0.007376
	37.640000	0.006659
	37.660000	0.003319
	37.680000	0.002290
	37.700000	0.004640
	37.720000	0.009831
	37.740000	0.011146
	37.760000	0.008164
	37.780000	0.005122
	37.800000	-0.000257
	37.820000	0.006646
	37.840000	0.010156
	37.860000	0.009420
	37.880000	0.005279
	37.900000	0.002036
	37.920000	0.000694
	37.940000	0.004230
	37.960000	0.009889
	37.980000	0.009460
	38.000000	0.005044
	38.020000	0.004803
	38.040000	0.006483
	38.060000	0.007636
	38.080000	0.013595
	38.100000	0.017333
	38.120000	0.012690
	38.140000	0.008554
	38.160000	0.005311
	38.180000	0.011713
	38.200000	0.011231
	38.220000	0.012201
	38.240000	0.013445
	38.260000	0.014656
	38.280000	0.008678
	38.300000	0.002322
	38.320000	0.004823
	38.340000	0.011120
	38.360000	0.007089
	38.380000	0.009134
	38.400000	0.001795
	38.420000	-0.003708
	38.440000	-0.002764
	38.460000	0.003931
	38.480000	0.005142
	38.500000	0.003709
	38.520000	-0.002555
	38.540000	-0.001644
	38.560000	0.002205
	38.580000	0.007415
	38.600000	0.007968
	38.620000	0.013276
	38.640000	0.007050
	38.660000	0.006757
	38.680000	0.012071
	38.700000	0.013992
	38.720000	0.021540
	38.740000	0.015477
	38.760000	0.018192
	38.780000	0.009779
	38.800000	0.013595
	38.820000	0.016024
	38.840000	0.026391
	38.860000	0.025141
	38.880000	0.023370
	38.900000	0.022015
	38.920000	0.025740
	38.940000	0.025128
	38.960000	0.032018
	38.980000	0.030546
	39.000000	0.022914
	39.020000	0.018635
	39.040000	0.020159
	39.060000	0.025610
	39.080000	0.026072
	39.100000	0.028951
	39.120000	0.028195
	39.140000	0.015809
	39.160000	0.021064
	39.180000	0.024444
	39.200000	0.030194
	39.220000	0.026046
	39.240000	0.017945
	39.260000	0.014949
	39.280000	0.013751
	39.300000	0.012872
	39.320000	0.013556
	39.340000	0.012227
	39.360000	0.009088
	39.380000	0.003546
	39.400000	0.000798
	39.420000	0.003768
	39.440000	0.004504
	39.460000	0.005389
	39.480000	0.012872
	39.500000	0.019723
	39.520000	0.018577
	39.540000	0.019671
	39.560000	0.015014
	39.580000	0.020869
	39.600000	0.029901
	39.620000	0.027524
	39.640000	0.023741
	39.660000	0.022647
	39.680000	0.024959
	39.700000	0.026365
	39.720000	0.034746
	39.740000	0.038035
	39.760000	0.034362
	39.780000	0.028241
	39.800000	0.025427
	39.820000	0.034577
	39.840000	0.044606
	39.860000	0.042008
	39.880000	0.042027
	39.900000	0.039924
	39.920000	0.038120
	39.940000	0.041135
	39.960000	0.043955
	39.980000	0.051548
	40.000000	0.052297
	40.020000	0.048012
	40.040000	0.046026
	40.060000	0.043447
	40.080000	0.053404
	40.100000	0.057682
	40.120000	0.054980
	40.140000	0.043486
	40.160000	0.047120
	40.180000	0.048793
	40.200000	0.047628
	40.220000	0.047673
	40.240000	0.042822
	40.260000	0.026339
	40.280000	0.022380
	40.300000	0.012338
	40.320000	0.013901
	40.340000	0.015112
	40.360000	0.017372
	40.380000	0.006366
	40.400000	0.002107
	40.420000	-0.002679
	40.440000	0.003455
	40.460000	0.007135
	40.480000	0.005220
	40.500000	0.003182
	40.520000	-0.002998
	40.540000	-0.003148
	40.560000	0.000232
	40.580000	0.008079
	40.600000	0.012865
	40.620000	0.015998
	40.640000	0.010892
	40.660000	0.013412
	40.680000	0.020198
	40.700000	0.024692
	40.720000	0.024333
	40.740000	0.028462
	40.760000	0.021742
	40.780000	0.023852
	40.800000	0.031275
	40.820000	0.037416
	40.840000	0.038517
	40.860000	0.037709
	40.880000	0.030631
	40.900000	0.032597
	40.920000	0.044606
	40.940000	0.048292
	40.960000	0.048728
	40.980000	0.050239
	41.000000	0.042822
	41.020000	0.042203
	41.040000	0.042919
	41.060000	0.047921
	41.080000	0.049210
	41.100000	0.046898
	41.120000	0.038960
	41.140000	0.038608
	41.160000	0.037273
	41.180000	0.048487
	41.200000	0.045973
	41.220000	0.038361
	41.240000	0.028671
	41.260000	0.034694
	41.280000	0.038374
	41.300000	0.043134
	41.320000	0.036733
	41.340000	0.022914
	41.360000	0.007929
	41.380000	0.008255
	41.400000	0.012507
	41.420000	0.011394
	41.440000	0.012279
	41.460000	0.002583
	41.480000	0.001541
	41.500000	-0.001084
	41.520000	0.006913
	41.540000	0.014305
	41.560000	0.012377
	41.580000	0.011667
	41.600000	0.013165
	41.620000	0.007070
	41.640000	0.009401
	41.660000	0.011101
	41.680000	0.016180
	41.700000	0.013419
	41.720000	0.015073
	41.740000	0.009121
	41.760000	0.007617
	41.780000	0.011869
	41.800000	0.018954
	41.820000	0.018551
	41.840000	0.017398
	41.860000	0.013126
	41.880000	0.019150
	41.900000	0.019156
	41.920000	0.025245
	41.940000	0.021364
	41.960000	0.017802
	41.980000	0.015112
	42.000000	0.013282
	42.020000	0.021611
	42.040000	0.023239
	42.060000	0.023474
	42.080000	0.021077
	42.100000	0.020856
	42.120000	0.023428
	42.140000	0.030123
	42.160000	0.031484
	42.180000	0.025173
	42.200000	0.025805
	42.220000	0.020778
	42.240000	0.020348
	42.260000	0.026613
	42.280000	0.029882
	42.300000	0.017470
	42.320000	0.013230
	42.340000	0.009967
	42.360000	0.008385
	42.380000	0.017320
	42.400000	0.011836
	42.420000	0.007454
	42.440000	-0.000107
	42.460000	0.000818
	42.480000	0.004523
	42.500000	0.008151
	42.520000	0.006067
	42.540000	0.004347
	42.560000	0.002218
	42.580000	0.004901
	42.600000	0.009108
	42.620000	0.020947
	42.640000	0.016297
	42.660000	0.013478
	42.680000	0.013679
	42.700000	0.017873
	42.720000	0.026860
	42.740000	0.032337
	42.760000	0.033210
	42.780000	0.024060
	42.800000	0.022543
	42.820000	0.030487
	42.840000	0.041838
	42.860000	0.037723
	42.880000	0.042958
	42.900000	0.039292
	42.920000	0.038367
	42.940000	0.043707
	42.960000	0.043707
	42.980000	0.048604
	43.000000	0.050923
	43.020000	0.042470
	43.040000	0.046950
	43.060000	0.046182
	43.080000	0.050734
	43.100000	0.051287
	43.120000	0.049379
	43.140000	0.040093
	43.160000	0.037045
	43.180000	0.046768
	43.200000	0.045661
	43.220000	0.044567
	43.240000	0.041949
	43.260000	0.034759
	43.280000	0.037136
	43.300000	0.045791
	43.320000	0.040731
	43.340000	0.033835
	43.360000	0.027186
	43.380000	0.021442
	43.400000	0.021976
	43.420000	0.037215
	43.440000	0.041838
	43.460000	0.044932
	43.480000	0.059545
	43.500000	0.072921
	43.520000	0.112307
	43.540000	0.166918
	43.560000	0.211807
	43.580000	0.241737
	43.600000	0.273093
	43.620000	0.308031
	43.640000	0.328499
	43.660000	0.342943
	43.680000	0.393862
	43.700000	0.416863
	43.720000	0.434114
	43.740000	0.458737
	43.760000	0.491298
	43.780000	0.528098
	43.800000	0.573886
	43.820000	0.598925
	43.840000	0.637106
	43.860000	0.673887
	43.880000	0.705367
	43.900000	0.748035
	43.920000	0.790762
	43.940000	0.822841
	43.960000	0.815892
	43.980000	0.874528
	44.000000	0.890620
	44.020000	0.902524
	44.040000	0.926079
	44.060000	0.942262
	44.080000	0.924112
	44.100000	0.916018
	44.120000	0.915568
	44.140000	0.936674
	44.160000	0.908014
	44.180000	0.849476
	44.200000	0.812675
	44.220000	0.758832
	44.240000	0.727372
	44.260000	0.707497
	44.280000	0.586571
	44.300000	0.451495
	44.320000	0.333833
	44.340000	0.251681
	44.360000	0.200612
	44.380000	0.153249
	44.400000	0.090973
	44.420000	0.049640
	44.440000	0.025414
	44.460000	0.007200
	44.480000	0.005298
	44.500000	0.008053
	44.520000	0.009466
	44.540000	0.010072
	44.560000	0.005676
	44.580000	-0.000452
	44.600000	0.003097
	44.620000	0.006034
	44.640000	0.009433
	44.660000	0.006614
	44.680000	0.002251
	44.700000	0.000193
	44.720000	0.001599
	44.740000	0.012846
	44.760000	0.013067
	44.780000	0.010091
	44.800000	0.003716
	44.820000	0.008098
	44.840000	0.017268
	44.860000	0.019365
	44.880000	0.016877
	44.900000	0.015171
	44.920000	0.012996
	44.940000	0.013360
	44.960000	0.021409
	44.980000	0.021533
	45.000000	0.027590
	45.020000	0.027785
	45.040000	0.019378
	45.060000	0.015607
	45.080000	0.019501
	45.100000	0.023637
	45.120000	0.024294
	45.140000	0.020387
	45.160000	0.011192
	45.180000	0.008600
	45.200000	0.013308
	45.220000	0.015939
	45.240000	0.017574
	45.260000	0.014500
	45.280000	0.004354
	45.300000	0.004334
	45.320000	0.006477
	45.340000	0.007897
	45.360000	0.008098
	45.380000	0.008997
	45.400000	0.004914
	45.420000	0.000727
	45.440000	0.000206
	45.460000	-0.000556
	45.480000	0.005741
	45.500000	0.007805
	45.520000	0.001450
	45.540000	-0.000589
	45.560000	0.002342
	45.580000	0.009271
	45.600000	0.013178
	45.620000	0.011055
	45.640000	0.010261
	45.660000	0.001046
	45.680000	0.004328
	45.700000	0.009896
	45.720000	0.014025
	45.740000	0.008828
	45.760000	0.002791
	45.780000	-0.001754
	45.800000	0.002439
	45.820000	0.008352
	45.840000	0.009779
	45.860000	0.006750
	45.880000	-0.000693
	45.900000	-0.001403
	45.920000	0.006724
	45.940000	0.009056
	45.960000	0.009609
	45.980000	0.002140
	46.000000	0.001476
	46.020000	0.002244
	46.040000	0.006803
	46.060000	0.012077
	46.080000	0.011361
	46.100000	0.001990
	46.120000	0.000564
	46.140000	0.004569
	46.160000	0.010690
	46.180000	0.012410
	46.200000	0.013243
	46.220000	0.004621
	46.240000	0.003599
	46.260000	0.005852
	46.280000	0.005520
	46.300000	0.013009
	46.320000	0.011172
	46.340000	0.006496
	46.360000	0.001202
	46.380000	-0.000218
	46.400000	0.001332
	46.420000	-0.001520
	46.440000	0.001619
	46.460000	0.002010
	46.480000	0.000981
	46.500000	-0.003031
	46.520000	-0.006938
	46.540000	0.000596
	46.560000	0.005663
	46.580000	0.004556
	46.600000	0.008046
	46.620000	0.004823
	46.640000	-0.003975
	46.660000	-0.003272
	46.680000	-0.001247
	46.700000	0.006047
	46.720000	0.003338
	46.740000	0.006972
	46.760000	0.000844
	46.780000	-0.000380
	46.800000	0.000284
	46.820000	0.002465
	46.840000	0.012703
	46.860000	0.011426
	46.880000	0.004790
	46.900000	0.000596
	46.920000	0.001554
	46.940000	0.007421
	46.960000	0.012481
	46.980000	0.007799
	47.000000	-0.000921
	47.020000	-0.005727
	47.040000	0.000635
	47.060000	0.007350
	47.080000	0.007369
	47.100000	0.001476
	47.120000	0.000922
	47.140000	-0.003363
	47.160000	0.002921
	47.180000	0.006894
	47.200000	0.006132
	47.220000	0.002407
	47.240000	-0.005115
	47.260000	-0.006919
	47.280000	-0.001227
	47.300000	-7.434054E-5
	47.320000	0.005181
	47.340000	0.002882
	47.360000	-0.001572
	47.380000	-0.003428
	47.400000	-0.001891
	47.420000	0.007083
	47.440000	0.006894
	47.460000	0.007083
	47.480000	0.003631
	47.500000	0.000740
	47.520000	0.005461
	47.540000	0.010130
	47.560000	0.009596
	47.580000	0.006256
	47.600000	-0.002165
	47.620000	-0.003291
	47.640000	0.003397
	47.660000	0.009941
	47.680000	0.009896
	47.700000	0.004022
	47.720000	0.002055
	47.740000	-0.001364
	47.760000	-0.002490
	47.780000	0.003162
	47.800000	0.006412
	47.820000	0.004367
	47.840000	-0.000296
	47.860000	-0.005043
	47.880000	-0.005382
	47.900000	-0.002718
	47.920000	0.002309
	47.940000	0.008385
	47.960000	0.006835
	47.980000	-0.000205
	48.000000	-0.004633
	48.020000	0.001690
	48.040000	0.009069
	48.060000	0.014103
	48.080000	0.008261
	48.100000	0.008346
	48.120000	0.002205
	48.140000	0.007376
	48.160000	0.016493
	48.180000	0.013295
	48.200000	0.008535
	48.220000	0.001397
	48.240000	0.002433
	48.260000	0.007623
	48.280000	0.011973
	48.300000	0.007538
	48.320000	0.001404
	48.340000	-0.002549
	48.360000	0.003924
	48.380000	0.004295
	48.400000	0.008313
	48.420000	0.001853
	48.440000	-0.000888
	48.460000	-0.004229
	48.480000	-0.001474
	48.500000	0.003416
	48.520000	0.002609
	48.540000	-0.004066
	48.560000	-0.008091
	48.580000	-0.004776
	48.600000	0.004725
	48.620000	0.006549
	48.640000	-0.001650
	48.660000	-0.004744
	48.680000	-0.001351
	48.700000	-0.000113
	48.720000	0.004855
	48.740000	0.007708
	48.760000	0.011954
	48.780000	0.003703
	48.800000	-0.003135
	48.820000	0.003247
	48.840000	0.006347
	48.860000	0.001912
	48.880000	0.010469
	48.900000	0.009792
	48.920000	0.001033
	48.940000	-0.000315
	48.960000	-0.000296
	48.980000	0.006913
	49.000000	0.008593
	49.020000	0.006874
	49.040000	0.003364
	49.060000	-0.004939
	49.080000	-0.007746
	49.100000	-0.003474
	49.120000	0.003436
	49.140000	0.005962
	49.160000	0.000577
	49.180000	0.002921
	49.200000	-0.002503
	49.220000	-0.005369
	49.240000	-0.002054
	49.260000	0.006197
	49.280000	0.009355
	49.300000	0.005292
	49.320000	-0.003650
	49.340000	-0.000641
	49.360000	0.005135
	49.380000	0.009727
	49.400000	0.004986
	49.420000	0.000531
	49.440000	-0.002236
	49.460000	0.002166
	49.480000	0.006900
	49.500000	0.011387
	49.520000	0.003390
	49.540000	-0.001299
	49.560000	0.001202
	49.580000	0.005305
	49.600000	0.011732
	49.620000	0.005370
	49.640000	-0.000152
	49.660000	-0.003760
	49.680000	0.000329
	49.700000	0.008157
	49.720000	0.007493
	49.740000	-0.000556
	49.760000	-0.001989
	49.780000	-0.001657
	49.800000	0.001997
	49.820000	0.005637
	49.840000	0.006848
	49.860000	0.002973
	49.880000	-0.002803
	49.900000	-0.000999
	49.920000	0.006132
	49.940000	0.010169
	49.960000	0.004256
	49.980000	-0.001774
	50.000000	0.003279
