	0.000000	0.167016
	0.020000	0.164678
	0.040000	0.165082
	0.060000	0.176615
	0.080000	0.179304
	0.100000	0.177579
	0.120000	0.179239
	0.140000	0.184788
	0.160000	0.182880
	0.180000	0.176628
	0.200000	0.181688
	0.220000	0.180138
	0.240000	0.182391
	0.260000	0.180939
	0.280000	0.177755
	0.300000	0.182111
	0.320000	0.182131
	0.340000	0.181584
	0.360000	0.176074
	0.380000	0.180659
	0.400000	0.171679
	0.420000	0.173756
	0.440000	0.167706
	0.460000	0.170480
	0.480000	0.166130
	0.500000	0.170988
	0.520000	0.162347
	0.540000	0.165967
	0.560000	0.162405
	0.580000	0.165160
	0.600000	0.159527
	0.620000	0.164092
	0.640000	0.162698
	0.660000	0.164378
	0.680000	0.162516
	0.700000	0.167101
	0.720000	0.164548
	0.740000	0.169718
	0.760000	0.168794
	0.780000	0.169074
	0.800000	0.171685
	0.820000	0.177872
	0.840000	0.211787
	0.860000	0.252606
	0.880000	0.311027
	0.900000	0.420080
	0.920000	0.576504
	0.940000	0.917470
	0.960000	1.304445
	0.980000	2.231666
	1.000000	3.377365
	1.020000	4.797287
	1.040000	5.669200
	1.060000	5.500723
	1.080000	4.508256
	1.100000	3.733694
	1.120000	3.330139
	1.140000	3.023752
	1.160000	2.804291
	1.180000	2.679367
	1.200000	2.585969
	1.220000	2.470169
	1.240000	2.362249
	1.260000	2.236706
	1.280000	2.143595
	1.300000	2.045788
	1.320000	2.036775
	1.340000	2.003328
	1.360000	1.940648
	1.380000	1.882507
	1.400000	1.834903
	1.420000	1.764278
	1.440000	1.716173
	1.460000	1.671811
	1.480000	1.650510
	1.500000	1.599500
	1.520000	1.521093
	1.540000	1.434214
	1.560000	1.373709
	1.580000	1.292143
	1.600000	1.177730
	1.620000	0.993571
	1.640000	0.791224
	1.660000	0.702359
	1.680000	0.671087
	1.700000	0.663383
	1.720000	0.656213
	1.740000	0.656467
	1.760000	0.655653
	1.780000	0.657795
	1.800000	0.661019
	1.820000	0.658518
	1.840000	0.656096
	1.860000	0.665805
	1.880000	0.676479
	1.900000	0.697846
	1.920000	0.700743
	1.940000	0.708037
	1.960000	0.713573
	1.980000	0.730654
	2.000000	0.730276
	2.020000	0.735193
	2.040000	0.745398
	2.060000	0.758911
	2.080000	0.766347
	2.100000	0.778486
	2.120000	0.768340
	2.140000	0.778584
	2.160000	0.778525
	2.180000	0.780401
	2.200000	0.775966
	2.220000	0.775888
	2.240000	0.769981
	2.260000	0.755348
	2.280000	0.729508
	2.300000	0.710375
	2.320000	0.692545
	2.340000	0.670507
	2.360000	0.637725
	2.380000	0.621308
	2.400000	0.612783
	2.420000	0.593474
	2.440000	0.569184
	2.460000	0.545558
	2.480000	0.515009
	2.500000	0.472953
	2.520000	0.441265
	2.540000	0.410501
	2.560000	0.370822
	2.580000	0.286574
	2.600000	0.164939
	2.620000	0.052323
	2.640000	0.018082
	2.660000	0.001137
	2.680000	-0.001663
	2.700000	-0.007602
	2.720000	0.008600
	2.740000	0.009655
	2.760000	0.007428
	2.780000	0.007708
	2.800000	0.006171
	2.820000	0.006874
	2.840000	0.003332
	2.860000	0.002107
	2.880000	-0.000908
	2.900000	0.000440
	2.920000	-0.003604
	2.940000	-0.001566
	2.960000	-0.005759
	2.980000	-0.004900
	3.000000	-0.007713
	3.020000	-0.005128
	3.040000	-0.010292
	3.060000	-0.008495
	3.080000	-0.012532
	3.100000	-0.008202
	3.120000	-0.011607
	3.140000	-0.009263
	3.160000	-0.012578
	3.180000	-0.007948
	3.200000	-0.008977
	3.220000	-0.005395
	3.240000	-0.005519
	3.260000	-0.002100
	3.280000	0.000707
	3.300000	0.002303
	3.320000	0.006067
	3.340000	0.005813
	3.360000	0.005572
	3.380000	0.004601
	3.400000	0.007877
	3.420000	0.005800
	3.440000	0.007343
	3.460000	0.004784
	3.480000	0.005201
	3.500000	0.002700
	3.520000	0.004504
	3.540000	0.001547
	3.560000	0.003605
	3.580000	-0.002178
	3.600000	0.000108
	3.620000	-0.004470
	3.640000	-0.001618
	3.660000	-0.009113
	3.680000	-0.007427
	3.700000	-0.011360
	3.720000	-0.006463
	3.740000	-0.012415
	3.760000	-0.008814
	3.780000	-0.011848
	3.800000	-0.007876
	3.820000	-0.009322
	3.840000	-0.005128
	3.860000	-0.006007
	3.880000	-0.003337
	3.900000	-0.003780
	3.920000	-0.000211
	3.940000	0.000245
	3.960000	0.000662
	3.980000	8.195247E-5
	4.000000	0.003566
	4.020000	0.004725
	4.040000	0.005858
	4.060000	0.005311
	4.080000	0.006216
	4.100000	0.007610
	4.120000	0.007193
	4.140000	0.008392
	4.160000	0.005722
	4.180000	0.006340
	4.200000	0.002485
	4.220000	0.004627
	4.240000	-0.000576
	4.260000	0.000675
	4.280000	-0.006534
	4.300000	-0.002816
	4.320000	-0.006990
	4.340000	-0.004776
	4.360000	-0.011536
	4.380000	-0.007029
	4.400000	-0.011412
	4.420000	-0.006814
	4.440000	-0.012298
	4.460000	-0.007687
	4.480000	-0.011601
	4.500000	-0.006899
	4.520000	-0.008534
	4.540000	-0.005460
	4.560000	-0.007967
	4.580000	-0.003917
	4.600000	-0.004346
	4.620000	0.000160
	4.640000	-0.000895
	4.660000	0.000577
	4.680000	0.000922
	4.700000	0.004999
	4.720000	0.005266
	4.740000	0.005735
	4.760000	0.006054
	4.780000	0.006477
	4.800000	0.007187
	4.820000	0.007382
	4.840000	0.006783
	4.860000	0.004133
	4.880000	0.004380
	4.900000	0.002003
	4.920000	0.003104
	4.940000	-0.002354
	4.960000	-0.001943
	4.980000	-0.005838
	5.000000	-0.003076
	5.020000	-0.007570
	5.040000	-0.006463
	5.060000	-0.010513
	5.080000	-0.006893
	5.100000	-0.010813
	5.120000	-0.006678
	5.140000	-0.011412
	5.160000	-0.007674
	5.180000	-0.010605
	5.200000	-0.005675
	5.220000	-0.008325
	5.240000	-0.006053
	5.260000	-0.006880
	5.280000	-0.003135
	5.300000	-0.002217
	5.320000	0.000141
	5.340000	0.000368
	5.360000	0.003507
	5.380000	0.005324
	5.400000	0.006724
	5.420000	0.007923
	5.440000	0.007936
	5.460000	0.008561
	5.480000	0.005891
	5.500000	0.008287
	5.520000	0.006099
	5.540000	0.006106
	5.560000	0.001065
	5.580000	0.000681
	5.600000	-0.002998
	5.620000	-0.000439
	5.640000	-0.004678
	5.660000	-0.002601
	5.680000	-0.008149
	5.700000	-0.004691
	5.720000	-0.009107
	5.740000	-0.007492
	5.760000	-0.010246
	5.780000	-0.009517
	5.800000	-0.011835
	5.820000	-0.008827
	5.840000	-0.009419
	5.860000	-0.007303
	5.880000	-0.007739
	5.900000	-0.004053
	5.920000	-0.004125
	5.940000	0.000818
	5.960000	0.001391
	5.980000	0.003351
	6.000000	0.003182
	6.020000	0.005155
	6.040000	0.007219
	6.060000	0.006451
	6.080000	0.006549
	6.100000	0.004758
	6.120000	0.007337
	6.140000	0.004907
	6.160000	0.006386
	6.180000	0.002036
	6.200000	0.004842
	6.220000	0.001345
	6.240000	0.003527
	6.260000	-0.001351
	6.280000	0.000889
	6.300000	-0.005896
	6.320000	-0.002152
	6.340000	-0.008853
	6.360000	-0.004503
	6.380000	-0.012233
	6.400000	-0.008332
	6.420000	-0.012871
	6.440000	-0.006658
	6.460000	-0.011796
	6.480000	-0.007935
	6.500000	-0.010233
	6.520000	-0.005284
	6.540000	-0.006313
	6.560000	-0.003148
	6.580000	-0.003943
	6.600000	-0.001520
	6.620000	-0.000797
	6.640000	0.003911
	6.660000	0.005448
	6.680000	0.005533
	6.700000	0.006438
	6.720000	0.006698
	6.740000	0.008131
	6.760000	0.007675
	6.780000	0.008287
	6.800000	0.006464
	6.820000	0.007245
	6.840000	0.003976
	6.860000	0.006256
	6.880000	0.002166
	6.900000	0.002902
	6.920000	-0.003135
	6.940000	0.000316
	6.960000	-0.004998
	6.980000	-0.002432
	7.000000	-0.009302
	7.020000	-0.005968
	7.040000	-0.010442
	7.060000	-0.006072
	7.080000	-0.011816
	7.100000	-0.008508
	7.120000	-0.012454
	7.140000	-0.007375
	7.160000	-0.009068
	7.180000	-0.006033
	7.200000	-0.007531
	7.220000	-0.004796
	7.240000	-0.003383
	7.260000	-0.000752
	7.280000	-0.001286
	7.300000	0.000154
	7.320000	0.001365
	7.340000	0.002518
	7.360000	0.003794
	7.380000	0.004712
	7.400000	0.005598
	7.420000	0.004387
	7.440000	0.007193
	7.460000	0.005233
	7.480000	0.008177
	7.500000	0.003813
	7.520000	0.004921
	7.540000	0.000935
	7.560000	0.002882
	7.580000	-0.002236
	7.600000	-0.001514
	7.620000	-0.006814
	7.640000	-0.005037
	7.660000	-0.009074
	7.680000	-0.005786
	7.700000	-0.010448
	7.720000	-0.008052
	7.740000	-0.010806
	7.760000	-0.006489
	7.780000	-0.008631
	7.800000	-0.005688
	7.820000	-0.008221
	7.840000	-0.004184
	7.860000	-0.004783
	7.880000	-0.002516
	7.900000	-0.003044
	7.920000	-0.001963
	7.940000	-0.000882
	7.960000	0.001137
	7.980000	0.003670
	8.000000	0.004771
	8.020000	0.006366
	8.040000	0.007083
	8.060000	0.009714
	8.080000	0.010293
	8.100000	0.010156
	8.120000	0.007330
	8.140000	0.009707
	8.160000	0.006978
	8.180000	0.007753
	8.200000	0.002719
	8.220000	0.003305
	8.240000	-0.001338
	8.260000	0.001925
	8.280000	-0.003148
	8.300000	-0.000647
	8.320000	-0.006899
	8.340000	-0.003057
	8.360000	-0.007108
	8.380000	-0.003467
	8.400000	-0.009419
	8.420000	-0.007108
	8.440000	-0.009569
	8.460000	-0.006658
	8.480000	-0.011816
	8.500000	-0.008390
	8.520000	-0.009882
	8.540000	-0.006124
	8.560000	-0.007824
	8.580000	-0.002940
	8.600000	-0.004262
	8.620000	-0.002308
	8.640000	-0.000218
	8.660000	0.004634
	8.680000	0.003423
	8.700000	0.004315
	8.720000	0.005161
	8.740000	0.005468
	8.760000	0.007369
	8.780000	0.006041
	8.800000	0.005129
	8.820000	0.004445
	8.840000	0.005806
	8.860000	0.003110
	8.880000	0.004191
	8.900000	0.000525
	8.920000	0.002830
	8.940000	-0.001872
	8.960000	0.001436
	8.980000	-0.004118
	9.000000	-0.004105
	9.020000	-0.008612
	9.040000	-0.005265
	9.060000	-0.010266
	9.080000	-0.008306
	9.100000	-0.012487
	9.120000	-0.009263
	9.140000	-0.011588
	9.160000	-0.007003
	9.180000	-0.010494
	9.200000	-0.006847
	9.220000	-0.007615
	9.240000	-0.004789
	9.260000	-0.004021
	9.280000	-0.001377
	9.300000	-0.002621
	9.320000	-0.000660
	9.340000	0.002472
	9.360000	0.002693
	9.380000	0.003195
	9.400000	0.003813
	9.420000	0.006711
	9.440000	0.005695
	9.460000	0.009987
	9.480000	0.006633
	9.500000	0.007812
	9.520000	0.004491
	9.540000	0.009381
	9.560000	0.003481
	9.580000	0.006926
	9.600000	-0.000778
	9.620000	0.003162
	9.640000	-0.002315
	9.660000	0.000538
	9.680000	-0.008052
	9.700000	-0.003083
	9.720000	-0.008488
	9.740000	-0.005903
	9.760000	-0.010689
	9.780000	-0.005551
	9.800000	-0.012734
	9.820000	-0.007707
	9.840000	-0.010507
	9.860000	-0.005981
	9.880000	-0.010650
	9.900000	-0.006085
	9.920000	-0.007446
	9.940000	-0.002829
	9.960000	-0.004112
	9.980000	-0.002894
	10.000000	-0.003129
	10.020000	0.001059
	10.040000	0.001508
	10.060000	0.002277
	10.080000	0.003345
	10.100000	0.004771
	10.120000	0.005318
	10.140000	0.006848
	10.160000	0.007838
	10.180000	0.004608
	10.200000	0.006985
	10.220000	0.005259
	10.240000	0.006334
	10.260000	0.000844
	10.280000	0.002817
	10.300000	-0.003220
	10.320000	0.000251
	10.340000	-0.005479
	10.360000	-0.003708
	10.380000	-0.009504
	10.400000	-0.005030
	10.420000	-0.010989
	10.440000	-0.006359
	10.460000	-0.011015
	10.480000	-0.008345
	10.500000	-0.012421
	10.520000	-0.006528
	10.540000	-0.010064
	10.560000	-0.008625
	10.580000	-0.010435
	10.600000	-0.006554
	10.620000	-0.008403
	10.640000	-0.004438
	10.660000	-0.005291
	10.680000	-0.002425
	10.700000	-0.001051
	10.720000	0.002049
	10.740000	0.003677
	10.760000	0.004836
	10.780000	0.006177
	10.800000	0.006510
	10.820000	0.008574
	10.840000	0.007923
	10.860000	0.006887
	10.880000	0.004673
	10.900000	0.007441
	10.920000	0.003696
	10.940000	0.004777
	10.960000	0.000134
	10.980000	0.003970
	11.000000	-0.001657
	11.020000	0.002921
	11.040000	-0.003148
	11.060000	-0.000993
	11.080000	-0.007876
	11.100000	-0.002334
	11.120000	-0.009139
	11.140000	-0.005225
	11.160000	-0.012382
	11.180000	-0.008006
	11.200000	-0.011152
	11.220000	-0.007583
	11.240000	-0.011308
	11.260000	-0.006521
	11.280000	-0.007335
	11.300000	-0.003461
	11.320000	-0.003480
	11.340000	0.000362
	11.360000	-0.000478
	11.380000	0.001684
	11.400000	0.002648
	11.420000	0.005897
	11.440000	0.005305
	11.460000	0.006177
	11.480000	0.007311
	11.500000	0.009981
	11.520000	0.012585
	11.540000	0.014148
	11.560000	0.017802
	11.580000	0.019032
	11.600000	0.024053
	11.620000	0.021885
	11.640000	0.026066
	11.660000	0.022868
	11.680000	0.024991
	11.700000	0.023129
	11.720000	0.027857
	11.740000	0.020048
	11.760000	0.022419
	11.780000	0.018987
	11.800000	0.023780
	11.820000	0.018381
	11.840000	0.021292
	11.860000	0.017561
	11.880000	0.023669
	11.900000	0.020967
	11.920000	0.025473
	11.940000	0.021585
	11.960000	0.025089
	11.980000	0.022940
	12.000000	0.028469
	12.020000	0.026639
	12.040000	0.027987
	12.060000	0.026906
	12.080000	0.030592
	12.100000	0.031855
	12.120000	0.032122
	12.140000	0.034369
	12.160000	0.035150
	12.180000	0.035880
	12.200000	0.035033
	12.220000	0.037644
	12.240000	0.034629
	12.260000	0.034089
	12.280000	0.030188
	12.300000	0.030474
	12.320000	0.024301
	12.340000	0.024125
	12.360000	0.019130
	12.380000	0.021370
	12.400000	0.013732
	12.420000	0.013224
	12.440000	0.005298
	12.460000	0.006803
	12.480000	-0.003383
	12.500000	-0.002764
	12.520000	-0.008885
	12.540000	-0.005258
	12.560000	-0.009387
	12.580000	-0.005239
	12.600000	-0.007922
	12.620000	-0.004587
	12.640000	-0.006788
	12.660000	-0.001989
	12.680000	-0.001741
	12.700000	0.001638
	12.720000	0.001280
	12.740000	0.004282
	12.760000	0.005989
	12.780000	0.008965
	12.800000	0.008945
	12.820000	0.010593
	12.840000	0.011022
	12.860000	0.011661
	12.880000	0.014148
	12.900000	0.012820
	12.920000	0.013575
	12.940000	0.011022
	12.960000	0.014773
	12.980000	0.011348
	13.000000	0.012631
	13.020000	0.006366
	13.040000	0.010046
	13.060000	0.004712
	13.080000	0.008665
	13.100000	0.000486
	13.120000	0.003683
	13.140000	-0.002842
	13.160000	0.000746
	13.180000	-0.004216
	13.200000	-0.000569
	13.220000	-0.006489
	13.240000	-0.003011
	13.260000	-0.006385
	13.280000	-0.002139
	13.300000	-0.007088
	13.320000	-0.003767
	13.340000	-0.004483
	13.360000	0.000434
	13.380000	-0.002849
	13.400000	0.001326
	13.420000	0.001528
	13.440000	0.003957
	13.460000	0.005116
	13.480000	0.008053
	13.500000	0.009238
	13.520000	0.011726
	13.540000	0.016512
	13.560000	0.019371
	13.580000	0.022751
	13.600000	0.022582
	13.620000	0.025343
	13.640000	0.027186
	13.660000	0.029882
	13.680000	0.028163
	13.700000	0.031119
	13.720000	0.028977
	13.740000	0.032181
	13.760000	0.027407
	13.780000	0.030833
	13.800000	0.025642
	13.820000	0.027108
	13.840000	0.022380
	13.860000	0.027935
	13.880000	0.021383
	13.900000	0.024386
	13.920000	0.019547
	13.940000	0.025812
	13.960000	0.023988
	13.980000	0.027648
	14.000000	0.026287
	14.020000	0.029185
	14.040000	0.027492
	14.060000	0.032500
	14.080000	0.030540
	14.100000	0.032220
	14.120000	0.031301
	14.140000	0.033184
	14.160000	0.034336
	14.180000	0.034636
	14.200000	0.034759
	14.220000	0.034414
	14.240000	0.038302
	14.260000	0.035938
	14.280000	0.035593
	14.300000	0.032689
	14.320000	0.034662
	14.340000	0.031008
	14.360000	0.031236
	14.380000	0.025955
	14.400000	0.024021
	14.420000	0.015750
	14.440000	0.017066
	14.460000	0.004654
	14.480000	0.003006
	14.500000	-0.004451
	14.520000	0.001775
	14.540000	-0.002041
	14.560000	0.003475
	14.580000	-0.000159
	14.600000	0.006340
	14.620000	0.004185
	14.640000	0.009954
	14.660000	0.007564
	14.680000	0.012058
	14.700000	0.010059
	14.720000	0.014643
	14.740000	0.014226
	14.760000	0.019527
	14.780000	0.017841
	14.800000	0.021247
	14.820000	0.023461
	14.840000	0.028117
	14.860000	0.027681
	14.880000	0.030637
	14.900000	0.032663
	14.920000	0.033659
	14.940000	0.034636
	14.960000	0.032650
	14.980000	0.033698
	15.000000	0.033809
	15.020000	0.033594
	15.040000	0.029504
	15.060000	0.030064
	15.080000	0.027179
	15.100000	0.028885
	15.120000	0.025493
	15.140000	0.026880
	15.160000	0.020810
	15.180000	0.022699
	15.200000	0.018258
	15.220000	0.021833
	15.240000	0.014539
	15.260000	0.016271
	15.280000	0.011563
	15.300000	0.013894
	15.320000	0.009505
	15.340000	0.014923
	15.360000	0.013028
	15.380000	0.014760
	15.400000	0.014480
	15.420000	0.020127
	15.440000	0.022998
	15.460000	0.028495
	15.480000	0.035352
	15.500000	0.051131
	15.520000	0.066474
	15.540000	0.081445
	15.560000	0.093682
	15.580000	0.107553
	15.600000	0.121574
	15.620000	0.133146
	15.640000	0.146359
	15.660000	0.156785
	15.680000	0.166599
	15.700000	0.174420
	15.720000	0.184918
	15.740000	0.185817
	15.760000	0.188767
	15.780000	0.187236
	15.800000	0.193123
	15.820000	0.190134
	15.840000	0.194133
	15.860000	0.193735
	15.880000	0.199134
	15.900000	0.197220
	15.920000	0.206460
	15.940000	0.205002
	15.960000	0.208297
	15.980000	0.200326
	16.000000	0.203992
	16.020000	0.198750
	16.040000	0.201778
	16.060000	0.195084
	16.080000	0.198118
	16.100000	0.196764
	16.120000	0.198105
	16.140000	0.193677
	16.160000	0.196731
	16.180000	0.196907
	16.200000	0.196666
	16.220000	0.186383
	16.240000	0.181343
	16.260000	0.173033
	16.280000	0.166182
	16.300000	0.170839
	16.320000	0.172688
	16.340000	0.165987
	16.360000	0.153803
	16.380000	0.151615
	16.400000	0.152162
	16.420000	0.149420
	16.440000	0.130600
	16.460000	0.155476
	16.480000	0.218345
	16.500000	0.313703
	16.520000	0.403103
	16.540000	0.495537
	16.560000	0.579193
	16.580000	0.666509
	16.600000	0.744733
	16.620000	0.822939
	16.640000	0.884746
	16.660000	0.963798
	16.680000	1.020356
	16.700000	1.072187
	16.720000	1.110309
	16.740000	1.150737
	16.760000	1.178147
	16.780000	1.205987
	16.800000	1.237174
	16.820000	1.259979
	16.840000	1.284068
	16.860000	1.313998
	16.880000	1.331483
	16.900000	1.350675
	16.920000	1.370251
	16.940000	1.378847
	16.960000	1.398312
	16.980000	1.392490
	17.000000	1.380065
	17.020000	1.370094
	17.040000	1.356920
	17.060000	1.349379
	17.080000	1.334004
	17.100000	1.316447
	17.120000	1.291368
	17.140000	1.269324
	17.160000	1.270028
	17.180000	1.263926
	17.200000	1.249371
	17.220000	1.207960
	17.240000	1.147937
	17.260000	1.063324
	17.280000	1.031850
	17.300000	1.021887
	17.320000	1.019034
	17.340000	0.960906
	17.360000	0.893290
	17.380000	0.829789
	17.400000	0.800563
	17.420000	0.738990
	17.440000	0.557560
	17.460000	0.559969
	17.480000	0.780850
	17.500000	1.120364
	17.520000	1.469659
	17.540000	1.773233
	17.560000	2.066445
	17.580000	2.371998
	17.600000	2.640919
	17.620000	2.906526
	17.640000	3.170368
	17.660000	3.412733
	17.680000	3.622960
	17.700000	3.803055
	17.720000	3.959967
	17.740000	4.104271
	17.760000	4.209730
	17.780000	4.302333
	17.800000	4.393250
	17.820000	4.488153
	17.840000	4.603771
	17.860000	4.663455
	17.880000	4.762154
	17.900000	4.876098
	17.920000	4.931016
	17.940000	4.986473
	17.960000	5.013994
	17.980000	4.984774
	18.000000	4.951620
	18.020000	4.915627
	18.040000	4.881295
	18.060000	4.861706
	18.080000	4.837656
	18.100000	4.783631
	18.120000	4.683714
	18.140000	4.578575
	18.160000	4.512854
	18.180000	4.517210
	18.200000	4.467704
	18.220000	4.324983
	18.240000	4.075416
	18.260000	3.776036
	18.280000	3.571905
	18.300000	3.568388
	18.320000	3.550994
	18.340000	3.275651
	18.360000	2.923061
	18.380000	2.647275
	18.400000	2.355424
	18.420000	1.892660
	18.440000	0.862845
	18.460000	0.309627
	18.480000	0.094327
	18.500000	0.040718
	18.520000	0.023220
	18.540000	0.012918
	18.560000	0.009603
	18.580000	0.003078
	18.600000	0.001840
	18.620000	-0.002406
	18.640000	0.000759
	18.660000	-0.002894
	18.680000	-0.000667
	18.700000	-0.002816
	18.720000	-0.000465
	18.740000	-0.002998
	18.760000	0.000759
	18.780000	-0.002308
	18.800000	-0.000146
	18.820000	-0.000778
	18.840000	0.002218
	18.860000	0.002602
	18.880000	0.003260
	18.900000	0.004947
	18.920000	0.007050
	18.940000	0.010671
	18.960000	0.010554
	18.980000	0.012436
	19.000000	0.013002
	19.020000	0.015828
	19.040000	0.015373
	19.060000	0.017430
	19.080000	0.014298
	19.100000	0.015080
	19.120000	0.012976
	19.140000	0.014910
	19.160000	0.010274
	19.180000	0.011902
	19.200000	0.007337
	19.220000	0.008821
	19.240000	0.003664
	19.260000	0.005077
	19.280000	-0.001247
	19.300000	0.000701
	19.320000	-0.005805
	19.340000	-0.001787
	19.360000	-0.006300
	19.380000	-0.002627
	19.400000	-0.009042
	19.420000	-0.004802
	19.440000	-0.008032
	19.460000	-0.004307
	19.480000	-0.007681
	19.500000	-0.003343
	19.520000	-0.003233
	19.540000	0.001703
	19.560000	0.001677
	19.580000	0.005565
	19.600000	0.006926
	19.620000	0.010124
	19.640000	0.011622
	19.660000	0.014943
	19.680000	0.015067
	19.700000	0.016024
	19.720000	0.018831
	19.740000	0.019996
	19.760000	0.019286
	19.780000	0.016402
	19.800000	0.017671
	19.820000	0.015522
	19.840000	0.017606
	19.860000	0.011387
	19.880000	0.014357
	19.900000	0.009473
	19.920000	0.013237
	19.940000	0.007623
	19.960000	0.011420
	19.980000	0.004432
	20.000000	0.007063
	20.020000	0.003078
	20.040000	0.006366
	20.060000	6.241584E-5
	20.080000	0.002850
	20.100000	0.000427
	20.120000	0.003742
	20.140000	0.003605
	20.160000	0.006197
	20.180000	0.006972
	20.200000	0.009017
	20.220000	0.008580
	20.240000	0.011928
	20.260000	0.014031
	20.280000	0.016174
	20.300000	0.015698
	20.320000	0.015249
	20.340000	0.015757
	20.360000	0.014253
	20.380000	0.014311
	20.400000	0.009733
	20.420000	0.008724
	20.440000	0.004243
	20.460000	0.005591
	20.480000	0.002491
	20.500000	0.003592
	20.520000	-0.001969
	20.540000	0.001111
	20.560000	-0.002979
	20.580000	-0.001188
	20.600000	-0.008618
	20.620000	-0.005773
	20.640000	-0.010071
	20.660000	-0.007629
	20.680000	-0.012649
	20.700000	-0.009784
	20.720000	-0.013196
	20.740000	-0.008905
	20.760000	-0.010201
	20.780000	-0.007218
	20.800000	-0.009061
	20.820000	-0.005922
	20.840000	-0.004561
	20.860000	-0.002549
	20.880000	-0.002315
	20.900000	-0.001637
	20.920000	0.000290
	20.940000	0.002211
	20.960000	0.003019
	20.980000	0.002114
	21.000000	0.004907
	21.020000	0.005038
	21.040000	0.007955
	21.060000	0.005578
	21.080000	0.008365
	21.100000	0.005363
	21.120000	0.007910
	21.140000	0.004588
	21.160000	0.007076
	21.180000	0.000746
	21.200000	0.002537
	21.220000	-0.003005
	21.240000	0.000362
	21.260000	-0.007173
	21.280000	-0.003923
	21.300000	-0.009758
	21.320000	-0.005239
	21.340000	-0.009524
	21.360000	-0.006652
	21.380000	-0.011210
	21.400000	-0.006066
	21.420000	-0.010090
	21.440000	-0.004939
	21.460000	-0.008397
	21.480000	-0.004887
	21.500000	-0.007355
	21.520000	-0.001624
	21.540000	-0.003011
	21.560000	-0.000433
	21.580000	-0.000980
	21.600000	0.002915
	21.620000	0.004360
	21.640000	0.005676
	21.660000	0.007812
	21.680000	0.007903
	21.700000	0.010866
	21.720000	0.010098
	21.740000	0.012214
	21.760000	0.009518
	21.780000	0.011166
	21.800000	0.008385
	21.820000	0.010046
	21.840000	0.006685
	21.860000	0.007714
	21.880000	0.002140
	21.900000	0.005481
	21.920000	0.000199
	21.940000	0.001853
	21.960000	-0.004737
	21.980000	-0.000393
	22.000000	-0.005864
	22.020000	-0.002516
	22.040000	-0.008338
	22.060000	-0.005291
	22.080000	-0.009940
	22.100000	-0.004574
	22.120000	-0.008762
	22.140000	-0.005786
	22.160000	-0.008592
	22.180000	-0.004691
	22.200000	-0.005668
	22.220000	-0.002269
	22.240000	-0.003890
	22.260000	-0.001312
	22.280000	-5.480391E-5
	22.300000	0.002785
	22.320000	0.002576
	22.340000	0.004471
	22.360000	0.006229
	22.380000	0.006229
	22.400000	0.007499
	22.420000	0.007135
	22.440000	0.006711
	22.460000	0.004777
	22.480000	0.006822
	22.500000	0.004354
	22.520000	0.005188
	22.540000	0.000355
	22.560000	0.002882
	22.580000	-0.004737
	22.600000	-0.001728
	22.620000	-0.005232
	22.640000	-0.003487
	22.660000	-0.008736
	22.680000	-0.006417
	22.700000	-0.010233
	22.720000	-0.006736
	22.740000	-0.010872
	22.760000	-0.008514
	22.780000	-0.011874
	22.800000	-0.007746
	22.820000	-0.008403
	22.840000	-0.004874
	22.860000	-0.005610
	22.880000	-0.002881
	22.900000	-0.001579
	22.920000	0.001873
	22.940000	0.003833
	22.960000	0.003950
	22.980000	0.004302
	23.000000	0.005318
	23.020000	0.007942
	23.040000	0.006477
	23.060000	0.007213
	23.080000	0.005370
	23.100000	0.008105
	23.120000	0.005989
	23.140000	0.007447
	23.160000	0.003312
	23.180000	0.006373
	23.200000	0.001482
	23.220000	0.005702
	23.240000	-0.000159
	23.260000	0.001821
	23.280000	-0.005284
	23.300000	-0.001702
	23.320000	-0.007055
	23.340000	-0.005284
	23.360000	-0.012213
	23.380000	-0.006841
	23.400000	-0.011406
	23.420000	-0.007081
	23.440000	-0.011080
	23.460000	-0.006912
	23.480000	-0.009263
	23.500000	-0.004952
	23.520000	-0.005479
	23.540000	-0.003031
	23.560000	-0.004503
	23.580000	-0.001266
	23.600000	0.000115
	23.620000	0.001150
	23.640000	0.000811
	23.660000	0.001684
	23.680000	0.004940
	23.700000	0.005572
	23.720000	0.007955
	23.740000	0.005741
	23.760000	0.009251
	23.780000	0.007551
	23.800000	0.010873
	23.820000	0.006731
	23.840000	0.008821
	23.860000	0.003377
	23.880000	0.007441
	23.900000	0.001007
	23.920000	0.003455
	23.940000	-0.005838
	23.960000	-0.000927
	23.980000	-0.006450
	24.000000	-0.001846
	24.020000	-0.009211
	24.040000	-0.004444
	24.060000	-0.009022
	24.080000	-0.003669
	24.100000	-0.010572
	24.120000	-0.006046
	24.140000	-0.009947
	24.160000	-0.005961
	24.180000	-0.008390
	24.200000	-0.004919
	24.220000	-0.007811
	24.240000	-0.004848
	24.260000	-0.004711
	24.280000	-0.000257
	24.300000	-0.000934
	24.320000	0.001775
	24.340000	0.002817
	24.360000	0.005012
	24.380000	0.007004
	24.400000	0.006347
	24.420000	0.007428
	24.440000	0.007109
	24.460000	0.009310
	24.480000	0.007773
	24.500000	0.009206
	24.520000	0.005871
	24.540000	0.008352
	24.560000	0.003807
	24.580000	0.007805
	24.600000	0.001404
	24.620000	0.004680
	24.640000	-4.829170E-5
	24.660000	0.003970
	24.680000	-0.003532
	24.700000	-2.875508E-5
	24.720000	-0.006339
	24.740000	-0.001481
	24.760000	-0.007629
	24.780000	-0.002972
	24.800000	-0.008807
	24.820000	-0.004001
	24.840000	-0.007609
	24.860000	-0.002367
	24.880000	-0.005792
	24.900000	-0.002744
	24.920000	-0.003708
	24.940000	0.000935
	24.960000	0.000199
	24.980000	0.002687
	25.000000	0.002387
	25.020000	0.005656
	25.040000	0.007994
	25.060000	0.010521
	25.080000	0.010293
	25.100000	0.011270
	25.120000	0.010619
	25.140000	0.009290
	25.160000	0.011511
	25.180000	0.009251
	25.200000	0.008216
	25.220000	0.004426
	25.240000	0.006842
	25.260000	0.004562
	25.280000	0.003866
	25.300000	-0.000433
	25.320000	0.001404
	25.340000	-0.003018
	25.360000	-0.001273
	25.380000	-0.007479
	25.400000	-0.005336
	25.420000	-0.010123
	25.440000	-0.005688
	25.460000	-0.008371
	25.480000	-0.003461
	25.500000	-0.006398
	25.520000	-0.001279
	25.540000	-0.002256
	25.560000	0.003722
	25.580000	0.002244
	25.600000	0.008405
	25.620000	0.008737
	25.640000	0.013491
	25.660000	0.013686
	25.680000	0.016135
	25.700000	0.016883
	25.720000	0.019423
	25.740000	0.021826
	25.760000	0.023194
	25.780000	0.023982
	25.800000	0.025089
	25.820000	0.027791
	25.840000	0.026821
	25.860000	0.029400
	25.880000	0.027576
	25.900000	0.029947
	25.920000	0.029113
	25.940000	0.028084
	25.960000	0.022432
	25.980000	0.022067
	26.000000	0.016428
	26.020000	0.019032
	26.040000	0.013478
	26.060000	0.017489
	26.080000	0.010495
	26.100000	0.012826
	26.120000	0.010104
	26.140000	0.015366
	26.160000	0.011335
	26.180000	0.014487
	26.200000	0.009160
	26.220000	0.013171
	26.240000	0.011159
	26.260000	0.012611
	26.280000	0.009199
	26.300000	0.011556
	26.320000	0.010059
	26.340000	0.012455
	26.360000	0.012208
	26.380000	0.010078
	26.400000	0.008841
	26.420000	0.010130
	26.440000	0.013445
	26.460000	0.014129
	26.480000	0.017489
	26.500000	0.019189
	26.520000	0.024229
	26.540000	0.022497
	26.560000	0.023220
	26.580000	0.021729
	26.600000	0.026346
	26.620000	0.023786
	26.640000	0.027616
	26.660000	0.024483
	26.680000	0.029830
	26.700000	0.026841
	26.720000	0.031308
	26.740000	0.027127
	26.760000	0.030787
	26.780000	0.025519
	26.800000	0.032493
	26.820000	0.030644
	26.840000	0.033750
	26.860000	0.030116
	26.880000	0.036765
	26.900000	0.034994
	26.920000	0.035945
	26.940000	0.035567
	26.960000	0.039865
	26.980000	0.039227
	27.000000	0.044065
	27.020000	0.044971
	27.040000	0.046683
	27.060000	0.045752
	27.080000	0.048416
	27.100000	0.050753
	27.120000	0.050578
	27.140000	0.049646
	27.160000	0.048285
	27.180000	0.049275
	27.200000	0.047484
	27.220000	0.044020
	27.240000	0.041434
	27.260000	0.044189
	27.280000	0.039559
	27.300000	0.038133
	27.320000	0.030885
	27.340000	0.034877
	27.360000	0.028755
	27.380000	0.031113
	27.400000	0.025493
	27.420000	0.036427
	27.440000	0.046761
	27.460000	0.069912
	27.480000	0.083341
	27.500000	0.104141
	27.520000	0.115257
	27.540000	0.137242
	27.560000	0.152910
	27.580000	0.166612
	27.600000	0.186780
	27.620000	0.208466
	27.640000	0.224682
	27.660000	0.241503
	27.680000	0.257685
	27.700000	0.277196
	27.720000	0.287759
	27.740000	0.302476
	27.760000	0.316217
	27.780000	0.327444
	27.800000	0.340456
	27.820000	0.351455
	27.840000	0.361763
	27.860000	0.373583
	27.880000	0.382108
	27.900000	0.385598
	27.920000	0.381951
	27.940000	0.384836
	27.960000	0.385553
	27.980000	0.385728
	28.000000	0.381717
	28.020000	0.381268
	28.040000	0.374606
	28.060000	0.366166
	28.080000	0.361672
	28.100000	0.356163
	28.120000	0.359009
	28.140000	0.347717
	28.160000	0.334686
	28.180000	0.307699
	28.200000	0.286124
	28.220000	0.269062
	28.240000	0.268157
	28.260000	0.250782
	28.280000	0.221093
	28.300000	0.196034
	28.320000	0.179910
	28.340000	0.154838
	28.360000	0.101894
	28.380000	0.046892
	28.400000	0.020986
	28.420000	0.009798
	28.440000	0.010326
	28.460000	0.010658
	28.480000	0.013204
	28.500000	0.015646
	28.520000	0.019762
	28.540000	0.022569
	28.560000	0.021781
	28.580000	0.026326
	28.600000	0.026300
	28.620000	0.030396
	28.640000	0.028176
	28.660000	0.031393
	28.680000	0.028137
	28.700000	0.032982
	28.720000	0.029732
	28.740000	0.034994
	28.760000	0.028117
	28.780000	0.031764
	28.800000	0.028228
	28.820000	0.035007
	28.840000	0.030214
	28.860000	0.034004
	28.880000	0.028879
	28.900000	0.036707
	28.920000	0.030800
	28.940000	0.036791
	28.960000	0.032389
	28.980000	0.037768
	29.000000	0.033796
	29.020000	0.039637
	29.040000	0.035547
	29.060000	0.040223
	29.080000	0.039924
	29.100000	0.045081
	29.120000	0.043343
	29.140000	0.046403
	29.160000	0.044560
	29.180000	0.044371
	29.200000	0.044124
	29.220000	0.040751
	29.240000	0.039500
	29.260000	0.039240
	29.280000	0.039175
	29.300000	0.032806
	29.320000	0.031008
	29.340000	0.025564
	29.360000	0.023051
	29.380000	0.016577
	29.400000	0.012748
	29.420000	0.003839
	29.440000	0.002504
	29.460000	-0.000843
	29.480000	0.001183
	29.500000	-0.004262
	29.520000	-0.001956
	29.540000	-0.006365
	29.560000	-0.002673
	29.580000	-0.006580
	29.600000	-0.003506
	29.620000	-0.006756
	29.640000	-0.001820
	29.660000	-0.002595
	29.680000	8.195247E-5
	29.700000	-0.000302
	29.720000	0.002472
	29.740000	0.002680
	29.760000	0.005266
	29.780000	0.006711
	29.800000	0.007890
	29.820000	0.008743
	29.840000	0.010423
	29.860000	0.013165
	29.880000	0.012677
	29.900000	0.014239
	29.920000	0.014630
	29.940000	0.017880
	29.960000	0.017320
	29.980000	0.018245
	30.000000	0.014826
	30.020000	0.017509
	30.040000	0.013679
	30.060000	0.015802
	30.080000	0.008834
	30.100000	0.010039
	30.120000	0.004263
	30.140000	0.007441
	30.160000	0.001534
	30.180000	0.003690
	30.200000	-0.001969
	30.220000	0.002902
	30.240000	-0.002412
	30.260000	0.001196
	30.280000	-0.005857
	30.300000	-0.001611
	30.320000	-0.005037
	30.340000	-0.001566
	30.360000	-0.006997
	30.380000	-0.003304
	30.400000	-0.006534
	30.420000	-0.003773
	30.440000	-0.002490
	30.460000	0.001020
	30.480000	0.000460
	30.500000	0.003410
	30.520000	0.005878
	30.540000	0.007949
	30.560000	0.009687
	30.580000	0.008483
	30.600000	0.011368
	30.620000	0.010332
	30.640000	0.011387
	30.660000	0.008411
	30.680000	0.009681
	30.700000	0.005917
	30.720000	0.007805
	30.740000	0.004764
	30.760000	0.006451
	30.780000	0.000316
	30.800000	0.003364
	30.820000	0.000766
	30.840000	0.002550
	30.860000	-0.001982
	30.880000	-0.000817
	30.900000	-0.004711
	30.920000	-0.001553
	30.940000	-0.006287
	30.960000	-0.004301
	30.980000	-0.008260
	31.000000	-0.004021
	31.020000	-0.005506
	31.040000	-0.002510
	31.060000	-0.003988
	31.080000	-0.001461
	31.100000	-0.000198
	31.120000	0.003514
	31.140000	0.003820
	31.160000	0.004250
	31.180000	0.005826
	31.200000	0.008743
	31.220000	0.008489
	31.240000	0.007239
	31.260000	0.008411
	31.280000	0.009362
	31.300000	0.011368
	31.320000	0.009954
	31.340000	0.011205
	31.360000	0.009896
	31.380000	0.012605
	31.400000	0.010319
	31.420000	0.014415
	31.440000	0.013399
	31.460000	0.019788
	31.480000	0.018993
	31.500000	0.024776
	31.520000	0.021064
	31.540000	0.023949
	31.560000	0.024613
	31.580000	0.033359
	31.600000	0.031568
	31.620000	0.037000
	31.640000	0.036160
	31.660000	0.044612
	31.680000	0.045016
	31.700000	0.050239
	31.720000	0.049262
	31.740000	0.058041
	31.760000	0.059363
	31.780000	0.067737
	31.800000	0.069509
	31.820000	0.073527
	31.840000	0.075832
	31.860000	0.078248
	31.880000	0.081419
	31.900000	0.084343
	31.920000	0.082885
	31.940000	0.086772
	31.960000	0.089833
	31.980000	0.088817
	32.000000	0.090478
	32.020000	0.088472
	32.040000	0.088954
	32.060000	0.085841
	32.080000	0.088407
	32.100000	0.081022
	32.120000	0.081419
	32.140000	0.074849
	32.160000	0.071886
	32.180000	0.059760
	32.200000	0.061922
	32.220000	0.053515
	32.240000	0.054758
	32.260000	0.039188
	32.280000	0.037026
	32.300000	0.025063
	32.320000	0.028084
	32.340000	0.012240
	32.360000	0.004816
	32.380000	-0.007055
	32.400000	-0.003832
	32.420000	-0.008410
	32.440000	-0.004118
	32.460000	-0.005492
	32.480000	-0.004418
	32.500000	-0.002738
	32.520000	-0.000563
	32.540000	0.000141
	32.560000	0.003742
	32.580000	0.002465
	32.600000	0.005129
	32.620000	0.007402
	32.640000	0.008046
	32.660000	0.008470
	32.680000	0.008059
	32.700000	0.009902
	32.720000	0.007506
	32.740000	0.009316
	32.760000	0.004536
	32.780000	0.004419
	32.800000	0.000101
	32.820000	0.003149
	32.840000	-0.004867
	32.860000	-0.000993
	32.880000	-0.006502
	32.900000	-0.004893
	32.920000	-0.008169
	32.940000	-0.004171
	32.960000	-0.008169
	32.980000	-0.004887
	33.000000	-0.009778
	33.020000	-0.005759
	33.040000	-0.008221
	33.060000	-0.005414
	33.080000	-0.007615
	33.100000	-0.005199
	33.120000	-0.004366
	33.140000	-0.000830
	33.160000	-0.001077
	33.180000	0.001482
	33.200000	0.002830
	33.220000	0.005956
	33.240000	0.008105
	33.260000	0.006640
	33.280000	0.007610
	33.300000	0.007975
	33.320000	0.009557
	33.340000	0.006594
	33.360000	0.007604
	33.380000	0.004784
	33.400000	0.006750
	33.420000	0.003989
	33.440000	0.005891
	33.460000	0.001573
	33.480000	0.004458
	33.500000	0.000655
	33.520000	0.002700
	33.540000	-0.002302
	33.560000	-0.000192
	33.580000	-0.006053
	33.600000	-0.002627
	33.620000	-0.007342
	33.640000	-0.006183
	33.660000	-0.009836
	33.680000	-0.005388
	33.700000	-0.006775
	33.720000	-0.005108
	33.740000	-0.005961
	33.760000	-0.001878
	33.780000	-0.001123
	33.800000	0.001026
	33.820000	0.002296
	33.840000	0.002824
	33.860000	0.005396
	33.880000	0.005793
	33.900000	0.007395
	33.920000	0.007044
	33.940000	0.008782
	33.960000	0.008632
	33.980000	0.013412
	34.000000	0.011068
	34.020000	0.012442
	34.040000	0.010111
	34.060000	0.015672
	34.080000	0.011504
	34.100000	0.012800
	34.120000	0.007154
	34.140000	0.010625
	34.160000	0.003892
	34.180000	0.006620
	34.200000	-0.002184
	34.220000	0.001827
	34.240000	-0.004802
	34.260000	-0.001807
	34.280000	-0.007674
	34.300000	-0.003910
	34.320000	-0.009426
	34.340000	-0.005883
	34.360000	-0.008853
	34.380000	-0.006424
	34.400000	-0.010728
	34.420000	-0.007029
	34.440000	-0.007954
	34.460000	-0.005291
	34.480000	-0.007329
	34.500000	-0.005577
	34.520000	-0.004385
	34.540000	-0.002204
	34.560000	-0.000869
	34.580000	3.805966E-6
	34.600000	0.003221
	34.620000	0.004751
	34.640000	0.007070
	34.660000	0.006236
	34.680000	0.008737
	34.700000	0.006705
	34.720000	0.009622
	34.740000	0.007564
	34.760000	0.008763
	34.780000	0.004373
	34.800000	0.006503
	34.820000	0.003794
	34.840000	0.005194
	34.860000	-0.001025
	34.880000	0.001743
	34.900000	-0.002126
	34.920000	0.000981
	34.940000	-0.005258
	34.960000	-0.003467
	34.980000	-0.008228
	35.000000	-0.003812
	35.020000	-0.009556
	35.040000	-0.005896
	35.060000	-0.010846
	35.080000	-0.007134
	35.100000	-0.009530
	35.120000	-0.005317
	35.140000	-0.005310
	35.160000	-0.004184
	35.180000	-0.003584
	35.200000	-0.000296
	35.220000	0.001319
	35.240000	0.002544
	35.260000	0.002986
	35.280000	0.004777
	35.300000	0.007981
	35.320000	0.007721
	35.340000	0.010723
	35.360000	0.008717
	35.380000	0.009570
	35.400000	0.006295
	35.420000	0.008704
	35.440000	0.005481
	35.460000	0.005591
	35.480000	0.000212
	35.500000	0.004217
	35.520000	-0.001084
	35.540000	0.002745
	35.560000	-0.004157
	35.580000	-0.000276
	35.600000	-0.005473
	35.620000	-0.001917
	35.640000	-0.006541
	35.660000	-0.003024
	35.680000	-0.007576
	35.700000	-0.004366
	35.720000	-0.007446
	35.740000	-0.005017
	35.760000	-0.008078
	35.780000	-0.002432
	35.800000	-0.003474
	35.820000	0.000544
	35.840000	-0.001240
	35.860000	0.003475
	35.880000	0.004680
	35.900000	0.008059
	35.920000	0.007382
	35.940000	0.009303
	35.960000	0.008997
	35.980000	0.011478
	36.000000	0.011035
	36.020000	0.010768
	36.040000	0.011791
	36.060000	0.010280
	36.080000	0.011830
	36.100000	0.011270
	36.120000	0.011472
	36.140000	0.007122
	36.160000	0.010072
	36.180000	0.006470
	36.200000	0.006770
	36.220000	0.000238
	36.240000	0.003025
	36.260000	-0.003409
	36.280000	-0.001045
	36.300000	-0.007668
	36.320000	-0.004796
	36.340000	-0.010989
	36.360000	-0.006521
	36.380000	-0.010943
	36.400000	-0.007850
	36.420000	-0.010227
	36.440000	-0.006059
	36.460000	-0.006919
	36.480000	-0.003226
	36.500000	-0.005095
	36.520000	-0.002536
	36.540000	-0.001728
	36.560000	0.000147
	36.580000	-2.706242E-6
	36.600000	0.000421
	36.620000	0.003234
	36.640000	0.005533
	36.660000	0.006620
	36.680000	0.007363
	36.700000	0.009049
	36.720000	0.010020
	36.740000	0.012442
	36.760000	0.010658
	36.780000	0.011823
	36.800000	0.009030
	36.820000	0.009974
	36.840000	0.006816
	36.860000	0.006262
	36.880000	-0.000139
	36.900000	0.000264
	36.920000	-0.003917
	36.940000	-9.387716E-5
	36.960000	-0.004652
	36.980000	-0.002725
	37.000000	-0.007329
	37.020000	-0.003343
	37.040000	-0.006020
	37.060000	-0.003643
	37.080000	-0.007290
	37.100000	-0.004405
	37.120000	-0.006639
	37.140000	-0.003695
	37.160000	-0.005167
	37.180000	-0.003376
	37.200000	-0.003474
	37.220000	-0.000726
	37.240000	0.001254
	37.260000	0.002016
	37.280000	0.003507
	37.300000	0.005025
	37.320000	0.008027
	37.340000	0.006998
	37.360000	0.008255
	37.380000	0.006575
	37.400000	0.009466
	37.420000	0.007174
	37.440000	0.007831
	37.460000	0.004308
	37.480000	0.006386
	37.500000	0.003123
	37.520000	0.005989
	37.540000	0.001319
	37.560000	0.002947
	37.580000	-0.001390
	37.600000	0.002524
	37.620000	-0.002718
	37.640000	-0.001325
	37.660000	-0.006534
	37.680000	-0.002940
	37.700000	-0.006626
	37.720000	-0.003956
	37.740000	-0.008833
	37.760000	-0.005447
	37.780000	-0.006339
	37.800000	-0.003663
	37.820000	-0.005812
	37.840000	-0.001566
	37.860000	-0.001312
	37.880000	0.001391
	37.900000	0.002192
	37.920000	0.003742
	37.940000	0.005090
	37.960000	0.006998
	37.980000	0.009394
	38.000000	0.009160
	38.020000	0.009570
	38.040000	0.010248
	38.060000	0.013979
	38.080000	0.012273
	38.100000	0.013243
	38.120000	0.011114
	38.140000	0.014767
	38.160000	0.011003
	38.180000	0.012911
	38.200000	0.006672
	38.220000	0.009635
	38.240000	0.004803
	38.260000	0.007044
	38.280000	8.846468E-5
	38.300000	0.002433
	38.320000	-0.004014
	38.340000	-0.000778
	38.360000	-0.006404
	38.380000	-0.004184
	38.400000	-0.009595
	38.420000	-0.005434
	38.440000	-0.008097
	38.460000	-0.004978
	38.480000	-0.008820
	38.500000	-0.003591
	38.520000	-0.004079
	38.540000	0.000401
	38.560000	-0.002692
	38.580000	0.001463
	38.600000	0.003032
	38.620000	0.006353
	38.640000	0.005461
	38.660000	0.007936
	38.680000	0.009831
	38.700000	0.011999
	38.720000	0.014611
	38.740000	0.014897
	38.760000	0.016200
	38.780000	0.015796
	38.800000	0.018381
	38.820000	0.017971
	38.840000	0.020843
	38.860000	0.015307
	38.880000	0.019273
	38.900000	0.015802
	38.920000	0.017951
	38.940000	0.011342
	38.960000	0.013373
	38.980000	0.008053
	39.000000	0.012729
	39.020000	0.005962
	39.040000	0.008952
	39.060000	0.004054
	39.080000	0.009134
	39.100000	0.004328
	39.120000	0.007838
	39.140000	0.002778
	39.160000	0.007187
	39.180000	0.003618
	39.200000	0.007024
	39.220000	0.002876
	39.240000	0.004881
	39.260000	0.003996
	39.280000	0.006516
	39.300000	0.003416
	39.320000	0.004009
	39.340000	0.004725
	39.360000	0.007610
	39.380000	0.006659
	39.400000	0.005897
	39.420000	0.007200
	39.440000	0.007545
	39.460000	0.009857
	39.480000	0.009388
	39.500000	0.010065
	39.520000	0.008040
	39.540000	0.010221
	39.560000	0.006900
	39.580000	0.009153
	39.600000	0.003319
	39.620000	0.006750
	39.640000	0.003188
	39.660000	0.007037
	39.680000	-0.000498
	39.700000	0.003416
	39.720000	-0.001247
	39.740000	0.003605
	39.760000	-0.004171
	39.780000	-0.000686
	39.800000	-0.005271
	39.820000	-0.000745
	39.840000	-0.005154
	39.860000	-0.001247
	39.880000	-0.004464
	39.900000	-0.000660
	39.920000	-0.000797
	39.940000	0.003449
	39.960000	0.002101
	39.980000	0.006054
	40.000000	0.005969
	40.020000	0.009700
	40.040000	0.008535
	40.060000	0.009948
	40.080000	0.010449
	40.100000	0.012449
	40.120000	0.012071
	40.140000	0.011973
	40.160000	0.012820
	40.180000	0.012937
	40.200000	0.014637
	40.220000	0.011869
	40.240000	0.012794
	40.260000	0.010104
	40.280000	0.011068
	40.300000	0.006724
	40.320000	0.007591
	40.340000	0.000870
	40.360000	0.002433
	40.380000	-0.003135
	40.400000	-0.001461
	40.420000	-0.008345
	40.440000	-0.005519
	40.460000	-0.009862
	40.480000	-0.004939
	40.500000	-0.009354
	40.520000	-0.005473
	40.540000	-0.007674
	40.560000	-0.002236
	40.580000	-0.004268
	40.600000	0.000167
	40.620000	-0.001136
	40.640000	0.001905
	40.660000	0.001287
	40.680000	0.006842
	40.700000	0.005793
	40.720000	0.007584
	40.740000	0.009394
	40.760000	0.014096
	40.780000	0.015171
	40.800000	0.017697
	40.820000	0.018870
	40.840000	0.022367
	40.860000	0.024099
	40.880000	0.022386
	40.900000	0.024184
	40.920000	0.023051
	40.940000	0.024268
	40.960000	0.021155
	40.980000	0.022731
	41.000000	0.018329
	41.020000	0.019651
	41.040000	0.016389
	41.060000	0.019111
	41.080000	0.013360
	41.100000	0.015900
	41.120000	0.012690
	41.140000	0.015197
	41.160000	0.010827
	41.180000	0.010723
	41.200000	0.006829
	41.220000	0.010456
	41.240000	0.005357
	41.260000	0.007245
	41.280000	0.004836
	41.300000	0.006627
	41.320000	0.004829
	41.340000	0.006887
	41.360000	0.007148
	41.380000	0.006503
	41.400000	0.004764
	41.420000	0.006412
	41.440000	0.008059
	41.460000	0.007825
	41.480000	0.007734
	41.500000	0.007564
	41.520000	0.011192
	41.540000	0.009004
	41.560000	0.010684
	41.580000	0.008059
	41.600000	0.011309
	41.620000	0.007030
	41.640000	0.010801
	41.660000	0.004790
	41.680000	0.008737
	41.700000	0.003618
	41.720000	0.007721
	41.740000	0.001156
	41.760000	0.003664
	41.780000	-0.002477
	41.800000	0.003631
	41.820000	-0.002888
	41.840000	0.000342
	41.860000	-0.006118
	41.880000	0.001456
	41.900000	-0.002451
	41.920000	0.001358
	41.940000	-0.002868
	41.960000	0.002785
	41.980000	0.001235
	42.000000	0.006392
	42.020000	0.003657
	42.040000	0.007350
	42.060000	0.007649
	42.080000	0.010768
	42.100000	0.011400
	42.120000	0.012370
	42.140000	0.012195
	42.160000	0.014012
	42.180000	0.017424
	42.200000	0.014969
	42.220000	0.014715
	42.240000	0.014565
	42.260000	0.016076
	42.280000	0.013588
	42.300000	0.012624
	42.320000	0.008157
	42.340000	0.009466
	42.360000	0.005409
	42.380000	0.005943
	42.400000	-0.001194
	42.420000	0.000707
	42.440000	-0.005395
	42.460000	-0.002308
	42.480000	-0.007342
	42.500000	-0.004372
	42.520000	-0.009413
	42.540000	-0.003454
	42.560000	-0.006450
	42.580000	-0.003552
	42.600000	-0.006222
	42.620000	-0.000179
	42.640000	-0.001344
	42.660000	0.001912
	42.680000	0.000798
	42.700000	0.005044
	42.720000	0.005161
	42.740000	0.009134
	42.760000	0.009095
	42.780000	0.011674
	42.800000	0.013425
	42.820000	0.016330
	42.840000	0.018212
	42.860000	0.018668
	42.880000	0.021370
	42.900000	0.022080
	42.920000	0.024744
	42.940000	0.024132
	42.960000	0.025017
	42.980000	0.020602
	43.000000	0.023389
	43.020000	0.020289
	43.040000	0.020869
	43.060000	0.014441
	43.080000	0.016486
	43.100000	0.012664
	43.120000	0.014012
	43.140000	0.009844
	43.160000	0.010795
	43.180000	0.007558
	43.200000	0.010742
	43.220000	0.007070
	43.240000	0.008567
	43.260000	0.004934
	43.280000	0.005976
	43.300000	0.004960
	43.320000	0.004842
	43.340000	0.000811
	43.360000	0.002016
	43.380000	0.001990
	43.400000	0.002785
	43.420000	0.003918
	43.440000	0.005689
	43.460000	0.008261
	43.480000	0.014103
	43.500000	0.020706
	43.520000	0.026014
	43.540000	0.029322
	43.560000	0.033118
	43.580000	0.036505
	43.600000	0.039044
	43.620000	0.039715
	43.640000	0.040692
	43.660000	0.046846
	43.680000	0.044385
	43.700000	0.049145
	43.720000	0.044671
	43.740000	0.054700
	43.760000	0.053769
	43.780000	0.061622
	43.800000	0.059923
	43.820000	0.067431
	43.840000	0.066565
	43.860000	0.074419
	43.880000	0.072647
	43.900000	0.082598
	43.920000	0.080749
	43.940000	0.086102
	43.960000	0.085112
	43.980000	0.095740
	44.000000	0.095955
	44.020000	0.102415
	44.040000	0.098019
	44.060000	0.102610
	44.080000	0.104974
	44.100000	0.109363
	44.120000	0.107377
	44.140000	0.106107
	44.160000	0.098827
	44.180000	0.094698
	44.200000	0.092679
	44.220000	0.090595
	44.240000	0.079472
	44.260000	0.059428
	44.280000	0.051463
	44.300000	0.040620
	44.320000	0.033906
	44.340000	0.019703
	44.360000	0.011628
	44.380000	-0.000419
	44.400000	-0.000947
	44.420000	-0.005877
	44.440000	-0.004405
	44.460000	-0.007980
	44.480000	-0.006307
	44.500000	-0.007882
	44.520000	-0.005173
	44.540000	-0.005571
	44.560000	-0.003402
	44.580000	-0.005095
	44.600000	-0.003428
	44.620000	-0.001631
	44.640000	0.001287
	44.660000	0.002426
	44.680000	0.003332
	44.700000	0.005324
	44.720000	0.008294
	44.740000	0.011022
	44.760000	0.008965
	44.780000	0.011485
	44.800000	0.009831
	44.820000	0.012611
	44.840000	0.008320
	44.860000	0.010085
	44.880000	0.005428
	44.900000	0.008808
	44.920000	0.002986
	44.940000	0.005298
	44.960000	-0.000179
	44.980000	0.003481
	45.000000	-0.001637
	45.020000	0.002726
	45.040000	-0.003858
	45.060000	-0.000908
	45.080000	-0.005499
	45.100000	-0.000843
	45.120000	-0.006639
	45.140000	-0.003767
	45.160000	-0.006801
	45.180000	-0.003109
	45.200000	-0.005239
	45.220000	-0.002673
	45.240000	-0.004242
	45.260000	-0.000791
	45.280000	0.000134
	45.300000	0.003071
	45.320000	0.003468
	45.340000	0.004269
	45.360000	0.005832
	45.380000	0.008437
	45.400000	0.011055
	45.420000	0.008418
	45.440000	0.008470
	45.460000	0.007004
	45.480000	0.011088
	45.500000	0.007525
	45.520000	0.007962
	45.540000	0.004614
	45.560000	0.007421
	45.580000	0.003260
	45.600000	0.006060
	45.620000	-0.000686
	45.640000	0.002361
	45.660000	-0.002992
	45.680000	0.000655
	45.700000	-0.006482
	45.720000	-0.004529
	45.740000	-0.009361
	45.760000	-0.004991
	45.780000	-0.008879
	45.800000	-0.006554
	45.820000	-0.009934
	45.840000	-0.004978
	45.860000	-0.007427
	45.880000	-0.004001
	45.900000	-0.000465
	45.920000	0.001710
	45.940000	0.001756
	45.960000	0.003377
	45.980000	0.008125
	46.000000	0.009798
	46.020000	0.010501
	46.040000	0.010768
	46.060000	0.011075
	46.080000	0.007551
	46.100000	0.006444
	46.120000	0.000453
	46.140000	0.004256
	46.160000	-0.000849
	46.180000	0.001430
	46.200000	-0.004828
	46.220000	-0.000237
	46.240000	-0.004841
	46.260000	-0.002979
	46.280000	-0.007498
	46.300000	-0.004646
	46.320000	-0.009133
	46.340000	-0.004828
	46.360000	-0.007166
	46.380000	-0.003630
	46.400000	-0.007661
	46.420000	-0.001650
	46.440000	-0.002679
	46.460000	0.002218
	46.480000	0.002413
	46.500000	0.007102
	46.520000	0.006991
	46.540000	0.007584
	46.560000	0.008580
	46.580000	0.008886
	46.600000	0.011407
	46.620000	0.008541
	46.640000	0.009420
	46.660000	0.006718
	46.680000	0.009831
	46.700000	0.004497
	46.720000	0.005311
	46.740000	0.000499
	46.760000	0.003273
	46.780000	-0.002849
	46.800000	-0.000882
	46.820000	-0.007068
	46.840000	-0.002249
	46.860000	-0.008443
	46.880000	-0.003812
	46.900000	-0.010513
	46.920000	-0.005440
	46.940000	-0.009927
	46.960000	-0.005056
	46.980000	-0.009387
	47.000000	-0.006430
	47.020000	-0.008488
	47.040000	-0.003897
	47.060000	-0.005388
	47.080000	-0.003982
	47.100000	-0.003669
	47.120000	-4.177949E-5
	47.140000	0.001052
	47.160000	0.002518
	47.180000	0.003481
	47.200000	0.005461
	47.220000	0.008020
	47.240000	0.007903
	47.260000	0.008040
	47.280000	0.007258
	47.300000	0.008724
	47.320000	0.006926
	47.340000	0.007271
	47.360000	0.002798
	47.380000	0.004419
	47.400000	0.000655
	47.420000	0.003559
	47.440000	-0.001735
	47.460000	-0.000276
	47.480000	-0.003910
	47.500000	-0.000498
	47.520000	-0.005740
	47.540000	-0.004047
	47.560000	-0.009016
	47.580000	-0.004568
	47.600000	-0.009113
	47.620000	-0.007134
	47.640000	-0.011445
	47.660000	-0.006710
	47.680000	-0.008573
	47.700000	-0.005265
	47.720000	-0.007049
	47.740000	-0.002126
	47.760000	-0.002367
	47.780000	0.001293
	47.800000	0.001606
	47.820000	0.004178
	47.840000	0.004387
	47.860000	0.006536
	47.880000	0.008548
	47.900000	0.007317
	47.920000	0.008131
	47.940000	0.008248
	47.960000	0.011556
	47.980000	0.008170
	48.000000	0.010580
	48.020000	0.007551
	48.040000	0.011967
	48.060000	0.007376
	48.080000	0.010033
	48.100000	0.003950
	48.120000	0.008196
	48.140000	-0.001774
	48.160000	0.002088
	48.180000	-0.005082
	48.200000	-0.002490
	48.220000	-0.010038
	48.240000	-0.004607
	48.260000	-0.009725
	48.280000	-0.005636
	48.300000	-0.011764
	48.320000	-0.005310
	48.340000	-0.007707
	48.360000	-0.003663
	48.380000	-0.006320
	48.400000	-0.003363
	48.420000	-0.002569
	48.440000	-0.000211
	48.460000	-0.001162
	48.480000	0.000121
	48.500000	0.001534
	48.520000	0.002824
	48.540000	0.004654
	48.560000	0.004940
	48.580000	0.007356
	48.600000	0.007024
	48.620000	0.010391
	48.640000	0.008313
	48.660000	0.009818
	48.680000	0.006282
	48.700000	0.009420
	48.720000	0.004758
	48.740000	0.006718
	48.760000	-0.000439
	48.780000	0.003052
	48.800000	-0.003161
	48.820000	-0.000289
	48.840000	-0.007987
	48.860000	-0.002953
	48.880000	-0.008117
	48.900000	-0.003461
	48.920000	-0.009595
	48.940000	-0.005323
	48.960000	-0.010103
	48.980000	-0.003702
	49.000000	-0.009165
	49.020000	-0.005037
	49.040000	-0.006854
	49.060000	-0.003519
	49.080000	-0.003982
	49.100000	0.001573
	49.120000	-0.001305
	49.140000	0.001690
	49.160000	0.001873
	49.180000	0.006418
	49.200000	0.006744
	49.220000	0.007258
	49.240000	0.007454
	49.260000	0.008932
	49.280000	0.010202
	49.300000	0.008815
	49.320000	0.008913
	49.340000	0.006614
	49.360000	0.009557
	49.380000	0.006913
	49.400000	0.006620
	49.420000	4.939143E-5
	49.440000	-0.000700
	49.460000	-0.004789
	49.480000	-0.001090
	49.500000	-0.001227
	49.520000	0.001736
	49.540000	0.001658
	49.560000	0.003501
	49.580000	0.004061
	49.600000	0.005669
	49.620000	0.008118
	49.640000	0.007747
	49.660000	0.009173
	49.680000	0.008502
	49.700000	0.010547
	49.720000	0.008027
	49.740000	0.008991
	49.760000	0.003533
	49.780000	0.006887
	49.800000	0.000850
	49.820000	0.002667
	49.840000	-0.004587
	49.860000	-0.000426
	49.880000	-0.004945
	49.900000	-0.001702
	49.920000	-0.007153
	49.940000	-0.003767
	49.960000	-0.006828
	49.980000	-0.003370
	50.000000	-0.005069
